#         T/K            c1          c2-1          c3-4          c3-5          c3-7          c3-9            m1          m2-1          m3-1            w1            w2          w3-1          w3-2          c1m1        c1m2-1        c1m2-7        c2m1-1        c1w1-2        c1w2-1        c2w1-1        c2w1-9        m1w1-1        m1w1-4        m1w2-1        m2w1-1        m2w1-3      c1m1w1-1
 2.731500E+02  3.998555E-03  5.529078E-07  2.698971E-11  3.542464E-11  3.941273E-11  4.699478E-11  4.757492E-03  1.989263E-06  1.197028E-08  3.206894E-02  3.687877E-04  5.751376E-05  8.069794E-07  2.079927E-05  2.204176E-09  7.232601E-09  6.184138E-10  3.231831E-03  2.723591E-06  9.143604E-09  8.029052E-09  2.153942E-05  2.932096E-05  2.812306E-06  1.510633E-07  1.913237E-07  7.435207E-08
 2.741500E+02  4.017892E-03  5.504452E-07  2.630808E-11  3.454168E-11  3.843323E-11  4.584130E-11  4.735952E-03  1.931944E-06  1.098913E-08  3.197901E-02  3.595729E-04  5.316240E-05  7.749129E-07  2.035282E-05  2.063088E-09  6.791572E-09  5.922479E-10  3.177516E-03  2.569940E-06  8.830409E-09  7.747345E-09  2.097035E-05  2.854449E-05  2.594966E-06  1.390617E-07  1.761937E-07  6.983498E-08
 2.751500E+02  4.036737E-03  5.479122E-07  2.564197E-11  3.367842E-11  3.747550E-11  4.471295E-11  4.714654E-03  1.876728E-06  1.009518E-08  3.188882E-02  3.506365E-04  4.916502E-05  7.443003E-07  1.991761E-05  1.931870E-09  6.380062E-09  5.672845E-10  3.124159E-03  2.425682E-06  8.528547E-09  7.476099E-09  2.042009E-05  2.779377E-05  2.395755E-06  1.280922E-07  1.623594E-07  6.561656E-08
 2.761500E+02  4.055087E-03  5.453110E-07  2.499112E-11  3.283454E-11  3.653915E-11  4.360932E-11  4.693590E-03  1.823521E-06  9.280123E-09  3.179844E-02  3.419696E-04  4.549107E-05  7.150707E-07  1.949330E-05  1.809773E-09  5.995923E-09  5.434635E-10  3.071747E-03  2.290206E-06  8.237594E-09  7.214911E-09  1.988791E-05  2.706781E-05  2.213060E-06  1.180596E-07  1.497017E-07  6.167556E-08
 2.771500E+02  4.072945E-03  5.426437E-07  2.435524E-11  3.200969E-11  3.562383E-11  4.253002E-11  4.672755E-03  1.772236E-06  8.536465E-09  3.170790E-02  3.335635E-04  4.211274E-05  6.871567E-07  1.907957E-05  1.696111E-09  5.637174E-09  5.207281E-10  3.020265E-03  2.162941E-06  7.957143E-09  6.963394E-09  1.937313E-05  2.636568E-05  2.045417E-06  1.088781E-07  1.381136E-07  5.799233E-08
 2.781500E+02  4.090309E-03  5.399127E-07  2.373408E-11  3.120355E-11  3.472919E-11  4.147464E-11  4.652144E-03  1.722789E-06  7.857485E-09  3.161726E-02  3.254098E-04  3.900476E-05  6.604939E-07  1.867612E-05  1.590252E-09  5.301991E-09  4.990250E-10  2.969700E-03  2.043356E-06  7.686805E-09  6.721180E-09  1.887510E-05  2.568645E-05  1.891504E-06  1.004703E-07  1.274979E-07  5.454874E-08
 2.791500E+02  4.107182E-03  5.371204E-07  2.312737E-11  3.041583E-11  3.385490E-11  4.044284E-11  4.631751E-03  1.675101E-06  7.237136E-09  3.152654E-02  3.175001E-04  3.614411E-05  6.350215E-07  1.828265E-05  1.491617E-09  4.988693E-09  4.783035E-10  2.920040E-03  1.930955E-06  7.426205E-09  6.487914E-09  1.839317E-05  2.502927E-05  1.750118E-06  9.276643E-08  1.177672E-07  5.132799E-08
 2.801500E+02  4.123565E-03  5.342692E-07  2.253488E-11  2.964622E-11  3.300062E-11  3.943423E-11  4.611573E-03  1.629098E-06  6.669974E-09  3.143580E-02  3.098266E-04  3.350982E-05  6.106813E-07  1.789887E-05  1.399673E-09  4.695727E-09  4.585160E-10  2.871270E-03  1.825278E-06  7.174984E-09  6.263255E-09  1.792675E-05  2.439331E-05  1.620169E-06  8.570313E-08  1.088422E-07  4.831458E-08
 2.811500E+02  4.139462E-03  5.313618E-07  2.195636E-11  2.889443E-11  3.216603E-11  3.844848E-11  4.591604E-03  1.584707E-06  6.151096E-09  3.134506E-02  3.023813E-04  3.108282E-05  5.874183E-07  1.752452E-05  1.313927E-09  4.421661E-09  4.396171E-10  2.823377E-03  1.725894E-06  6.932796E-09  6.046877E-09  1.747526E-05  2.377776E-05  1.500667E-06  7.922330E-08  1.006515E-07  4.549412E-08
 2.821500E+02  4.154875E-03  5.284007E-07  2.139158E-11  2.816016E-11  3.135082E-11  3.748522E-11  4.571839E-03  1.541862E-06  5.676080E-09  3.125435E-02  2.951569E-04  2.884571E-05  5.651801E-07  1.715932E-05  1.233928E-09  4.165170E-09  4.215642E-10  2.776348E-03  1.632403E-06  6.699309E-09  5.838466E-09  1.703813E-05  2.318186E-05  1.390713E-06  7.327519E-08  9.313008E-08  4.285332E-08
 2.831500E+02  4.169808E-03  5.253886E-07  2.084029E-11  2.744313E-11  3.055468E-11  3.654410E-11  4.552276E-03  1.500497E-06  5.240939E-09  3.116370E-02  2.881460E-04  2.678264E-05  5.439171E-07  1.680304E-05  1.159259E-09  3.925033E-09  4.043167E-10  2.730170E-03  1.544430E-06  6.474203E-09  5.637722E-09  1.661484E-05  2.260488E-05  1.289491E-06  6.781197E-08  8.621923E-08  4.037985E-08
 2.841500E+02  4.184264E-03  5.223282E-07  2.030227E-11  2.674306E-11  2.977729E-11  3.562479E-11  4.532910E-03  1.460552E-06  4.842070E-09  3.107313E-02  2.813416E-04  2.487916E-05  5.235822E-07  1.645542E-05  1.089536E-09  3.700116E-09  3.878362E-10  2.684830E-03  1.461626E-06  6.257171E-09  5.444354E-09  1.620488E-05  2.204612E-05  1.196257E-06  6.279118E-08  7.986570E-08  3.806231E-08
 2.851500E+02  4.198249E-03  5.192220E-07  1.977728E-11  2.605966E-11  2.901834E-11  3.472694E-11  4.513738E-03  1.421968E-06  4.476221E-09  3.098268E-02  2.747368E-04  2.312207E-05  5.041305E-07  1.611624E-05  1.024406E-09  3.489374E-09  3.720863E-10  2.640314E-03  1.383666E-06  6.047917E-09  5.258084E-09  1.580774E-05  2.150490E-05  1.110337E-06  5.817432E-08  7.402119E-08  3.589009E-08
 2.861500E+02  4.211766E-03  5.160729E-07  1.926510E-11  2.539265E-11  2.827753E-11  3.385020E-11  4.494755E-03  1.384690E-06  4.140449E-09  3.089236E-02  2.683250E-04  2.149934E-05  4.855196E-07  1.578526E-05  9.635393E-10  3.291837E-09  3.570324E-10  2.596612E-03  1.310246E-06  5.846155E-09  5.078645E-09  1.542298E-05  2.098059E-05  1.031114E-06  5.392648E-08  6.864185E-08  3.385338E-08
 2.871500E+02  4.224821E-03  5.128834E-07  1.876549E-11  2.474175E-11  2.755454E-11  3.299423E-11  4.475958E-03  1.348664E-06  3.832091E-09  3.080219E-02  2.620999E-04  1.999998E-05  4.677092E-07  1.546227E-05  9.066358E-10  3.106607E-09  3.426417E-10  2.553708E-03  1.241082E-06  5.651611E-09  4.905779E-09  1.505012E-05  2.047255E-05  9.580287E-07  5.001594E-08  6.368787E-08  3.194307E-08
 2.881500E+02  4.237419E-03  5.096562E-07  1.827824E-11  2.410668E-11  2.684907E-11  3.215868E-11  4.457345E-03  1.313842E-06  3.548739E-09  3.071220E-02  2.560553E-04  1.861395E-05  4.506609E-07  1.514705E-05  8.534158E-10  2.932853E-09  3.288832E-10  2.511591E-03  1.175910E-06  5.464020E-09  4.739239E-09  1.468874E-05  1.998019E-05  8.905710E-07  4.641391E-08  5.912307E-08  3.015071E-08
 2.891500E+02  4.249566E-03  5.063939E-07  1.780309E-11  2.348716E-11  2.616081E-11  3.134321E-11  4.438911E-03  1.280174E-06  3.288207E-09  3.062239E-02  2.501852E-04  1.733208E-05  4.343386E-07  1.483941E-05  8.036216E-10  2.769802E-09  3.157271E-10  2.470248E-03  1.114481E-06  5.283128E-09  4.578786E-09  1.433843E-05  1.950296E-05  8.282755E-07  4.309421E-08  5.491454E-08  2.846844E-08
 2.901500E+02  4.261267E-03  5.030990E-07  1.733985E-11  2.288290E-11  2.548945E-11  3.054747E-11  4.420655E-03  1.247615E-06  3.048516E-09  3.053278E-02  2.444839E-04  1.614599E-05  4.187076E-07  1.453913E-05  7.570145E-10  2.616740E-09  3.031455E-10  2.429667E-03  1.056565E-06  5.108689E-09  4.424192E-09  1.399878E-05  1.904029E-05  7.707180E-07  4.003302E-08  5.103236E-08  2.688898E-08
 2.911500E+02  4.272528E-03  4.997742E-07  1.688826E-11  2.229363E-11  2.483468E-11  2.977111E-11  4.402572E-03  1.216121E-06  2.827870E-09  3.044339E-02  2.389458E-04  1.504800E-05  4.037354E-07  1.424604E-05  7.133738E-10  2.473001E-09  2.911115E-10  2.389835E-03  1.001946E-06  4.940467E-09  4.275235E-09  1.366942E-05  1.859167E-05  7.175112E-07  3.720867E-08  4.744927E-08  2.540554E-08
 2.921500E+02  4.283356E-03  4.964218E-07  1.644811E-11  2.171906E-11  2.419619E-11  2.901378E-11  4.384661E-03  1.185651E-06  2.624638E-09  3.035423E-02  2.335656E-04  1.403110E-05  3.893908E-07  1.395993E-05  6.724952E-10  2.337971E-09  2.795999E-10  2.350739E-03  9.504212E-07  4.778235E-09  4.131704E-09  1.334998E-05  1.815660E-05  6.683016E-07  3.460145E-08  4.414046E-08  2.401182E-08
 2.931500E+02  4.293756E-03  4.930443E-07  1.601918E-11  2.115891E-11  2.357368E-11  2.827514E-11  4.366918E-03  1.156165E-06  2.437337E-09  3.026532E-02  2.283381E-04  1.308886E-05  3.756444E-07  1.368063E-05  6.341896E-10  2.211075E-09  2.685864E-10  2.312368E-03  9.018027E-07  4.621771E-09  3.993394E-09  1.304010E-05  1.773458E-05  6.227665E-07  3.219337E-08  4.108331E-08  2.270198E-08
 2.941500E+02  4.303736E-03  4.896441E-07  1.560123E-11  2.061290E-11  2.296683E-11  2.755482E-11  4.349341E-03  1.127624E-06  2.264621E-09  3.017665E-02  2.232582E-04  1.221540E-05  3.624682E-07  1.340797E-05  5.982816E-10  2.091782E-09  2.580481E-10  2.274709E-03  8.559138E-07  4.470866E-09  3.860109E-09  1.273945E-05  1.732517E-05  5.806105E-07  2.996804E-08  3.825718E-08  2.147055E-08
 2.951500E+02  4.313301E-03  4.862236E-07  1.519405E-11  2.008075E-11  2.237534E-11  2.685249E-11  4.331927E-03  1.099993E-06  2.105266E-09  3.008825E-02  2.183212E-04  1.140532E-05  3.498357E-07  1.314176E-05  5.646086E-10  1.979597E-09  2.479632E-10  2.237750E-03  8.125892E-07  4.325315E-09  3.731660E-09  1.244770E-05  1.692790E-05  5.415640E-07  2.791053E-08  3.564326E-08  2.031246E-08
 2.961500E+02  4.322458E-03  4.827849E-07  1.479740E-11  1.956219E-11  2.179889E-11  2.616780E-11  4.314673E-03  1.073237E-06  1.958155E-09  3.000012E-02  2.135224E-04  1.065370E-05  3.377217E-07  1.288185E-05  5.330202E-10  1.874060E-09  2.383108E-10  2.201479E-03  7.716745E-07  4.184921E-09  3.607865E-09  1.216454E-05  1.654236E-05  5.053799E-07  2.600718E-08  3.322436E-08  1.922301E-08
 2.971500E+02  4.331214E-03  4.793304E-07  1.441107E-11  1.905693E-11  2.123719E-11  2.550038E-11  4.297578E-03  1.047323E-06  1.822275E-09  2.991228E-02  2.088574E-04  9.955988E-06  3.261021E-07  1.262808E-05  5.033764E-10  1.774743E-09  2.290711E-10  2.165884E-03  7.330250E-07  4.049496E-09  3.488548E-09  1.188967E-05  1.616814E-05  4.718324E-07  2.424554E-08  3.098479E-08  1.819778E-08
 2.981500E+02  4.339576E-03  4.758621E-07  1.403483E-11  1.856469E-11  2.068993E-11  2.484990E-11  4.280639E-03  1.022219E-06  1.696698E-09  2.982472E-02  2.043217E-04  9.308033E-06  3.149544E-07  1.238028E-05  4.755476E-10  1.681247E-09  2.202254E-10  2.130953E-03  6.965054E-07  3.918857E-09  3.373541E-09  1.162280E-05  1.580485E-05  4.407144E-07  2.261424E-08  2.891020E-08  1.723269E-08
 2.991500E+02  4.347551E-03  4.723821E-07  1.366847E-11  1.808520E-11  2.015679E-11  2.421600E-11  4.263853E-03  9.978944E-07  1.580582E-09  2.973746E-02  1.999112E-04  8.706020E-06  3.042568E-07  1.213830E-05  4.494133E-10  1.593202E-09  2.117557E-10  2.096675E-03  6.619890E-07  3.792829E-09  3.262682E-09  1.136367E-05  1.545209E-05  4.118364E-07  2.110286E-08  2.698747E-08  1.632393E-08
 3.001500E+02  4.355144E-03  4.688924E-07  1.331177E-11  1.761818E-11  1.963749E-11  2.359835E-11  4.247218E-03  9.743208E-07  1.473157E-09  2.965050E-02  1.956220E-04  8.146442E-06  2.939889E-07  1.190199E-05  4.248617E-10  1.510261E-09  2.036449E-10  2.063039E-03  6.293571E-07  3.671241E-09  3.155815E-09  1.111199E-05  1.510952E-05  3.850245E-07  1.970189E-08  2.520459E-08  1.546792E-08
 3.011500E+02  4.362364E-03  4.653951E-07  1.296451E-11  1.716337E-11  1.913171E-11  2.299659E-11  4.230733E-03  9.514702E-07  1.373720E-09  2.956385E-02  1.914500E-04  7.626080E-06  2.841312E-07  1.167122E-05  4.017888E-10  1.432104E-09  1.958768E-10  2.030032E-03  5.984984E-07  3.553932E-09  3.052790E-09  1.086753E-05  1.477678E-05  3.601194E-07  1.840263E-08  2.355059E-08  1.466137E-08
 3.021500E+02  4.369217E-03  4.618919E-07  1.262647E-11  1.672048E-11  1.863916E-11  2.241037E-11  4.214394E-03  9.293161E-07  1.281629E-09  2.947751E-02  1.873916E-04  7.141974E-06  2.746651E-07  1.144583E-05  3.800980E-10  1.358429E-09  1.884359E-10  1.997643E-03  5.693087E-07  3.440744E-09  2.953462E-09  1.063002E-05  1.445353E-05  3.369747E-07  1.719710E-08  2.201539E-08  1.390117E-08
 3.031500E+02  4.375710E-03  4.583847E-07  1.229745E-11  1.628926E-11  1.815955E-11  2.183937E-11  4.198200E-03  9.078330E-07  1.196297E-09  2.939149E-02  1.834431E-04  6.691405E-06  2.655730E-07  1.122568E-05  3.596995E-10  1.288958E-09  1.813074E-10  1.965862E-03  5.416904E-07  3.331525E-09  2.857691E-09  1.039924E-05  1.413946E-05  3.154563E-07  1.607799E-08  2.058978E-08  1.318444E-08
 3.041500E+02  4.381850E-03  4.548752E-07  1.197723E-11  1.586944E-11  1.769258E-11  2.128325E-11  4.182149E-03  8.869967E-07  1.117188E-09  2.930580E-02  1.796011E-04  6.271867E-06  2.568382E-07  1.101066E-05  3.405098E-10  1.223428E-09  1.744773E-10  1.934676E-03  5.155519E-07  3.226130E-09  2.765345E-09  1.017497E-05  1.383426E-05  2.954406E-07  1.503861E-08  1.926529E-08  1.250849E-08
 3.051500E+02  4.387644E-03  4.513651E-07  1.166560E-11  1.546075E-11  1.723796E-11  2.074166E-11  4.166239E-03  8.667836E-07  1.043812E-09  2.922043E-02  1.758622E-04  5.881058E-06  2.484448E-07  1.080062E-05  3.224509E-10  1.161596E-09  1.679322E-10  1.904076E-03  4.908073E-07  3.124419E-09  2.676295E-09  9.956969E-06  1.353762E-05  2.768145E-07  1.407282E-08  1.803417E-08  1.187079E-08
 3.061500E+02  4.393098E-03  4.478561E-07  1.136237E-11  1.506293E-11  1.679540E-11  2.021427E-11  4.150467E-03  8.471715E-07  9.757177E-10  2.913539E-02  1.722230E-04  5.516856E-06  2.403777E-07  1.059544E-05  3.054507E-10  1.103236E-09  1.616594E-10  1.874051E-03  4.673761E-07  3.026256E-09  2.590416E-09  9.745045E-06  1.324926E-05  2.594737E-07  1.317499E-08  1.688930E-08  1.126901E-08
 3.071500E+02  4.398219E-03  4.443496E-07  1.106732E-11  1.467572E-11  1.636462E-11  1.970077E-11  4.134832E-03  8.281389E-07  9.124950E-10  2.905069E-02  1.686806E-04  5.177307E-06  2.326224E-07  1.039500E-05  2.894416E-10  1.048133E-09  1.556466E-10  1.844589E-03  4.451827E-07  2.931511E-09  2.507590E-09  9.538990E-06  1.296890E-05  2.433224E-07  1.233994E-08  1.582414E-08  1.070095E-08
 3.081500E+02  4.403015E-03  4.408473E-07  1.078027E-11  1.429888E-11  1.594533E-11  1.920082E-11  4.119332E-03  8.096652E-07  8.537662E-10  2.896633E-02  1.652318E-04  4.860611E-06  2.251652E-07  1.019917E-05  2.743608E-10  9.960914E-10  1.498823E-10  1.815680E-03  4.241561E-07  2.840059E-09  2.427702E-09  9.338613E-06  1.269628E-05  2.282725E-07  1.156292E-08  1.483269E-08  1.016455E-08
 3.091500E+02  4.407491E-03  4.373504E-07  1.050100E-11  1.393215E-11  1.553727E-11  1.871410E-11  4.103965E-03  7.917308E-07  7.991855E-10  2.888231E-02  1.618738E-04  4.565106E-06  2.179932E-07  1.000785E-05  2.601498E-10  9.469240E-10  1.443555E-10  1.787314E-03  4.042299E-07  2.751778E-09  2.350642E-09  9.143725E-06  1.243114E-05  2.142426E-07  1.083958E-08  1.390942E-08  9.657908E-09
 3.101500E+02  4.411655E-03  4.338604E-07  1.022933E-11  1.357528E-11  1.514015E-11  1.824030E-11  4.088729E-03  7.743167E-07  7.484354E-10  2.879863E-02  1.586037E-04  4.289263E-06  2.110938E-07  9.820906E-06  2.467540E-10  9.004581E-10  1.390556E-10  1.759481E-03  3.853414E-07  2.666553E-09  2.276304E-09  8.954147E-06  1.217325E-05  2.011580E-07  1.016589E-08  1.304925E-08  9.179220E-09
 3.111500E+02  4.415513E-03  4.303785E-07  9.965070E-12  1.322803E-11  1.475371E-11  1.777911E-11  4.073623E-03  7.574048E-07  7.012248E-10  2.871529E-02  1.554188E-04  4.031668E-06  2.044554E-07  9.638239E-06  2.341227E-10  8.565317E-10  1.339725E-10  1.732171E-03  3.674320E-07  2.584272E-09  2.204585E-09  8.769707E-06  1.192235E-05  1.889499E-07  9.538166E-09  1.224751E-08  8.726814E-09
 3.121500E+02  4.419071E-03  4.269061E-07  9.708026E-12  1.289016E-11  1.437769E-11  1.733021E-11  4.058644E-03  7.409776E-07  6.572860E-10  2.863231E-02  1.523166E-04  3.791016E-06  1.980667E-07  9.459739E-06  2.222082E-10  8.149932E-10  1.290969E-10  1.705373E-03  3.504465E-07  2.504826E-09  2.135389E-09  8.590237E-06  1.167822E-05  1.775546E-07  8.953009E-09  1.149991E-08  8.299120E-09
 3.131500E+02  4.422337E-03  4.234442E-07  9.458017E-12  1.256144E-11  1.401182E-11  1.689330E-11  4.043791E-03  7.250184E-07  6.163734E-10  2.854967E-02  1.492943E-04  3.566103E-06  1.919169E-07  9.285300E-06  2.109663E-10  7.757007E-10  1.244194E-10  1.679078E-03  3.343331E-07  2.428112E-09  2.068619E-09  8.415578E-06  1.144066E-05  1.669137E-07  8.407293E-09  1.080247E-08  7.894671E-09
 3.141500E+02  4.425316E-03  4.199940E-07  9.214860E-12  1.224163E-11  1.365584E-11  1.646809E-11  4.029063E-03  7.095113E-07  5.782608E-10  2.846738E-02  1.463497E-04  3.355817E-06  1.859958E-07  9.114821E-06  2.003556E-10  7.385216E-10  1.199314E-10  1.653276E-03  3.190431E-07  2.354031E-09  2.004187E-09  8.245575E-06  1.120943E-05  1.569730E-07  7.898135E-09  1.015154E-08  7.512091E-09
 3.151500E+02  4.428014E-03  4.165567E-07  8.978378E-12  1.193050E-11  1.330951E-11  1.605429E-11  4.014457E-03  6.944407E-07  5.427404E-10  2.838544E-02  1.434803E-04  3.159128E-06  1.802939E-07  8.948202E-06  1.903375E-10  7.033317E-10  1.156247E-10  1.627958E-03  3.045307E-07  2.282485E-09  1.942004E-09  8.080079E-06  1.098435E-05  1.476826E-07  7.422880E-09  9.543773E-09  7.150095E-09
 3.161500E+02  4.430439E-03  4.131331E-07  8.748396E-12  1.162783E-11  1.297257E-11  1.565160E-11  3.999971E-03  6.797918E-07  5.096209E-10  2.830386E-02  1.406839E-04  2.975085E-06  1.748017E-07  8.785345E-06  1.808760E-10  6.700144E-10  1.114912E-10  1.603115E-03  2.907528E-07  2.213383E-09  1.881987E-09  7.918947E-06  1.076521E-05  1.389964E-07  6.979081E-09  8.976051E-09  6.807475E-09
 3.171500E+02  4.432596E-03  4.097243E-07  8.524742E-12  1.133341E-11  1.264479E-11  1.525974E-11  3.985606E-03  6.655505E-07  4.787262E-10  2.822263E-02  1.379583E-04  2.802808E-06  1.695105E-07  8.626156E-06  1.719373E-10  6.384609E-10  1.075235E-10  1.578736E-03  2.776690E-07  2.146634E-09  1.824054E-09  7.762041E-06  1.055182E-05  1.308719E-07  6.564478E-09  8.445513E-09  6.483103E-09
 3.181500E+02  4.434491E-03  4.063311E-07  8.307250E-12  1.104701E-11  1.232593E-11  1.487843E-11  3.971358E-03  6.517030E-07  4.498940E-10  2.814175E-02  1.353013E-04  2.641484E-06  1.644118E-07  8.470543E-06  1.634899E-10  6.085688E-10  1.037143E-10  1.554813E-03  2.652411E-07  2.082154E-09  1.768129E-09  7.609228E-06  1.034401E-05  1.232696E-07  6.176987E-09  7.949515E-09  6.175918E-09
 3.191500E+02  4.436131E-03  4.029545E-07  8.095754E-12  1.076843E-11  1.201574E-11  1.450740E-11  3.957226E-03  6.382362E-07  4.229748E-10  2.806123E-02  1.327109E-04  2.490357E-06  1.594977E-07  8.318417E-06  1.555043E-10  5.802424E-10  1.000568E-10  1.531338E-03  2.534333E-07  2.019860E-09  1.714137E-09  7.460379E-06  1.014160E-05  1.161531E-07  5.814684E-09  7.485615E-09  5.884928E-09
 3.201500E+02  4.437521E-03  3.995952E-07  7.890093E-12  1.049746E-11  1.171401E-11  1.414639E-11  3.943209E-03  6.251375E-07  3.978308E-10  2.798107E-02  1.301851E-04  2.348730E-06  1.547605E-07  8.169690E-06  1.479530E-10  5.533920E-10  9.654443E-11  1.508301E-03  2.422118E-07  1.959672E-09  1.662006E-09  7.315372E-06  9.944424E-06  1.094889E-07  5.475791E-09  7.051557E-09  5.609202E-09
 3.211500E+02  4.438667E-03  3.962540E-07  7.690110E-12  1.023389E-11  1.142051E-11  1.379513E-11  3.929305E-03  6.123947E-07  3.743346E-10  2.790126E-02  1.277219E-04  2.215956E-06  1.501929E-07  8.024277E-06  1.408102E-10  5.279331E-10  9.317093E-11  1.485694E-03  2.315449E-07  1.901513E-09  1.611666E-09  7.174086E-06  9.752314E-06  1.032456E-07  5.158665E-09  6.645254E-09  5.347866E-09
 3.221500E+02  4.439575E-03  3.929316E-07  7.495651E-12  9.977532E-12  1.113501E-11  1.345336E-11  3.915512E-03  5.999961E-07  3.523690E-10  2.782181E-02  1.253196E-04  2.091435E-06  1.457879E-07  7.882096E-06  1.340518E-10  5.037867E-10  8.993033E-11  1.463508E-03  2.214026E-07  1.845311E-09  1.563053E-09  7.036408E-06  9.565115E-06  9.739440E-08  4.861787E-09  6.264778E-09  5.100100E-09
 3.231500E+02  4.440250E-03  3.896288E-07  7.306566E-12  9.728186E-12  1.085731E-11  1.312083E-11  3.901830E-03  5.879305E-07  3.318255E-10  2.774271E-02  1.229764E-04  1.974610E-06  1.415389E-07  7.743065E-06  1.276551E-10  4.808787E-10  8.681693E-11  1.441735E-03  2.117567E-07  1.790993E-09  1.516101E-09  6.902225E-06  9.382676E-06  9.190862E-08  4.583753E-09  5.908344E-09  4.865134E-09
 3.241500E+02  4.440698E-03  3.863460E-07  7.122706E-12  9.485665E-12  1.058719E-11  1.279730E-11  3.888257E-03  5.761871E-07  3.126041E-10  2.766397E-02  1.206904E-04  1.864966E-06  1.374396E-07  7.607107E-06  1.215989E-10  4.591393E-10  8.382530E-11  1.420367E-03  2.025808E-07  1.738493E-09  1.470749E-09  6.771432E-06  9.204851E-06  8.676343E-08  4.323262E-09  5.574299E-09  4.642247E-09
 3.251500E+02  4.440925E-03  3.830840E-07  6.943928E-12  9.249781E-12  1.032446E-11  1.248253E-11  3.874791E-03  5.647555E-07  2.946121E-10  2.758558E-02  1.184601E-04  1.762025E-06  1.334839E-07  7.474144E-06  1.158635E-10  4.385032E-10  8.095025E-11  1.399396E-03  1.938497E-07  1.687744E-09  1.426940E-09  6.643925E-06  9.031499E-06  8.193587E-08  4.079110E-09  5.261114E-09  4.430760E-09
 3.261500E+02  4.440935E-03  3.798432E-07  6.770091E-12  9.020356E-12  1.006889E-11  1.217628E-11  3.861431E-03  5.536256E-07  2.777640E-10  2.750755E-02  1.162838E-04  1.665340E-06  1.296660E-07  7.344104E-06  1.104302E-10  4.189088E-10  7.818681E-11  1.378813E-03  1.855398E-07  1.638683E-09  1.384615E-09  6.519604E-06  8.862485E-06  7.740462E-08  3.850183E-09  4.967371E-09  4.230034E-09
 3.271500E+02  4.440735E-03  3.766243E-07  6.601059E-12  8.797210E-12  9.820313E-12  1.187832E-11  3.848176E-03  5.427878E-07  2.619806E-10  2.742988E-02  1.141599E-04  1.574500E-06  1.259804E-07  7.216912E-06  1.052817E-10  4.002984E-10  7.553028E-11  1.358612E-03  1.776290E-07  1.591250E-09  1.343720E-09  6.398374E-06  8.697678E-06  7.314992E-08  3.635447E-09  4.691756E-09  4.039471E-09
 3.281500E+02  4.440329E-03  3.734276E-07  6.436697E-12  8.580172E-12  9.578522E-12  1.158842E-11  3.835024E-03  5.322328E-07  2.471887E-10  2.735256E-02  1.120870E-04  1.489121E-06  1.224219E-07  7.092498E-06  1.004016E-10  3.826176E-10  7.297611E-11  1.338784E-03  1.700963E-07  1.545385E-09  1.304203E-09  6.280141E-06  8.536951E-06  6.915340E-08  3.433946E-09  4.433051E-09  3.858509E-09
 3.291500E+02  4.439723E-03  3.702536E-07  6.276876E-12  8.369073E-12  9.343334E-12  1.130637E-11  3.821974E-03  5.219517E-07  2.333204E-10  2.727560E-02  1.100636E-04  1.408847E-06  1.189854E-07  6.970795E-06  9.577451E-11  3.658155E-10  7.052001E-11  1.319323E-03  1.629217E-07  1.501032E-09  1.266013E-09  6.164817E-06  8.380182E-06  6.539804E-08  3.244792E-09  4.190126E-09  3.686616E-09
 3.301500E+02  4.438921E-03  3.671027E-07  6.121466E-12  8.163748E-12  9.114566E-12  1.103195E-11  3.809025E-03  5.119358E-07  2.203129E-10  2.719899E-02  1.080883E-04  1.333345E-06  1.156660E-07  6.851734E-06  9.138611E-11  3.498440E-10  6.815785E-11  1.300220E-03  1.560868E-07  1.458138E-09  1.229103E-09  6.052314E-06  8.227253E-06  6.186799E-08  3.067159E-09  3.961932E-09  3.523297E-09
 3.311500E+02  4.437929E-03  3.639752E-07  5.970345E-12  7.964037E-12  8.892039E-12  1.076495E-11  3.796176E-03  5.021768E-07  2.081080E-10  2.712273E-02  1.061596E-04  1.262308E-06  1.124592E-07  6.735251E-06  8.722291E-11  3.346579E-10  6.588570E-11  1.281468E-03  1.495739E-07  1.416649E-09  1.193424E-09  5.942550E-06  8.078050E-06  5.854854E-08  2.900285E-09  3.747497E-09  3.368081E-09
 3.321500E+02  4.436750E-03  3.608716E-07  5.823392E-12  7.769783E-12  8.675581E-12  1.050517E-11  3.783424E-03  4.926668E-07  1.966517E-10  2.704683E-02  1.042763E-04  1.195448E-06  1.093606E-07  6.621282E-06  8.327222E-11  3.202147E-10  6.369979E-11  1.263062E-03  1.433662E-07  1.376517E-09  1.158933E-09  5.835443E-06  7.932464E-06  5.542603E-08  2.743459E-09  3.545915E-09  3.220529E-09
 3.331500E+02  4.435391E-03  3.577922E-07  5.680488E-12  7.580834E-12  8.465023E-12  1.025241E-11  3.770770E-03  4.833980E-07  1.858939E-10  2.697128E-02  1.024371E-04  1.132498E-06  1.063660E-07  6.509766E-06  7.952214E-11  3.064744E-10  6.159655E-11  1.244992E-03  1.374482E-07  1.337692E-09  1.125587E-09  5.730916E-06  7.790388E-06  5.248771E-08  2.596022E-09  3.356346E-09  3.080225E-09
 3.341500E+02  4.433856E-03  3.547371E-07  5.541518E-12  7.397040E-12  8.260198E-12  1.000648E-11  3.758211E-03  4.743630E-07  1.757882E-10  2.689608E-02  1.006408E-04  1.073210E-06  1.034713E-07  6.400642E-06  7.596149E-11  2.933993E-10  5.957253E-11  1.227254E-03  1.318050E-07  1.300128E-09  1.093343E-09  5.628894E-06  7.651720E-06  4.972176E-08  2.457361E-09  3.178011E-09  2.946778E-09
 3.351500E+02  4.432148E-03  3.517067E-07  5.406371E-12  7.218257E-12  8.060946E-12  9.767175E-12  3.745747E-03  4.655546E-07  1.662915E-10  2.682123E-02  9.888617E-05  1.017352E-06  1.006727E-07  6.293852E-06  7.257976E-11  2.809540E-10  5.762445E-11  1.209840E-03  1.264225E-07  1.263780E-09  1.062162E-09  5.529304E-06  7.516361E-06  4.711716E-08  2.326906E-09  3.010181E-09  2.819822E-09
 3.361500E+02  4.430273E-03  3.487013E-07  5.274939E-12  7.044343E-12  7.867111E-12  9.534324E-12  3.733377E-03  4.569659E-07  1.573637E-10  2.674673E-02  9.717201E-05  9.647076E-07  9.796657E-08  6.189338E-06  6.936709E-11  2.691049E-10  5.574920E-11  1.192743E-03  1.212876E-07  1.228604E-09  1.032005E-09  5.432075E-06  7.384214E-06  4.466366E-08  2.204127E-09  2.852183E-09  2.699010E-09
 3.371500E+02  4.428236E-03  3.457209E-07  5.147114E-12  6.875162E-12  7.678540E-12  9.307744E-12  3.721098E-03  4.485902E-07  1.489676E-10  2.667258E-02  9.549722E-05  9.150760E-07  9.534930E-08  6.087045E-06  6.631418E-11  2.578206E-10  5.394376E-11  1.175958E-03  1.163877E-07  1.194561E-09  1.002836E-09  5.337140E-06  7.255188E-06  4.235168E-08  2.088532E-09  2.703386E-09  2.584014E-09
 3.381500E+02  4.426039E-03  3.427658E-07  5.022794E-12  6.710579E-12  7.495085E-12  9.087260E-12  3.708911E-03  4.404212E-07  1.410686E-10  2.659877E-02  9.386072E-05  8.682692E-07  9.281754E-08  5.986920E-06  6.341230E-11  2.470714E-10  5.220528E-11  1.159477E-03  1.117110E-07  1.161609E-09  9.746193E-10  5.244434E-06  7.129193E-06  4.017234E-08  1.979662E-09  2.563207E-09  2.474527E-09
 3.391500E+02  4.423688E-03  3.398361E-07  4.901879E-12  6.550464E-12  7.316600E-12  8.872700E-12  3.696814E-03  4.324525E-07  1.336347E-10  2.652531E-02  9.226146E-05  8.241122E-07  9.036807E-08  5.888909E-06  6.065323E-11  2.368292E-10  5.053102E-11  1.143295E-03  1.072463E-07  1.129710E-09  9.473205E-10  5.153892E-06  7.006143E-06  3.811734E-08  1.877090E-09  2.431100E-09  2.370260E-09
 3.401500E+02  4.421187E-03  3.369320E-07  4.784270E-12  6.394691E-12  7.142946E-12  8.663900E-12  3.684805E-03  4.246782E-07  1.266358E-10  2.645220E-02  9.069842E-05  7.824414E-07  8.799780E-08  5.792960E-06  5.802925E-11  2.270677E-10  4.891836E-11  1.127406E-03  1.029830E-07  1.098827E-09  9.209068E-10  5.065453E-06  6.885953E-06  3.617892E-08  1.780417E-09  2.306557E-09  2.270938E-09
 3.411500E+02  4.418540E-03  3.340536E-07  4.669874E-12  6.243135E-12  6.973985E-12  8.460696E-12  3.672885E-03  4.170926E-07  1.200441E-10  2.637943E-02  8.917060E-05  7.431044E-07  8.570375E-08  5.699025E-06  5.553307E-11  2.177620E-10  4.736481E-11  1.111804E-03  9.891115E-08  1.068925E-09  8.953467E-10  4.979059E-06  6.768544E-06  3.434988E-08  1.689274E-09  2.189104E-09  2.176303E-09
 3.421500E+02  4.415750E-03  3.312010E-07  4.558597E-12  6.095677E-12  6.809584E-12  8.262933E-12  3.661051E-03  4.096900E-07  1.138338E-10  2.630700E-02  8.767706E-05  7.059586E-07  8.348309E-08  5.607054E-06  5.315784E-11  2.088885E-10  4.586798E-11  1.096483E-03  9.502124E-08  1.039969E-09  8.706097E-10  4.894651E-06  6.653836E-06  3.262347E-08  1.603314E-09  2.078301E-09  2.086112E-09
 3.431500E+02  4.412821E-03  3.283742E-07  4.450350E-12  5.952200E-12  6.649613E-12  8.070456E-12  3.649303E-03  4.024651E-07  1.079808E-10  2.623492E-02  8.621686E-05  6.708709E-07  8.133309E-08  5.517001E-06  5.089711E-11  2.004250E-10  4.442556E-11  1.081438E-03  9.130432E-08  1.011926E-09  8.466667E-10  4.812174E-06  6.541754E-06  3.099340E-08  1.522216E-09  1.973736E-09  2.000136E-09
 3.441500E+02  4.409758E-03  3.255733E-07  4.345045E-12  5.812591E-12  6.493946E-12  7.883116E-12  3.637640E-03  3.954126E-07  1.024624E-10  2.616317E-02  8.478911E-05  6.377170E-07  7.925117E-08  5.428818E-06  4.874480E-11  1.923506E-10  4.303538E-11  1.066662E-03  8.775191E-08  9.847645E-10  8.234894E-10  4.731574E-06  6.432226E-06  2.945381E-08  1.445679E-09  1.875024E-09  1.918157E-09
 3.451500E+02  4.406564E-03  3.227984E-07  4.242599E-12  5.676739E-12  6.342462E-12  7.700769E-12  3.626060E-03  3.885275E-07  9.725793E-11  2.609176E-02  8.339294E-05  6.063806E-07  7.723481E-08  5.342461E-06  4.669517E-11  1.846455E-10  4.169534E-11  1.052150E-03  8.435597E-08  9.584537E-10  8.010508E-10  4.652800E-06  6.325179E-06  2.799921E-08  1.373422E-09  1.781807E-09  1.839971E-09
 3.461500E+02  4.403242E-03  3.200494E-07  4.142927E-12  5.544537E-12  6.195040E-12  7.523274E-12  3.614564E-03  3.818050E-07  9.234769E-11  2.602070E-02  8.202750E-05  5.767529E-07  7.528161E-08  5.257886E-06  4.474283E-11  1.772909E-10  4.040343E-11  1.037898E-03  8.110891E-08  9.329641E-10  7.793249E-10  4.575800E-06  6.220547E-06  2.662446E-08  1.305184E-09  1.693751E-09  1.765383E-09
 3.471500E+02  4.399797E-03  3.173264E-07  4.045952E-12  5.415881E-12  6.051564E-12  7.350493E-12  3.603148E-03  3.752404E-07  8.771351E-11  2.594996E-02  8.069198E-05  5.487321E-07  7.338929E-08  5.175051E-06  4.288268E-11  1.702693E-10  3.915775E-11  1.023900E-03  7.800351E-08  9.082673E-10  7.582866E-10  4.500527E-06  6.118261E-06  2.532478E-08  1.240720E-09  1.610542E-09  1.694213E-09
 3.481500E+02  4.396231E-03  3.146293E-07  3.951594E-12  5.290669E-12  5.911923E-12  7.182293E-12  3.591814E-03  3.688291E-07  8.333840E-11  2.587957E-02  7.938559E-05  5.222232E-07  7.155564E-08  5.093914E-06  4.110992E-11  1.635640E-10  3.795646E-11  1.010150E-03  7.503295E-08  8.843361E-10  7.379118E-10  4.426933E-06  6.018259E-06  2.409568E-08  1.179801E-09  1.531889E-09  1.626286E-09
 3.491500E+02  4.392548E-03  3.119582E-07  3.859778E-12  5.168803E-12  5.776007E-12  7.018546E-12  3.580559E-03  3.625668E-07  7.920650E-11  2.580950E-02  7.810755E-05  4.971371E-07  6.977855E-08  5.014435E-06  3.942001E-11  1.571590E-10  3.679780E-11  9.966436E-04  7.219076E-08  8.611440E-10  7.181772E-10  4.354973E-06  5.920478E-06  2.293296E-08  1.122214E-09  1.457517E-09  1.561440E-09
 3.501500E+02  4.388751E-03  3.093129E-07  3.770431E-12  5.050187E-12  5.643709E-12  6.859123E-12  3.569384E-03  3.564492E-07  7.530298E-11  2.573977E-02  7.685713E-05  4.733902E-07  6.805599E-08  4.936574E-06  3.780868E-11  1.510397E-10  3.568009E-11  9.833763E-04  6.947081E-08  8.386657E-10  6.990605E-10  4.284602E-06  5.824857E-06  2.183272E-08  1.067759E-09  1.387173E-09  1.499520E-09
 3.511500E+02  4.384844E-03  3.066935E-07  3.683481E-12  4.934729E-12  5.514926E-12  6.703905E-12  3.558286E-03  3.504722E-07  7.161402E-11  2.567037E-02  7.563360E-05  4.509045E-07  6.638601E-08  4.860293E-06  3.627190E-11  1.451917E-10  3.460172E-11  9.703430E-04  6.686729E-08  8.168769E-10  6.805403E-10  4.215777E-06  5.731339E-06  2.079126E-08  1.016251E-09  1.320616E-09  1.440381E-09
 3.521500E+02  4.380830E-03  3.040999E-07  3.598859E-12  4.822337E-12  5.389558E-12  6.552770E-12  3.547265E-03  3.446320E-07  6.812670E-11  2.560130E-02  7.443626E-05  4.296066E-07  6.476674E-08  4.785555E-06  3.480585E-11  1.396018E-10  3.356115E-11  9.575389E-04  6.437467E-08  7.957539E-10  6.625958E-10  4.148457E-06  5.639866E-06  1.980516E-08  9.675132E-10  1.257623E-09  1.383884E-09
 3.531500E+02  4.376711E-03  3.015319E-07  3.516499E-12  4.712924E-12  5.267507E-12  6.405604E-12  3.536320E-03  3.389245E-07  6.482891E-11  2.553256E-02  7.326443E-05  4.094281E-07  6.319640E-08  4.712322E-06  3.340694E-11  1.342573E-10  3.255691E-11  9.449596E-04  6.198774E-08  7.752740E-10  6.452071E-10  4.082602E-06  5.550385E-06  1.887119E-08  9.213835E-10  1.197986E-09  1.329900E-09
 3.541500E+02  4.372492E-03  2.989896E-07  3.436334E-12  4.606406E-12  5.148679E-12  6.262295E-12  3.525451E-03  3.333462E-07  6.170938E-11  2.546414E-02  7.211746E-05  3.903046E-07  6.167327E-08  4.640561E-06  3.207176E-11  1.291462E-10  3.158759E-11  9.326004E-04  5.970153E-08  7.554156E-10  6.283550E-10  4.018173E-06  5.462843E-06  1.798633E-08  8.777086E-10  1.141507E-09  1.278304E-09
 3.551500E+02  4.368174E-03  2.964728E-07  3.358302E-12  4.502698E-12  5.032982E-12  6.122732E-12  3.514656E-03  3.278935E-07  5.875752E-11  2.539605E-02  7.099470E-05  3.721756E-07  6.019568E-08  4.570236E-06  3.079710E-11  1.242573E-10  3.065182E-11  9.204569E-04  5.751133E-08  7.361574E-10  6.120210E-10  3.955132E-06  5.377187E-06  1.714776E-08  8.363453E-10  1.088003E-09  1.228980E-09
 3.561500E+02  4.363761E-03  2.939815E-07  3.282341E-12  4.401722E-12  4.920326E-12  5.986811E-12  3.503935E-03  3.225628E-07  5.596345E-11  2.532828E-02  6.989554E-05  3.549847E-07  5.876206E-08  4.501313E-06  2.957993E-11  1.195798E-10  2.974833E-11  9.085249E-04  5.541268E-08  7.174793E-10  5.961874E-10  3.893442E-06  5.293368E-06  1.635281E-08  7.971592E-10  1.037303E-09  1.181817E-09
 3.571500E+02  4.359255E-03  2.915154E-07  3.208391E-12  4.303398E-12  4.810625E-12  5.854429E-12  3.493286E-03  3.173509E-07  5.331790E-11  2.526083E-02  6.881937E-05  3.386786E-07  5.737087E-08  4.433760E-06  2.841737E-11  1.151035E-10  2.887586E-11  8.968000E-04  5.340133E-08  6.993618E-10  5.808370E-10  3.833069E-06  5.211338E-06  1.559901E-08  7.600248E-10  9.892443E-10  1.136710E-09
 3.581500E+02  4.354660E-03  2.890746E-07  3.136395E-12  4.207651E-12  4.703794E-12  5.725484E-12  3.482709E-03  3.122544E-07  5.081221E-11  2.519371E-02  6.776561E-05  3.232074E-07  5.602066E-08  4.367545E-06  2.730672E-11  1.108188E-10  2.803322E-11  8.852782E-04  5.147326E-08  6.817859E-10  5.659534E-10  3.773977E-06  5.131051E-06  1.488401E-08  7.248241E-10  9.436768E-10  1.093560E-09
 3.591500E+02  4.349978E-03  2.866587E-07  3.066296E-12  4.114408E-12  4.599752E-12  5.599881E-12  3.472204E-03  3.072703E-07  4.843826E-11  2.512690E-02  6.673369E-05  3.085245E-07  5.471001E-08  4.302637E-06  2.624540E-11  1.067167E-10  2.721928E-11  8.739554E-04  4.962464E-08  6.647336E-10  5.515206E-10  3.716134E-06  5.052460E-06  1.420562E-08  6.914465E-10  9.004584E-10  1.052273E-09
 3.601500E+02  4.345211E-03  2.842678E-07  2.998040E-12  4.023598E-12  4.498419E-12  5.477524E-12  3.461768E-03  3.023955E-07  4.618844E-11  2.506041E-02  6.572307E-05  2.945857E-07  5.343758E-08  4.239006E-06  2.523099E-11  1.027883E-10  2.643294E-11  8.628276E-04  4.785183E-08  6.481874E-10  5.375234E-10  3.659507E-06  4.975522E-06  1.356179E-08  6.597883E-10  8.594559E-10  1.012760E-09
 3.611500E+02  4.340363E-03  2.819017E-07  2.931574E-12  3.935150E-12  4.399718E-12  5.358323E-12  3.451402E-03  2.976271E-07  4.405561E-11  2.499423E-02  6.473321E-05  2.813497E-07  5.220205E-08  4.176621E-06  2.426118E-11  9.902561E-11  2.567315E-11  8.518909E-04  4.615139E-08  6.321304E-10  5.239470E-10  3.604064E-06  4.900195E-06  1.295059E-08  6.297524E-10  8.205445E-10  9.749361E-10
 3.621500E+02  4.335435E-03  2.795602E-07  2.866846E-12  3.848998E-12  4.303575E-12  5.242187E-12  3.441105E-03  2.929621E-07  4.203309E-11  2.492837E-02  6.376358E-05  2.687777E-07  5.100219E-08  4.115455E-06  2.333381E-11  9.542076E-11  2.493892E-11  8.411415E-04  4.452003E-08  6.165464E-10  5.107773E-10  3.549777E-06  4.826436E-06  1.237019E-08  6.012472E-10  7.836070E-10  9.387214E-10
 3.631500E+02  4.330430E-03  2.772432E-07  2.803806E-12  3.765076E-12  4.209917E-12  5.129032E-12  3.430876E-03  2.883979E-07  4.011461E-11  2.486283E-02  6.281370E-05  2.568332E-07  4.983678E-08  4.055479E-06  2.244681E-11  9.196639E-11  2.422928E-11  8.305757E-04  4.295464E-08  6.014198E-10  4.980005E-10  3.496614E-06  4.754206E-06  1.181890E-08  5.741871E-10  7.485333E-10  9.040399E-10
 3.641500E+02  4.325352E-03  2.749505E-07  2.742407E-12  3.683321E-12  4.118674E-12  5.018773E-12  3.420714E-03  2.839318E-07  3.829428E-11  2.479759E-02  6.188306E-05  2.454817E-07  4.870466E-08  3.996665E-06  2.159823E-11  8.865550E-11  2.354330E-11  8.201898E-04  4.145224E-08  5.867354E-10  4.856035E-10  3.444547E-06  4.683466E-06  1.129512E-08  5.484916E-10  7.152199E-10  8.708196E-10
 3.651500E+02  4.320201E-03  2.726820E-07  2.682601E-12  3.603672E-12  4.029776E-12  4.911328E-12  3.410619E-03  2.795611E-07  3.656657E-11  2.473266E-02  6.097120E-05  2.346911E-07  4.760474E-08  3.938988E-06  2.078622E-11  8.548144E-11  2.288010E-11  8.099804E-04  4.001003E-08  5.724787E-10  4.735736E-10  3.393549E-06  4.614178E-06  1.079732E-08  5.240850E-10  6.835696E-10  8.389921E-10
 3.661500E+02  4.314980E-03  2.704374E-07  2.624343E-12  3.526069E-12  3.943159E-12  4.806618E-12  3.400589E-03  2.752834E-07  3.492630E-11  2.466804E-02  6.007765E-05  2.244308E-07  4.653593E-08  3.882422E-06  2.000904E-11  8.243790E-11  2.223884E-11  7.999438E-04  3.862531E-08  5.586357E-10  4.618985E-10  3.343593E-06  4.546306E-06  1.032410E-08  5.008961E-10  6.534910E-10  8.084926E-10
 3.671500E+02  4.309691E-03  2.682166E-07  2.567589E-12  3.450454E-12  3.858756E-12  4.704568E-12  3.390624E-03  2.710962E-07  3.336860E-11  2.460373E-02  5.920196E-05  2.146724E-07  4.549720E-08  3.826940E-06  1.926502E-11  7.951891E-11  2.161869E-11  7.900767E-04  3.729553E-08  5.451928E-10  4.505666E-10  3.294653E-06  4.479814E-06  9.874128E-09  4.788581E-10  6.248983E-10  7.792595E-10
 3.681500E+02  4.304338E-03  2.660194E-07  2.512295E-12  3.376770E-12  3.776506E-12  4.605102E-12  3.380724E-03  2.669972E-07  3.188889E-11  2.453972E-02  5.834370E-05  2.053887E-07  4.448757E-08  3.772519E-06  1.855259E-11  7.671876E-11  2.101887E-11  7.803757E-04  3.601828E-08  5.321370E-10  4.395663E-10  3.246702E-06  4.414667E-06  9.446139E-09  4.579082E-10  5.977105E-10  7.512343E-10
 3.691500E+02  4.298920E-03  2.638457E-07  2.458421E-12  3.304964E-12  3.696349E-12  4.508148E-12  3.370887E-03  2.629840E-07  3.048288E-11  2.447601E-02  5.750245E-05  1.965545E-07  4.350607E-08  3.719135E-06  1.787026E-11  7.403205E-11  2.043864E-11  7.708376E-04  3.479123E-08  5.194558E-10  4.288868E-10  3.199717E-06  4.350833E-06  9.038956E-09  4.379872E-10  5.718517E-10  7.243616E-10
 3.701500E+02  4.293442E-03  2.616952E-07  2.405925E-12  3.234982E-12  3.618224E-12  4.413636E-12  3.361114E-03  2.590545E-07  2.914651E-11  2.441260E-02  5.667779E-05  1.881458E-07  4.255180E-08  3.666763E-06  1.721662E-11  7.145366E-11  1.987728E-11  7.614591E-04  3.361219E-08  5.071369E-10  4.185175E-10  3.153674E-06  4.288278E-06  8.651465E-09  4.190394E-10  5.472503E-10  6.985887E-10
 3.711500E+02  4.287905E-03  2.595678E-07  2.354769E-12  3.166773E-12  3.542076E-12  4.321497E-12  3.351402E-03  2.552064E-07  2.787599E-11  2.434950E-02  5.586933E-05  1.801402E-07  4.162385E-08  3.615382E-06  1.659032E-11  6.897870E-11  1.933410E-11  7.522371E-04  3.247907E-08  4.951687E-10  4.084483E-10  3.108549E-06  4.226971E-06  8.282619E-09  4.010126E-10  5.238389E-10  6.738653E-10
 3.721500E+02  4.282310E-03  2.574632E-07  2.304915E-12  3.100287E-12  3.467848E-12  4.231666E-12  3.341752E-03  2.514378E-07  2.666774E-11  2.428669E-02  5.507667E-05  1.725163E-07  4.072139E-08  3.564969E-06  1.599009E-11  6.660253E-11  1.880843E-11  7.431685E-04  3.138986E-08  4.835398E-10  3.986692E-10  3.064321E-06  4.166881E-06  7.931429E-09  3.838573E-10  5.015540E-10  6.501441E-10
 3.731500E+02  4.276661E-03  2.553813E-07  2.256326E-12  3.035476E-12  3.395486E-12  4.144078E-12  3.332163E-03  2.477466E-07  2.551839E-11  2.422418E-02  5.429945E-05  1.652542E-07  3.984358E-08  3.515502E-06  1.541472E-11  6.432074E-11  1.829963E-11  7.342504E-04  3.034268E-08  4.722395E-10  3.891709E-10  3.020966E-06  4.107978E-06  7.596966E-09  3.675272E-10  4.803359E-10  6.273797E-10
 3.741500E+02  4.270957E-03  2.533219E-07  2.208967E-12  2.972292E-12  3.324940E-12  4.058672E-12  3.322635E-03  2.441308E-07  2.442479E-11  2.416196E-02  5.353729E-05  1.583350E-07  3.898964E-08  3.466960E-06  1.486306E-11  6.212915E-11  1.780710E-11  7.254798E-04  2.933571E-08  4.612571E-10  3.799443E-10  2.978464E-06  4.050235E-06  7.278351E-09  3.519785E-10  4.601283E-10  6.055291E-10
 3.751500E+02  4.265203E-03  2.512847E-07  2.162802E-12  2.910691E-12  3.256157E-12  3.975385E-12  3.313166E-03  2.405885E-07  2.338394E-11  2.410004E-02  5.278983E-05  1.517409E-07  3.815881E-08  3.419322E-06  1.433403E-11  6.002375E-11  1.733025E-11  7.168538E-04  2.836723E-08  4.505826E-10  3.709804E-10  2.936794E-06  3.993621E-06  6.974758E-09  3.371699E-10  4.408780E-10  5.845515E-10
 3.761500E+02  4.259398E-03  2.492696E-07  2.117797E-12  2.850628E-12  3.189088E-12  3.894161E-12  3.303756E-03  2.371179E-07  2.239304E-11  2.403841E-02  5.205673E-05  1.454550E-07  3.735034E-08  3.372570E-06  1.382659E-11  5.800075E-11  1.686852E-11  7.083695E-04  2.743559E-08  4.402061E-10  3.622709E-10  2.895936E-06  3.938111E-06  6.685405E-09  3.230627E-10  4.225350E-10  5.644079E-10
 3.771500E+02  4.253546E-03  2.472764E-07  2.073922E-12  2.792059E-12  3.123687E-12  3.814942E-12  3.294405E-03  2.337172E-07  2.144944E-11  2.397707E-02  5.133766E-05  1.394615E-07  3.656354E-08  3.326682E-06  1.333976E-11  5.605655E-11  1.642136E-11  7.000244E-04  2.653924E-08  4.301181E-10  3.538076E-10  2.855871E-06  3.883678E-06  6.409557E-09  3.096201E-10  4.050521E-10  5.450615E-10
 3.781500E+02  4.247647E-03  2.453048E-07  2.031143E-12  2.734945E-12  3.059906E-12  3.737672E-12  3.285111E-03  2.303846E-07  2.055065E-11  2.391601E-02  5.063227E-05  1.337455E-07  3.579772E-08  3.281640E-06  1.287260E-11  5.418770E-11  1.598825E-11  6.918155E-04  2.567666E-08  4.203097E-10  3.455825E-10  2.816579E-06  3.830296E-06  6.146519E-09  2.968076E-10  3.883848E-10  5.264770E-10
 3.791500E+02  4.241704E-03  2.433548E-07  1.989430E-12  2.679244E-12  2.997701E-12  3.662298E-12  3.275875E-03  2.271185E-07  1.969432E-11  2.385525E-02  4.994026E-05  1.282927E-07  3.505221E-08  3.237425E-06  1.242424E-11  5.239093E-11  1.556870E-11  6.837404E-04  2.484645E-08  4.107719E-10  3.375881E-10  2.778042E-06  3.777939E-06  5.895634E-09  2.845926E-10  3.724911E-10  5.086209E-10
 3.801500E+02  4.235718E-03  2.414259E-07  1.948754E-12  2.624916E-12  2.937028E-12  3.588767E-12  3.266695E-03  2.239172E-07  1.887824E-11  2.379477E-02  4.926132E-05  1.230899E-07  3.432640E-08  3.194019E-06  1.199381E-11  5.066312E-11  1.516223E-11  6.757964E-04  2.404724E-08  4.014962E-10  3.298169E-10  2.740243E-06  3.726584E-06  5.656282E-09  2.729444E-10  3.573312E-10  4.914613E-10
 3.811500E+02  4.229690E-03  2.395181E-07  1.909085E-12  2.571925E-12  2.877845E-12  3.517030E-12  3.257572E-03  2.207790E-07  1.810031E-11  2.373457E-02  4.859513E-05  1.181243E-07  3.361966E-08  3.151405E-06  1.158053E-11  4.900131E-11  1.476837E-11  6.679810E-04  2.327774E-08  3.924745E-10  3.222620E-10  2.703163E-06  3.676207E-06  5.427880E-09  2.618339E-10  3.428678E-10  4.749680E-10
 3.821500E+02  4.223623E-03  2.376311E-07  1.870395E-12  2.520232E-12  2.820110E-12  3.447037E-12  3.248504E-03  2.177026E-07  1.735857E-11  2.367465E-02  4.794141E-05  1.133842E-07  3.293140E-08  3.109565E-06  1.118363E-11  4.740266E-11  1.438668E-11  6.602917E-04  2.253672E-08  3.836989E-10  3.149164E-10  2.666787E-06  3.626785E-06  5.209874E-09  2.512336E-10  3.290654E-10  4.591119E-10
 3.831500E+02  4.217517E-03  2.357648E-07  1.832658E-12  2.469803E-12  2.763784E-12  3.378740E-12  3.239490E-03  2.146863E-07  1.665115E-11  2.361502E-02  4.729987E-05  1.088581E-07  3.226105E-08  3.068482E-06  1.080238E-11  4.586449E-11  1.401673E-11  6.527261E-04  2.182298E-08  3.751616E-10  3.077735E-10  2.631096E-06  3.578295E-06  5.001741E-09  2.411177E-10  3.158908E-10  4.438656E-10
 3.841500E+02  4.211374E-03  2.339189E-07  1.795846E-12  2.420603E-12  2.708828E-12  3.312093E-12  3.230532E-03  2.117288E-07  1.597629E-11  2.355566E-02  4.667024E-05  1.045355E-07  3.160807E-08  3.028139E-06  1.043610E-11  4.438421E-11  1.365812E-11  6.452819E-04  2.113541E-08  3.668554E-10  3.008270E-10  2.596076E-06  3.530716E-06  4.802988E-09  2.314617E-10  3.033122E-10  4.292029E-10
 3.851500E+02  4.205196E-03  2.320932E-07  1.759935E-12  2.372597E-12  2.655205E-12  3.247051E-12  3.221627E-03  2.088285E-07  1.533234E-11  2.349658E-02  4.605224E-05  1.004062E-07  3.097192E-08  2.988522E-06  1.008412E-11  4.295939E-11  1.331045E-11  6.379566E-04  2.047293E-08  3.587730E-10  2.940707E-10  2.561711E-06  3.484026E-06  4.613148E-09  2.222426E-10  2.912999E-10  4.150988E-10
 3.861500E+02  4.198983E-03  2.302874E-07  1.724899E-12  2.325754E-12  2.602878E-12  3.183571E-12  3.212775E-03  2.059842E-07  1.471774E-11  2.343778E-02  4.544560E-05  9.646070E-08  3.035209E-08  2.949614E-06  9.745827E-12  4.158770E-11  1.297334E-11  6.307481E-04  1.983451E-08  3.509076E-10  2.874987E-10  2.527986E-06  3.438205E-06  4.431779E-09  2.134383E-10  2.798256E-10  4.015295E-10
 3.871500E+02  4.192739E-03  2.285015E-07  1.690715E-12  2.280040E-12  2.551811E-12  3.121610E-12  3.203976E-03  2.031944E-07  1.413100E-11  2.337925E-02  4.485008E-05  9.268998E-08  2.974808E-08  2.911399E-06  9.420620E-12  4.026689E-11  1.264642E-11  6.236541E-04  1.921918E-08  3.432525E-10  2.811052E-10  2.494885E-06  3.393233E-06  4.258463E-09  2.050284E-10  2.688627E-10  3.884722E-10
 3.881500E+02  4.186462E-03  2.267352E-07  1.657358E-12  2.235426E-12  2.501971E-12  3.061127E-12  3.195230E-03  2.004579E-07  1.357072E-11  2.332100E-02  4.426541E-05  8.908550E-08  2.915943E-08  2.873864E-06  9.107934E-12  3.899486E-11  1.232936E-11  6.166724E-04  1.862599E-08  3.358012E-10  2.748848E-10  2.462396E-06  3.349091E-06  4.092805E-09  1.969932E-10  2.583860E-10  3.759054E-10
 3.891500E+02  4.180156E-03  2.249882E-07  1.624807E-12  2.191882E-12  2.453324E-12  3.002083E-12  3.186535E-03  1.977734E-07  1.303558E-11  2.326301E-02  4.369137E-05  8.563914E-08  2.858566E-08  2.836993E-06  8.807229E-12  3.776957E-11  1.202180E-11  6.098009E-04  1.805406E-08  3.285477E-10  2.688319E-10  2.430503E-06  3.305759E-06  3.934430E-09  1.893143E-10  2.483715E-10  3.638084E-10
 3.901500E+02  4.173821E-03  2.232604E-07  1.593039E-12  2.149378E-12  2.405838E-12  2.944437E-12  3.177891E-03  1.951397E-07  1.252434E-11  2.320529E-02  4.312770E-05  8.234326E-08  2.802634E-08  2.800772E-06  8.517990E-12  3.658910E-11  1.172343E-11  6.030375E-04  1.750253E-08  3.214858E-10  2.629415E-10  2.399193E-06  3.263219E-06  3.782985E-09  1.819741E-10  2.387967E-10  3.521615E-10
 3.911500E+02  4.167458E-03  2.215516E-07  1.562033E-12  2.107887E-12  2.359481E-12  2.888154E-12  3.169298E-03  1.925556E-07  1.203581E-11  2.314784E-02  4.257418E-05  7.919058E-08  2.748103E-08  2.765188E-06  8.239728E-12  3.545159E-11  1.143393E-11  5.963803E-04  1.697057E-08  3.146097E-10  2.572086E-10  2.368453E-06  3.221454E-06  3.638134E-09  1.749562E-10  2.296403E-10  3.409460E-10
 3.921500E+02  4.161069E-03  2.198615E-07  1.531768E-12  2.067381E-12  2.314222E-12  2.833196E-12  3.160756E-03  1.900200E-07  1.156887E-11  2.309066E-02  4.203059E-05  7.617425E-08  2.694931E-08  2.730227E-06  7.971976E-12  3.435529E-11  1.115301E-11  5.898271E-04  1.645742E-08  3.079139E-10  2.516283E-10  2.338270E-06  3.180445E-06  3.499560E-09  1.682448E-10  2.208818E-10  3.301439E-10
 3.931500E+02  4.154655E-03  2.181900E-07  1.502224E-12  2.027833E-12  2.270033E-12  2.779528E-12  3.152263E-03  1.875316E-07  1.112247E-11  2.303374E-02  4.149671E-05  7.328772E-08  2.643080E-08  2.695875E-06  7.714289E-12  3.329851E-11  1.088037E-11  5.833760E-04  1.596231E-08  3.013929E-10  2.461960E-10  2.308631E-06  3.140175E-06  3.366960E-09  1.618252E-10  2.125022E-10  3.197382E-10
 3.941500E+02  4.148216E-03  2.165368E-07  1.473381E-12  1.989217E-12  2.226885E-12  2.727115E-12  3.143819E-03  1.850894E-07  1.069560E-11  2.297709E-02  4.097231E-05  7.052484E-08  2.592509E-08  2.662121E-06  7.466242E-12  3.227965E-11  1.061573E-11  5.770251E-04  1.548455E-08  2.950415E-10  2.409073E-10  2.279525E-06  3.100629E-06  3.240051E-09  1.556832E-10  2.044833E-10  3.097125E-10
 3.951500E+02  4.141755E-03  2.149018E-07  1.445221E-12  1.951510E-12  2.184749E-12  2.675925E-12  3.135424E-03  1.826924E-07  1.028731E-11  2.292070E-02  4.045720E-05  6.787974E-08  2.543181E-08  2.628952E-06  7.227430E-12  3.129718E-11  1.035883E-11  5.707726E-04  1.502344E-08  2.888546E-10  2.357576E-10  2.250939E-06  3.061789E-06  3.118560E-09  1.498056E-10  1.968078E-10  3.000513E-10
 3.961500E+02  4.135272E-03  2.132847E-07  1.417726E-12  1.914685E-12  2.143599E-12  2.625924E-12  3.127077E-03  1.803395E-07  9.896717E-12  2.286456E-02  3.995117E-05  6.534686E-08  2.495061E-08  2.596354E-06  6.997469E-12  3.034963E-11  1.010941E-11  5.646165E-04  1.457833E-08  2.828273E-10  2.307430E-10  2.222862E-06  3.023641E-06  3.002233E-09  1.441797E-10  1.894595E-10  2.907397E-10
 3.971500E+02  4.128768E-03  2.116853E-07  1.390876E-12  1.878721E-12  2.103408E-12  2.577081E-12  3.118778E-03  1.780297E-07  9.522960E-12  2.280869E-02  3.945403E-05  6.292095E-08  2.448112E-08  2.564317E-06  6.775989E-12  2.943560E-11  9.867215E-12  5.585552E-04  1.414860E-08  2.769549E-10  2.258592E-10  2.195283E-06  2.986169E-06  2.890826E-09  1.387936E-10  1.824228E-10  2.817635E-10
 3.981500E+02  4.122244E-03  2.101035E-07  1.364656E-12  1.843593E-12  2.064151E-12  2.529365E-12  3.110527E-03  1.757619E-07  9.165235E-12  2.275307E-02  3.896558E-05  6.059698E-08  2.402302E-08  2.532828E-06  6.562639E-12  2.855375E-11  9.632015E-12  5.525868E-04  1.373365E-08  2.712328E-10  2.211023E-10  2.168191E-06  2.949358E-06  2.784107E-09  1.336360E-10  1.756831E-10  2.731090E-10
 3.991500E+02  4.115702E-03  2.085390E-07  1.339047E-12  1.809280E-12  2.025803E-12  2.482747E-12  3.102322E-03  1.735354E-07  8.822778E-12  2.269771E-02  3.848563E-05  5.837023E-08  2.357597E-08  2.501877E-06  6.357084E-12  2.770280E-11  9.403574E-12  5.467096E-04  1.333291E-08  2.656566E-10  2.164686E-10  2.141575E-06  2.913193E-06  2.681860E-09  1.286960E-10  1.692265E-10  2.647634E-10
