#         T/K            c1          c2-1          c3-4          c3-5          c3-7          c3-9            m1          m2-1          m3-1            w1            w2          w3-1          w3-2          c1m1        c1m2-1        c1m2-7        c2m1-1        c1w1-2        c1w2-1        c2w1-1        c2w1-9        m1w1-1        m1w1-4        m1w2-1        m2w1-1        m2w1-3      c1m1w1-1
 2.731500E+02  2.315065E-02  1.855157E-05  5.248002E-09  6.888130E-09  7.663592E-09  9.137880E-09  1.385859E-02  1.689593E-05  2.964444E-07  4.479992E-03  7.203930E-06  1.570960E-07  2.204225E-09  3.511212E-04  1.084936E-07  3.560019E-07  6.050009E-08  2.616430E-03  3.083208E-07  4.289886E-08  3.766974E-08  8.773553E-06  1.194317E-05  1.601786E-07  1.794111E-07  2.272265E-07  1.755102E-07
 2.741500E+02  2.308734E-02  1.819162E-05  5.000668E-09  6.565720E-09  7.305431E-09  8.713564E-09  1.380377E-02  1.642787E-05  2.726129E-07  4.495103E-03  7.111189E-06  1.479247E-07  2.156199E-09  3.411902E-04  1.008988E-07  3.321534E-07  5.710278E-08  2.568881E-03  2.923209E-07  4.105998E-08  3.602391E-08  8.599570E-06  1.170559E-05  1.497213E-07  1.663700E-07  2.107938E-07  1.647122E-07
 2.751500E+02  2.302410E-02  1.784103E-05  4.766690E-09  6.260619E-09  6.966472E-09  8.311871E-09  1.374929E-02  1.597595E-05  2.508503E-07  4.509631E-03  7.018859E-06  1.393069E-07  2.108941E-09  3.316075E-04  9.388581E-08  3.100609E-07  5.391936E-08  2.522274E-03  2.772042E-07  3.930889E-08  3.445806E-08  8.429369E-06  1.147321E-05  1.399867E-07  1.543459E-07  1.956364E-07  1.546349E-07
 2.761500E+02  2.296094E-02  1.749951E-05  4.545266E-09  5.971789E-09  6.645566E-09  7.931456E-09  1.369517E-02  1.553954E-05  2.309649E-07  4.523588E-03  6.926989E-06  1.312088E-07  2.062461E-09  3.223590E-04  8.740645E-08  2.895846E-07  5.093506E-08  2.476593E-03  2.629200E-07  3.764104E-08  3.296797E-08  8.262877E-06  1.124593E-05  1.309227E-07  1.432545E-07  1.816494E-07  1.452270E-07
 2.771500E+02  2.289786E-02  1.716677E-05  4.335643E-09  5.698263E-09  6.341642E-09  7.571059E-09  1.364141E-02  1.511801E-05  2.127836E-07  4.536981E-03  6.835627E-06  1.235986E-07  2.016768E-09  3.134311E-04  8.141692E-08  2.705963E-07  4.813620E-08  2.431822E-03  2.494203E-07  3.605216E-08  3.154969E-08  8.100023E-06  1.102365E-05  1.224810E-07  1.330191E-07  1.687368E-07  1.364408E-07
 2.781500E+02  2.283487E-02  1.684255E-05  4.137120E-09  5.439135E-09  6.053694E-09  7.229503E-09  1.358800E-02  1.471078E-05  1.961502E-07  4.549822E-03  6.744817E-06  1.164465E-07  1.971868E-09  3.048110E-04  7.587723E-08  2.529790E-07  4.551011E-08  2.387946E-03  2.366602E-07  3.453817E-08  3.019945E-08  7.940737E-06  1.080627E-05  1.146168E-07  1.235694E-07  1.568108E-07  1.282325E-07
 2.791500E+02  2.277198E-02  1.652657E-05  3.949041E-09  5.193559E-09  5.780785E-09  6.905688E-09  1.353495E-02  1.431730E-05  1.809238E-07  4.562120E-03  6.654601E-06  1.097244E-07  1.927766E-09  2.964864E-04  7.075088E-08  2.366253E-07  4.304507E-08  2.344949E-03  2.245973E-07  3.309526E-08  2.891372E-08  7.784948E-06  1.059369E-05  1.072887E-07  1.148415E-07  1.457915E-07  1.205612E-07
 2.801500E+02  2.270918E-02  1.621859E-05  3.770792E-09  4.960742E-09  5.522037E-09  6.598583E-09  1.348226E-02  1.393703E-05  1.669769E-07  4.573885E-03  6.565016E-06  1.034060E-07  1.884465E-09  2.884454E-04  6.600453E-08  2.214370E-07  4.073022E-08  2.302815E-03  2.131918E-07  3.171979E-08  2.768914E-08  7.632585E-06  1.038582E-05  1.004585E-07  1.067766E-07  1.356054E-07  1.133894E-07
 2.811500E+02  2.264649E-02  1.591836E-05  3.601799E-09  4.739944E-09  5.276629E-09  6.307224E-09  1.342993E-02  1.356944E-05  1.541946E-07  4.585126E-03  6.476099E-06  9.746647E-08  1.841969E-09  2.806768E-04  6.160773E-08  2.073240E-07  3.855549E-08  2.261529E-03  2.024062E-07  3.040834E-08  2.652256E-08  7.483579E-06  1.018255E-05  9.409061E-08  9.932126E-08  1.261855E-07  1.066822E-07
 2.821500E+02  2.258391E-02  1.562565E-05  3.441526E-09  4.530471E-09  5.043792E-09  6.030707E-09  1.337797E-02  1.321406E-05  1.424725E-07  4.595854E-03  6.387883E-06  9.188266E-08  1.800276E-09  2.731700E-04  5.753263E-08  1.942036E-07  3.651153E-08  2.221075E-03  1.922051E-07  2.915768E-08  2.541099E-08  7.337861E-06  9.983798E-06  8.815223E-08  9.242642E-08  1.174706E-07  1.004074E-07
 2.831500E+02  2.252144E-02  1.534022E-05  3.289468E-09  4.331672E-09  4.822805E-09  5.768186E-09  1.332637E-02  1.287041E-05  1.317166E-07  4.606079E-03  6.300400E-06  8.663277E-08  1.759387E-09  2.659145E-04  5.375375E-08  1.820001E-07  3.458970E-08  2.181438E-03  1.825554E-07  2.796473E-08  2.435162E-08  7.195362E-06  9.789459E-06  8.261292E-08  8.604723E-08  1.094044E-07  9.453489E-08
 2.841500E+02  2.245909E-02  1.506187E-05  3.145156E-09  4.142940E-09  4.612993E-09  5.518867E-09  1.327514E-02  1.253804E-05  1.218414E-07  4.615810E-03  6.213678E-06  8.169633E-08  1.719300E-09  2.589007E-04  5.024778E-08  1.706438E-07  3.278195E-08  2.142604E-03  1.734257E-07  2.682659E-08  2.334176E-08  7.056017E-06  9.599443E-06  7.744450E-08  8.014262E-08  1.019354E-07  8.903715E-08
 2.851500E+02  2.239687E-02  1.479037E-05  3.008147E-09  3.963704E-09  4.413723E-09  5.282007E-09  1.322426E-02  1.221653E-05  1.127697E-07  4.625057E-03  6.127743E-06  7.705417E-08  1.680012E-09  2.521190E-04  4.699337E-08  1.600708E-07  3.108080E-08  2.104556E-03  1.647866E-07  2.574052E-08  2.237891E-08  6.919756E-06  9.413658E-06  7.262085E-08  7.467496E-08  9.501666E-08  8.388843E-08
 2.861500E+02  2.233477E-02  1.452552E-05  2.878028E-09  3.793428E-09  4.224402E-09  5.056908E-09  1.317376E-02  1.190545E-05  1.044312E-07  4.633831E-03  6.042620E-06  7.268826E-08  1.641519E-09  2.455606E-04  4.397096E-08  1.502225E-07  2.947934E-08  2.067280E-03  1.566103E-07  2.470392E-08  2.146068E-08  6.786516E-06  9.232011E-06  6.811776E-08  6.960980E-08  8.860481E-08  7.906494E-08
 2.871500E+02  2.227281E-02  1.426712E-05  2.754411E-09  3.631611E-09  4.044473E-09  4.842914E-09  1.312361E-02  1.160441E-05  9.676242E-08  4.642141E-03  5.958330E-06  6.858169E-08  1.603816E-09  2.392168E-04  4.116262E-08  1.410446E-07  2.797111E-08  2.030762E-03  1.488707E-07  2.371434E-08  2.058480E-08  6.656230E-06  9.054412E-06  6.391282E-08  6.491553E-08  8.266028E-08  7.454459E-08
 2.881500E+02  2.221098E-02  1.401499E-05  2.636932E-09  3.477781E-09  3.873415E-09  4.639412E-09  1.307383E-02  1.131303E-05  8.970557E-08  4.649996E-03  5.874893E-06  6.471862E-08  1.566898E-09  2.330794E-04  3.855191E-08  1.324877E-07  2.655013E-08  1.994986E-03  1.415433E-07  2.276944E-08  1.974916E-08  6.528836E-06  8.880774E-06  5.998521E-08  6.056318E-08  7.714672E-08  7.030688E-08
 2.891500E+02  2.214930E-02  1.376894E-05  2.525250E-09  3.331496E-09  3.710735E-09  4.445824E-09  1.302441E-02  1.103096E-05  8.320822E-08  4.657407E-03  5.792328E-06  6.108416E-08  1.530757E-09  2.271406E-04  3.612373E-08  1.245058E-07  2.521081E-08  1.959938E-03  1.346049E-07  2.186702E-08  1.895173E-08  6.404268E-06  8.711007E-06  5.631565E-08  5.652617E-08  7.203077E-08  6.633280E-08
 2.901500E+02  2.208776E-02  1.352879E-05  2.419042E-09  3.192342E-09  3.555975E-09  4.261608E-09  1.297535E-02  1.075784E-05  7.722271E-08  4.664382E-03  5.710650E-06  5.766435E-08  1.495387E-09  2.213928E-04  3.386424E-08  1.170571E-07  2.394797E-08  1.925605E-03  1.280337E-07  2.100500E-08  1.819060E-08  6.282466E-06  8.545027E-06  5.288626E-08  5.278010E-08  6.728179E-08  6.260468E-08
 2.911500E+02  2.202637E-02  1.329438E-05  2.318010E-09  3.059927E-09  3.408701E-09  4.086254E-09  1.292664E-02  1.049334E-05  7.170569E-08  4.670932E-03  5.629875E-06  5.444609E-08  1.460780E-09  2.158288E-04  3.176070E-08  1.101025E-07  2.275679E-08  1.891972E-03  1.218091E-07  2.018138E-08  1.746397E-08  6.163369E-06  8.382749E-06  4.968044E-08  4.930258E-08  6.287167E-08  5.910614E-08
 2.921500E+02  2.196513E-02  1.306552E-05  2.221869E-09  2.933887E-09  3.268507E-09  3.919284E-09  1.287830E-02  1.023713E-05  6.661775E-08  4.677066E-03  5.550014E-06  5.141712E-08  1.426927E-09  2.104418E-04  2.980143E-08  1.036065E-07  2.163277E-08  1.859024E-03  1.159118E-07  1.939431E-08  1.677012E-08  6.046915E-06  8.224089E-06  4.668279E-08  4.607303E-08  5.877455E-08  5.582193E-08
 2.931500E+02  2.190405E-02  1.284208E-05  2.130354E-09  2.813875E-09  3.135010E-09  3.760246E-09  1.283030E-02  9.988926E-06  6.192298E-08  4.682792E-03  5.471079E-06  4.856589E-08  1.393819E-09  2.052250E-04  2.797567E-08  9.753598E-08  2.057171E-08  1.826749E-03  1.103236E-07  1.864201E-08  1.610744E-08  5.933046E-06  8.068965E-06  4.387903E-08  4.307254E-08  5.496667E-08  5.273789E-08
 2.941500E+02  2.184313E-02  1.262388E-05  2.043215E-09  2.699568E-09  3.007850E-09  3.608717E-09  1.278267E-02  9.748419E-06  5.758869E-08  4.688122E-03  5.393079E-06  4.588160E-08  1.361448E-09  2.001723E-04  2.627353E-08  9.186059E-08  1.956972E-08  1.795133E-03  1.050273E-07  1.792278E-08  1.547438E-08  5.821704E-06  7.917298E-06  4.125590E-08  4.028374E-08  5.142619E-08  4.984087E-08
 2.951500E+02  2.178237E-02  1.241078E-05  1.960216E-09  2.590661E-09  2.886690E-09  3.464298E-09  1.273538E-02  9.515332E-06  5.358509E-08  4.693062E-03  5.316024E-06  4.335411E-08  1.329801E-09  1.952774E-04  2.468591E-08  8.655225E-08  1.862315E-08  1.764162E-03  1.000068E-07  1.723504E-08  1.486951E-08  5.712831E-06  7.769009E-06  3.880109E-08  3.769065E-08  4.813301E-08  4.711863E-08
 2.961500E+02  2.172177E-02  1.220263E-05  1.881138E-09  2.486867E-09  2.771211E-09  3.326613E-09  1.268844E-02  9.289394E-06  4.988501E-08  4.697623E-03  5.239918E-06  4.097391E-08  1.298871E-09  1.905347E-04  2.320442E-08  8.158504E-08  1.772861E-08  1.733824E-03  9.524683E-08  1.657727E-08  1.429144E-08  5.606372E-06  7.624019E-06  3.650315E-08  3.527856E-08  4.506862E-08  4.455978E-08
 2.971500E+02  2.166135E-02  1.199930E-05  1.805770E-09  2.387916E-09  2.661113E-09  3.195310E-09  1.264185E-02  9.070348E-06  4.646367E-08  4.701813E-03  5.164769E-06  3.873208E-08  1.268645E-09  1.859386E-04  2.182134E-08  7.693501E-08  1.688293E-08  1.704104E-03  9.073298E-08  1.594804E-08  1.373887E-08  5.502271E-06  7.482253E-06  3.435146E-08  3.303395E-08  4.221601E-08  4.215372E-08
 2.981500E+02  2.160109E-02  1.180065E-05  1.733918E-09  2.293554E-09  2.556114E-09  3.070054E-09  1.259561E-02  8.857944E-06  4.329844E-08  4.705641E-03  5.090580E-06  3.662024E-08  1.239113E-09  1.814836E-04  2.052955E-08  7.258002E-08  1.608314E-08  1.674992E-03  8.645175E-08  1.534598E-08  1.321056E-08  5.400474E-06  7.343637E-06  3.233617E-08  3.094436E-08  3.955948E-08  3.989060E-08
 2.991500E+02  2.154102E-02  1.160655E-05  1.665397E-09  2.203541E-09  2.455949E-09  2.950532E-09  1.254970E-02  8.651945E-06  4.036865E-08  4.709115E-03  5.017355E-06  3.463054E-08  1.210264E-09  1.771647E-04  1.932250E-08  6.849961E-08  1.532649E-08  1.646474E-03  8.239038E-08  1.476981E-08  1.270535E-08  5.300928E-06  7.208098E-06  3.044810E-08  2.899830E-08  3.708458E-08  3.776123E-08
 3.001500E+02  2.148112E-02  1.141687E-05  1.600033E-09  2.117651E-09  2.360365E-09  2.836448E-09  1.250414E-02  8.452122E-06  3.765541E-08  4.712245E-03  4.945094E-06  3.275563E-08  1.182086E-09  1.729771E-04  1.819411E-08  6.467485E-08  1.461039E-08  1.618537E-03  7.853686E-08  1.421830E-08  1.222212E-08  5.203582E-06  7.075563E-06  2.867872E-08  2.718522E-08  3.477800E-08  3.575707E-08
 3.011500E+02  2.142140E-02  1.123149E-05  1.537663E-09  2.035671E-09  2.269128E-09  2.727523E-09  1.245892E-02  8.258257E-06  3.514147E-08  4.715038E-03  4.873801E-06  3.098858E-08  1.154567E-09  1.689159E-04  1.713881E-08  6.108821E-08  1.393244E-08  1.591170E-03  7.487985E-08  1.369029E-08  1.175981E-08  5.108384E-06  6.945964E-06  2.702012E-08  2.549536E-08  3.262744E-08  3.387014E-08
 3.021500E+02  2.136186E-02  1.105028E-05  1.478131E-09  1.957401E-09  2.182013E-09  2.623494E-09  1.241403E-02  8.070138E-06  3.281102E-08  4.717503E-03  4.803473E-06  2.932293E-08  1.127697E-09  1.649766E-04  1.615143E-08  5.772346E-08  1.329036E-08  1.564361E-03  7.140866E-08  1.318467E-08  1.131744E-08  5.015284E-06  6.819231E-06  2.546493E-08  2.391974E-08  3.062159E-08  3.209302E-08
 3.031500E+02  2.130250E-02  1.087315E-05  1.421292E-09  1.882651E-09  2.098812E-09  2.524112E-09  1.236947E-02  7.887563E-06  3.064960E-08  4.719648E-03  4.734111E-06  2.775258E-08  1.101463E-09  1.611550E-04  1.522719E-08  5.456557E-08  1.268206E-08  1.538098E-03  6.811320E-08  1.270040E-08  1.089406E-08  4.924234E-06  6.695298E-06  2.400629E-08  2.245006E-08  2.874998E-08  3.041878E-08
 3.041500E+02  2.124334E-02  1.069997E-05  1.367009E-09  1.811243E-09  2.019325E-09  2.429142E-09  1.232524E-02  7.710339E-06  2.864399E-08  4.721480E-03  4.665713E-06  2.627182E-08  1.075853E-09  1.574469E-04  1.436171E-08  5.160061E-08  1.210556E-08  1.512369E-03  6.498399E-08  1.223648E-08  1.048875E-08  4.835186E-06  6.574097E-06  2.263783E-08  2.107868E-08  2.700296E-08  2.884098E-08
 3.051500E+02  2.118436E-02  1.053063E-05  1.315152E-09  1.743007E-09  1.943366E-09  2.338365E-09  1.228134E-02  7.538279E-06  2.678204E-08  4.723008E-03  4.598276E-06  2.487532E-08  1.050856E-09  1.538483E-04  1.355088E-08  4.881566E-08  1.155900E-08  1.487164E-03  6.201205E-08  1.179196E-08  1.010069E-08  4.748093E-06  6.455566E-06  2.135362E-08  1.979854E-08  2.537162E-08  2.735358E-08
 3.061500E+02  2.112558E-02  1.036504E-05  1.265599E-09  1.677786E-09  1.870757E-09  2.251569E-09  1.223776E-02  7.371204E-06  2.505264E-08  4.724240E-03  4.531796E-06  2.355803E-08  1.026459E-09  1.503554E-04  1.279095E-08  4.619874E-08  1.104067E-08  1.462470E-03  5.918892E-08  1.136596E-08  9.729041E-09  4.662909E-06  6.339641E-06  2.014813E-08  1.860310E-08  2.384773E-08  2.595098E-08
 3.071500E+02  2.106698E-02  1.020308E-05  1.218233E-09  1.615427E-09  1.801332E-09  2.168558E-09  1.219451E-02  7.208943E-06  2.344558E-08  4.725182E-03  4.466271E-06  2.231525E-08  1.002650E-09  1.469644E-04  1.207843E-08  4.373874E-08  1.054893E-08  1.438278E-03  5.650663E-08  1.095761E-08  9.373052E-09  4.579590E-06  6.226261E-06  1.901622E-08  1.748635E-08  2.242366E-08  2.462792E-08
 3.081500E+02  2.100859E-02  1.004468E-05  1.172947E-09  1.555790E-09  1.734932E-09  2.089145E-09  1.215157E-02  7.051330E-06  2.195152E-08  4.725843E-03  4.401694E-06  2.114255E-08  9.794173E-10  1.436719E-04  1.141008E-08  4.142532E-08  1.008226E-08  1.414576E-03  5.395765E-08  1.056612E-08  9.031991E-09  4.498091E-06  6.115365E-06  1.795311E-08  1.644271E-08  2.109239E-08  2.337950E-08
 3.091500E+02  2.095039E-02  9.889716E-06  1.129637E-09  1.498739E-09  1.671409E-09  2.013154E-09  1.210895E-02  6.898206E-06  2.056185E-08  4.726230E-03  4.338061E-06  2.003577E-08  9.567492E-10  1.404744E-04  1.078291E-08  3.924890E-08  9.639253E-09  1.391354E-03  5.153488E-08  1.019070E-08  8.705163E-09  4.418369E-06  6.006894E-06  1.695434E-08  1.546704E-08  1.984741E-08  2.220116E-08
 3.101500E+02  2.089238E-02  9.738113E-06  1.088204E-09  1.444149E-09  1.610621E-09  1.940417E-09  1.206664E-02  6.749419E-06  1.926868E-08  4.726349E-03  4.275366E-06  1.899103E-08  9.346337E-10  1.373687E-04  1.019414E-08  3.720058E-08  9.218558E-09  1.368602E-03  4.923161E-08  9.830622E-09  8.391912E-09  4.340384E-06  5.900791E-06  1.601575E-08  1.455456E-08  1.868268E-08  2.108861E-08
 3.111500E+02  2.083458E-02  9.589778E-06  1.048558E-09  1.391898E-09  1.552436E-09  1.870778E-09  1.202464E-02  6.604823E-06  1.806476E-08  4.726209E-03  4.213603E-06  1.800466E-08  9.130590E-10  1.343517E-04  9.641196E-09  3.527206E-08  8.818925E-09  1.346309E-03  4.704150E-08  9.485198E-09  8.091613E-09  4.264093E-06  5.797001E-06  1.513347E-08  1.370087E-08  1.759265E-08  2.003787E-08
 3.121500E+02  2.077698E-02  9.444624E-06  1.010611E-09  1.341873E-09  1.496726E-09  1.804085E-09  1.198295E-02  6.464276E-06  1.694343E-08  4.725815E-03  4.152764E-06  1.707322E-08  8.920133E-10  1.314204E-04  9.121698E-09  3.345566E-08  8.439178E-09  1.324466E-03  4.495860E-08  9.153764E-09  7.803673E-09  4.189456E-06  5.695466E-06  1.430389E-08  1.290190E-08  1.657215E-08  1.904519E-08
 3.131500E+02  2.071959E-02  9.302569E-06  9.742810E-10  1.293968E-09  1.443373E-09  1.740198E-09  1.194156E-02  6.327642E-06  1.589854E-08  4.725175E-03  4.092843E-06  1.619350E-08  8.714849E-10  1.285718E-04  8.633428E-09  3.174421E-08  8.078213E-09  1.303062E-03  4.297725E-08  8.835690E-09  7.527526E-09  4.116435E-06  5.596135E-06  1.352366E-08  1.215385E-08  1.561639E-08  1.810709E-08
 3.141500E+02  2.066240E-02  9.163531E-06  9.394892E-10  1.248079E-09  1.392264E-09  1.678983E-09  1.190047E-02  6.194792E-06  1.492445E-08  4.724295E-03  4.033831E-06  1.536245E-08  8.514625E-10  1.258032E-04  8.174331E-09  3.013103E-08  7.734992E-09  1.282089E-03  4.109212E-08  8.530378E-09  7.262637E-09  4.044991E-06  5.498955E-06  1.278963E-08  1.145324E-08  1.472095E-08  1.722030E-08
 3.151500E+02  2.060541E-02  9.027432E-06  9.061621E-10  1.204111E-09  1.343291E-09  1.620314E-09  1.185969E-02  6.065600E-06  1.401596E-08  4.723181E-03  3.975721E-06  1.457724E-08  8.319345E-10  1.231119E-04  7.742495E-09  2.860992E-08  7.408542E-09  1.261537E-03  3.929819E-08  8.237258E-09  7.008497E-09  3.975087E-06  5.403874E-06  1.209888E-08  1.079681E-08  1.388172E-08  1.638177E-08
 3.161500E+02  2.054863E-02  8.894195E-06  8.742299E-10  1.161973E-09  1.296353E-09  1.564069E-09  1.181919E-02  5.939945E-06  1.316828E-08  4.721841E-03  3.918505E-06  1.383520E-08  8.128897E-10  1.204954E-04  7.336146E-09  2.717510E-08  7.097946E-09  1.241397E-03  3.759070E-08  7.955790E-09  6.764620E-09  3.906687E-06  5.310843E-06  1.144867E-08  1.018157E-08  1.309489E-08  1.558862E-08
 3.171500E+02  2.049206E-02  8.763747E-06  8.436263E-10  1.121578E-09  1.251355E-09  1.510135E-09  1.177900E-02  5.817711E-06  1.237700E-08  4.720280E-03  3.862172E-06  1.313381E-08  7.943170E-10  1.179511E-04  6.953635E-09  2.582118E-08  6.802345E-09  1.221660E-03  3.596515E-08  7.685457E-09  6.530546E-09  3.839754E-06  5.219812E-06  1.083646E-08  9.604723E-09  1.235693E-08  1.483819E-08
 3.181500E+02  2.043570E-02  8.636016E-06  8.142886E-10  1.082844E-09  1.208205E-09  1.458405E-09  1.173909E-02  5.698786E-06  1.163805E-08  4.718504E-03  3.806715E-06  1.247072E-08  7.762054E-10  1.154767E-04  6.593428E-09  2.454314E-08  6.520928E-09  1.202317E-03  3.441731E-08  7.425770E-09  6.305836E-09  3.774254E-06  5.130735E-06  1.025987E-08  9.063680E-09  1.166456E-08  1.412797E-08
 3.191500E+02  2.037955E-02  8.510932E-06  7.861573E-10  1.045694E-09  1.166817E-09  1.408776E-09  1.169946E-02  5.583064E-06  1.094767E-08  4.716520E-03  3.752124E-06  1.184372E-08  7.585442E-10  1.130699E-04  6.254098E-09  2.333628E-08  6.252934E-09  1.183360E-03  3.294317E-08  7.176260E-09  6.090073E-09  3.710153E-06  5.043564E-06  9.716674E-09  8.556044E-09  1.101474E-08  1.345560E-08
 3.201500E+02  2.032361E-02  8.388429E-06  7.591762E-10  1.010054E-09  1.127109E-09  1.361150E-09  1.166013E-02  5.470439E-06  1.030240E-08  4.714332E-03  3.698390E-06  1.125072E-08  7.413226E-10  1.107284E-04  5.934315E-09  2.219625E-08  5.997646E-09  1.164780E-03  3.153892E-08  6.936482E-09  5.882860E-09  3.647418E-06  4.958253E-06  9.204806E-09  8.079586E-09  1.040465E-08  1.281888E-08
 3.211500E+02  2.026788E-02  8.268440E-06  7.332917E-10  9.758544E-10  1.089004E-09  1.315437E-09  1.162107E-02  5.360813E-06  9.699027E-09  4.711948E-03  3.645502E-06  1.068977E-08  7.245301E-10  1.084502E-04  5.632845E-09  2.111895E-08  5.754390E-09  1.146569E-03  3.020100E-08  6.706015E-09  5.683820E-09  3.586016E-06  4.874760E-06  8.722324E-09  7.632237E-09  9.831643E-09  1.221576E-08
 3.221500E+02  2.021236E-02  8.150903E-06  7.084532E-10  9.430288E-10  1.052428E-09  1.271547E-09  1.158229E-02  5.254090E-06  9.134610E-09  4.709372E-03  3.593452E-06  1.015903E-08  7.081565E-10  1.062333E-04  5.348534E-09  2.010059E-08  5.522531E-09  1.128719E-03  2.892601E-08  6.484452E-09  5.492593E-09  3.525916E-06  4.793040E-06  8.267419E-09  7.212073E-09  9.293298E-09  1.164428E-08
 3.231500E+02  2.015706E-02  8.035755E-06  6.846127E-10  9.115144E-10  1.017312E-09  1.229400E-09  1.154379E-02  5.150177E-06  8.606412E-09  4.706610E-03  3.542228E-06  9.656769E-09  6.921917E-10  1.040756E-04  5.080309E-09  1.913761E-08  5.301470E-09  1.111222E-03  2.771074E-08  6.271411E-09  5.308836E-09  3.467086E-06  4.713052E-06  7.838398E-09  6.817308E-09  8.787341E-09  1.110264E-08
 3.241500E+02  2.010197E-02  7.922937E-06  6.617245E-10  8.812518E-10  9.835878E-10  1.188915E-09  1.150556E-02  5.048985E-06  8.111907E-09  4.703667E-03  3.491821E-06  9.181370E-09  6.766255E-10  1.019752E-04  4.827171E-09  1.822668E-08  5.090644E-09  1.094070E-03  2.655217E-08  6.066525E-09  5.132225E-09  3.409498E-06  4.634754E-06  7.433679E-09  6.446281E-09  8.311664E-09  1.058914E-08
 3.251500E+02  2.004709E-02  7.812391E-06  6.397454E-10  8.521841E-10  9.511940E-10  1.150018E-09  1.146760E-02  4.950428E-06  7.648758E-09  4.700549E-03  3.442221E-06  8.731303E-09  6.614484E-10  9.993039E-05  4.588185E-09  1.736469E-08  4.889520E-09  1.077256E-03  2.544742E-08  5.869444E-09  4.962448E-09  3.353121E-06  4.558105E-06  7.051783E-09  6.097447E-09  7.864305E-09  1.010217E-08
 3.261500E+02  1.999243E-02  7.704061E-06  6.186341E-10  8.242577E-10  9.200705E-10  1.112638E-09  1.142990E-02  4.854423E-06  7.214804E-09  4.697260E-03  3.393417E-06  8.305131E-09  6.466506E-10  9.793934E-05  4.362481E-09  1.654874E-08  4.697599E-09  1.060772E-03  2.439379E-08  5.679835E-09  4.799209E-09  3.297927E-06  4.483068E-06  6.691325E-09  5.769368E-09  7.443437E-09  9.640237E-09
 3.271500E+02  1.993799E-02  7.597891E-06  5.983518E-10  7.974215E-10  8.901605E-10  1.076708E-09  1.139248E-02  4.760891E-06  6.808042E-09  4.693806E-03  3.345398E-06  7.901505E-09  6.322229E-10  9.600036E-05  4.149248E-09  1.577612E-08  4.514407E-09  1.044612E-03  2.338871E-08  5.497382E-09  4.642227E-09  3.243887E-06  4.409603E-06  6.351012E-09  5.460708E-09  7.047361E-09  9.201930E-09
 3.281500E+02  1.988376E-02  7.493828E-06  5.788612E-10  7.716269E-10  8.614099E-10  1.042163E-09  1.135531E-02  4.669755E-06  6.426618E-09  4.690191E-03  3.298155E-06  7.519153E-09  6.181558E-10  9.411181E-05  3.947726E-09  1.504428E-08  4.339499E-09  1.028767E-03  2.242975E-08  5.321782E-09  4.491234E-09  3.190975E-06  4.337673E-06  6.029632E-09  5.170221E-09  6.674493E-09  8.785926E-09
 3.291500E+02  1.982975E-02  7.391822E-06  5.601272E-10  7.468278E-10  8.337676E-10  1.008942E-09  1.131840E-02  4.580940E-06  6.068815E-09  4.686421E-03  3.251676E-06  7.156880E-09  6.044405E-10  9.227214E-05  3.757207E-09  1.435084E-08  4.172454E-09  1.013232E-03  2.151461E-08  5.152746E-09  4.345973E-09  3.139164E-06  4.267243E-06  5.726050E-09  4.896747E-09  6.323360E-09  8.390981E-09
 3.301500E+02  1.977595E-02  7.291821E-06  5.421162E-10  7.229804E-10  8.071847E-10  9.769879E-10  1.128175E-02  4.494376E-06  5.733040E-09  4.682499E-03  3.205951E-06  6.813562E-09  5.910680E-10  9.047981E-05  3.577030E-09  1.369357E-08  4.012874E-09  9.979991E-04  2.064111E-08  4.989999E-09  4.206201E-09  3.088429E-06  4.198276E-06  5.439206E-09  4.639206E-09  5.992587E-09  8.015927E-09
 3.311500E+02  1.972237E-02  7.193777E-06  5.247964E-10  7.000430E-10  7.816148E-10  9.462448E-10  1.124536E-02  4.409992E-06  5.417815E-09  4.678431E-03  3.160969E-06  6.488141E-09  5.780297E-10  8.873337E-05  3.406575E-09  1.307039E-08  3.860385E-09  9.830621E-04  1.980719E-08  4.833277E-09  4.071685E-09  3.038742E-06  4.130737E-06  5.168105E-09  4.396591E-09  5.680893E-09  7.659666E-09
 3.321500E+02  1.966901E-02  7.097643E-06  5.081375E-10  6.779758E-10  7.570139E-10  9.166604E-10  1.120921E-02  4.327724E-06  5.121771E-09  4.674221E-03  3.116719E-06  6.179619E-09  5.653170E-10  8.703139E-05  3.245266E-09  1.247933E-08  3.714631E-09  9.684144E-04  1.901090E-08  4.682331E-09  3.942203E-09  2.990081E-06  4.064594E-06  4.911815E-09  4.167964E-09  5.387083E-09  7.321164E-09
 3.331500E+02  1.961587E-02  7.003373E-06  4.921108E-10  6.567411E-10  7.333400E-10  8.881848E-10  1.117331E-02  4.247506E-06  4.843636E-09  4.669873E-03  3.073192E-06  5.887060E-09  5.529218E-10  8.537253E-05  3.092559E-09  1.191857E-08  3.575279E-09  9.540498E-04  1.825039E-08  4.536921E-09  3.817544E-09  2.942421E-06  3.999814E-06  4.669464E-09  3.952449E-09  5.110044E-09  6.999450E-09
 3.341500E+02  1.956294E-02  6.910922E-06  4.766887E-10  6.363031E-10  7.105531E-10  8.607703E-10  1.113766E-02  4.169277E-06  4.582229E-09  4.665391E-03  3.030376E-06  5.609580E-09  5.408359E-10  8.375547E-05  2.947950E-09  1.138638E-08  3.442012E-09  9.399620E-04  1.752391E-08  4.396819E-09  3.697506E-09  2.895738E-06  3.936364E-06  4.440235E-09  3.749230E-09  4.848736E-09  6.693610E-09
 3.351500E+02  1.951023E-02  6.820246E-06  4.618453E-10  6.166276E-10  6.886152E-10  8.343717E-10  1.110226E-02  4.092976E-06  4.336452E-09  4.660780E-03  2.988261E-06  5.346348E-09  5.290514E-10  8.217893E-05  2.810965E-09  1.088116E-08  3.314531E-09  9.261450E-04  1.682979E-08  4.261806E-09  3.581896E-09  2.850009E-06  3.874212E-06  4.223359E-09  3.557545E-09  4.602188E-09  6.402783E-09
 3.361500E+02  1.945774E-02  6.731304E-06  4.475556E-10  5.976819E-10  6.674901E-10  8.089459E-10  1.106709E-02  4.018547E-06  4.105287E-09  4.656043E-03  2.946836E-06  5.096580E-09  5.175604E-10  8.064170E-05  2.681160E-09  1.040138E-08  3.192552E-09  9.125929E-04  1.616647E-08  4.131675E-09  3.470531E-09  2.805213E-06  3.813329E-06  4.018118E-09  3.376683E-09  4.369493E-09  6.126160E-09
 3.371500E+02  1.940546E-02  6.644054E-06  4.337961E-10  5.794351E-10  6.471434E-10  7.844518E-10  1.103216E-02  3.945934E-06  3.887786E-09  4.651185E-03  2.906090E-06  4.859541E-09  5.063555E-10  7.914260E-05  2.558119E-09  9.945621E-09  3.075808E-09  8.993000E-04  1.553244E-08  4.006227E-09  3.363235E-09  2.761327E-06  3.753685E-06  3.823839E-09  3.205980E-09  4.149806E-09  5.862978E-09
 3.381500E+02  1.935340E-02  6.558456E-06  4.205442E-10  5.618576E-10  6.275420E-10  7.608503E-10  1.099747E-02  3.875082E-06  3.683067E-09  4.646209E-03  2.866014E-06  4.634533E-09  4.954293E-10  7.768048E-05  2.441453E-09  9.512557E-09  2.964046E-09  8.862606E-04  1.492631E-08  3.885271E-09  3.259841E-09  2.718330E-06  3.695251E-06  3.639887E-09  3.044815E-09  3.942336E-09  5.612520E-09
 3.391500E+02  1.930156E-02  6.474472E-06  4.077785E-10  5.449214E-10  6.086549E-10  7.381040E-10  1.096301E-02  3.805940E-06  3.490310E-09  4.641119E-03  2.826596E-06  4.420903E-09  4.847744E-10  7.625424E-05  2.330797E-09  9.100931E-09  2.857026E-09  8.734691E-04  1.434672E-08  3.768626E-09  3.160189E-09  2.676201E-06  3.637998E-06  3.465671E-09  2.892609E-09  3.746344E-09  5.374108E-09
 3.401500E+02  1.924994E-02  6.392064E-06  3.954786E-10  5.285995E-10  5.904520E-10  7.161775E-10  1.092878E-02  3.738458E-06  3.308752E-09  4.635919E-03  2.787827E-06  4.218033E-09  4.743839E-10  7.486283E-05  2.225809E-09  8.709564E-09  2.754521E-09  8.609203E-04  1.379241E-08  3.656119E-09  3.064126E-09  2.634921E-06  3.581900E-06  3.300631E-09  2.748821E-09  3.561138E-09  5.147104E-09
 3.411500E+02  1.919853E-02  6.311195E-06  3.836249E-10  5.128665E-10  5.729050E-10  6.950367E-10  1.089478E-02  3.672588E-06  3.137683E-09  4.630612E-03  2.749696E-06  4.025342E-09  4.642510E-10  7.350521E-05  2.126168E-09  8.337350E-09  2.656315E-09  8.486088E-04  1.326217E-08  3.547584E-09  2.971506E-09  2.594470E-06  3.526928E-06  3.144246E-09  2.612942E-09  3.386072E-09  4.930908E-09
 3.421500E+02  1.914734E-02  6.231830E-06  3.721989E-10  4.976980E-10  5.559868E-10  6.746494E-10  1.086101E-02  3.608282E-06  2.976439E-09  4.625201E-03  2.712193E-06  3.842282E-09  4.543688E-10  7.218040E-05  2.031573E-09  7.983247E-09  2.562206E-09  8.365295E-04  1.275485E-08  3.442862E-09  2.882191E-09  2.554827E-06  3.473057E-06  2.996024E-09  2.484501E-09  3.220541E-09  4.724954E-09
 3.431500E+02  1.909636E-02  6.153933E-06  3.611829E-10  4.830706E-10  5.396714E-10  6.549847E-10  1.082746E-02  3.545495E-06  2.824405E-09  4.619691E-03  2.675308E-06  3.668334E-09  4.447308E-10  7.088743E-05  1.941741E-09  7.646276E-09  2.472000E-09  8.246774E-04  1.226937E-08  3.341803E-09  2.796047E-09  2.515976E-06  3.420262E-06  2.855504E-09  2.363053E-09  3.063981E-09  4.528705E-09
 3.441500E+02  1.904560E-02  6.077471E-06  3.505601E-10  4.689623E-10  5.239343E-10  6.360131E-10  1.079414E-02  3.484184E-06  2.681006E-09  4.614084E-03  2.639031E-06  3.503012E-09  4.353307E-10  6.962539E-05  1.856406E-09  7.325516E-09  2.385514E-09  8.130476E-04  1.180470E-08  3.244260E-09  2.712947E-09  2.477896E-06  3.368517E-06  2.722252E-09  2.248184E-09  2.915860E-09  4.341659E-09
 3.451500E+02  1.899506E-02  6.002411E-06  3.403142E-10  4.553518E-10  5.087518E-10  6.177066E-10  1.076103E-02  3.424307E-06  2.545704E-09  4.608384E-03  2.603351E-06  3.345855E-09  4.261622E-10  6.839337E-05  1.775320E-09  7.020099E-09  2.302575E-09  8.016352E-04  1.135986E-08  3.150096E-09  2.632769E-09  2.440572E-06  3.317799E-06  2.595860E-09  2.139505E-09  2.775683E-09  4.163340E-09
 3.461500E+02  1.894473E-02  5.928721E-06  3.304300E-10  4.422190E-10  4.941015E-10  6.000383E-10  1.072814E-02  3.365822E-06  2.418000E-09  4.602593E-03  2.568260E-06  3.196430E-09  4.172192E-10  6.719051E-05  1.698248E-09  6.729210E-09  2.223019E-09  7.904356E-04  1.093393E-08  3.059178E-09  2.555397E-09  2.403984E-06  3.268083E-06  2.475946E-09  2.036653E-09  2.642986E-09  3.993297E-09
 3.471500E+02  1.889462E-02  5.856371E-06  3.208927E-10  4.295446E-10  4.799619E-10  5.829826E-10  1.069547E-02  3.308690E-06  2.297428E-09  4.596716E-03  2.533747E-06  3.054326E-09  4.084959E-10  6.601598E-05  1.624969E-09  6.452079E-09  2.146688E-09  7.794441E-04  1.052601E-08  2.971379E-09  2.480720E-09  2.368117E-06  3.219347E-06  2.362150E-09  1.939287E-09  2.517333E-09  3.831108E-09
 3.481500E+02  1.884472E-02  5.785328E-06  3.116884E-10  4.173102E-10  4.663126E-10  5.665151E-10  1.066301E-02  3.252873E-06  2.183550E-09  4.590754E-03  2.499803E-06  2.919158E-09  3.999865E-10  6.486897E-05  1.555278E-09  6.187983E-09  2.073436E-09  7.686564E-04  1.013528E-08  2.886579E-09  2.408632E-09  2.332953E-06  3.171567E-06  2.254132E-09  1.847089E-09  2.398316E-09  3.676372E-09
 3.491500E+02  1.879504E-02  5.715565E-06  3.028037E-10  4.054982E-10  4.531339E-10  5.506124E-10  1.063076E-02  3.198334E-06  2.075961E-09  4.584710E-03  2.466419E-06  2.790560E-09  3.916853E-10  6.374870E-05  1.488979E-09  5.936237E-09  2.003121E-09  7.580680E-04  9.760936E-09  2.804659E-09  2.339031E-09  2.298477E-06  3.124723E-06  2.151575E-09  1.759758E-09  2.285552E-09  3.528710E-09
 3.501500E+02  1.874557E-02  5.647053E-06  2.942258E-10  3.940917E-10  4.404072E-10  5.352522E-10  1.059871E-02  3.145037E-06  1.974279E-09  4.578588E-03  2.433584E-06  2.668189E-09  3.835869E-10  6.265441E-05  1.425889E-09  5.696200E-09  1.935610E-09  7.476747E-04  9.402224E-09  2.725511E-09  2.271819E-09  2.264674E-06  3.078792E-06  2.054179E-09  1.677014E-09  2.178683E-09  3.387766E-09
 3.511500E+02  1.869631E-02  5.579762E-06  2.859426E-10  3.830749E-10  4.281146E-10  5.204131E-10  1.056688E-02  3.092948E-06  1.878150E-09  4.572391E-03  2.401289E-06  2.551719E-09  3.756859E-10  6.158537E-05  1.365836E-09  5.467265E-09  1.870777E-09  7.374723E-04  9.058426E-09  2.649027E-09  2.206905E-09  2.231526E-06  3.033755E-06  1.961661E-09  1.598595E-09  2.077372E-09  3.253201E-09
 3.521500E+02  1.864727E-02  5.513667E-06  2.779423E-10  3.724322E-10  4.162391E-10  5.060747E-10  1.053524E-02  3.042034E-06  1.787242E-09  4.566120E-03  2.369527E-06  2.440843E-09  3.679772E-10  6.054087E-05  1.308658E-09  5.248858E-09  1.808501E-09  7.274567E-04  8.728859E-09  2.575104E-09  2.144197E-09  2.199021E-06  2.989590E-06  1.873756E-09  1.524253E-09  1.981303E-09  3.124697E-09
 3.531500E+02  1.859844E-02  5.448741E-06  2.702138E-10  3.621492E-10  4.047643E-10  4.922176E-10  1.050382E-02  2.992261E-06  1.701243E-09  4.559779E-03  2.338286E-06  2.335270E-09  3.604557E-10  5.952024E-05  1.254202E-09  5.040441E-09  1.748667E-09  7.176239E-04  8.412876E-09  2.503647E-09  2.083613E-09  2.167143E-06  2.946277E-06  1.790214E-09  1.453757E-09  1.890180E-09  3.001951E-09
 3.541500E+02  1.854982E-02  5.384958E-06  2.627465E-10  3.522117E-10  3.936746E-10  4.788231E-10  1.047259E-02  2.943599E-06  1.619863E-09  4.553370E-03  2.307559E-06  2.234727E-09  3.531164E-10  5.852280E-05  1.202323E-09  4.841504E-09  1.691167E-09  7.079700E-04  8.109859E-09  2.434561E-09  2.025069E-09  2.135878E-06  2.903798E-06  1.710799E-09  1.386890E-09  1.803724E-09  2.884678E-09
 3.551500E+02  1.850141E-02  5.322292E-06  2.555302E-10  3.426063E-10  3.829551E-10  4.658733E-10  1.044155E-02  2.896017E-06  1.542829E-09  4.546895E-03  2.277337E-06  2.138955E-09  3.459546E-10  5.754792E-05  1.152887E-09  4.651565E-09  1.635898E-09  6.984913E-04  7.819221E-09  2.367756E-09  1.968487E-09  2.105212E-06  2.862134E-06  1.635290E-09  1.323447E-09  1.721674E-09  2.772607E-09
 3.561500E+02  1.845322E-02  5.260720E-06  2.485552E-10  3.333203E-10  3.725916E-10  4.533512E-10  1.041072E-02  2.849486E-06  1.469888E-09  4.540357E-03  2.247610E-06  2.047709E-09  3.389656E-10  5.659498E-05  1.105766E-09  4.470170E-09  1.582761E-09  6.891840E-04  7.540405E-09  2.303148E-09  1.913794E-09  2.075131E-06  2.821266E-06  1.563477E-09  1.263236E-09  1.643785E-09  2.665484E-09
 3.571500E+02  1.840523E-02  5.200217E-06  2.418122E-10  3.243413E-10  3.625703E-10  4.412405E-10  1.038008E-02  2.803978E-06  1.400800E-09  4.533759E-03  2.218371E-06  1.960757E-09  3.321449E-10  5.566338E-05  1.060839E-09  4.296891E-09  1.531663E-09  6.800444E-04  7.272881E-09  2.240652E-09  1.860916E-09  2.045624E-06  2.781176E-06  1.495164E-09  1.206078E-09  1.569825E-09  2.563066E-09
 3.581500E+02  1.835745E-02  5.140760E-06  2.352922E-10  3.156577E-10  3.528783E-10  4.295255E-10  1.034963E-02  2.759464E-06  1.335343E-09  4.527102E-03  2.189611E-06  1.877881E-09  3.254881E-10  5.475253E-05  1.017993E-09  4.131322E-09  1.482515E-09  6.710691E-04  7.016144E-09  2.180192E-09  1.809787E-09  2.016676E-06  2.741847E-06  1.430164E-09  1.151803E-09  1.499577E-09  2.465124E-09
 3.591500E+02  1.830989E-02  5.082326E-06  2.289867E-10  3.072582E-10  3.435030E-10  4.181912E-10  1.031937E-02  2.715919E-06  1.273306E-09  4.520389E-03  2.161321E-06  1.798874E-09  3.189907E-10  5.386188E-05  9.771205E-10  3.973079E-09  1.435232E-09  6.622546E-04  6.769712E-09  2.121691E-09  1.760339E-09  1.988275E-06  2.703261E-06  1.368303E-09  1.100251E-09  1.432838E-09  2.371442E-09
 3.601500E+02  1.826253E-02  5.024894E-06  2.228876E-10  2.991321E-10  3.344324E-10  4.072234E-10  1.028930E-02  2.673316E-06  1.214494E-09  4.513623E-03  2.133493E-06  1.723541E-09  3.126487E-10  5.299087E-05  9.381201E-10  3.821800E-09  1.389734E-09  6.535974E-04  6.533130E-09  2.065077E-09  1.712509E-09  1.960409E-06  2.665403E-06  1.309416E-09  1.051274E-09  1.369415E-09  2.281813E-09
 3.611500E+02  1.821537E-02  4.968442E-06  2.169870E-10  2.912690E-10  3.256551E-10  3.966083E-10  1.025942E-02  2.631631E-06  1.158722E-09  4.506804E-03  2.106120E-06  1.651695E-09  3.064580E-10  5.213899E-05  9.008966E-10  3.677143E-09  1.345945E-09  6.450944E-04  6.305962E-09  2.010279E-09  1.666238E-09  1.933067E-06  2.628256E-06  1.253346E-09  1.004730E-09  1.309127E-09  2.196044E-09
 3.621500E+02  1.816843E-02  4.912949E-06  2.112776E-10  2.836591E-10  3.171601E-10  3.863329E-10  1.022972E-02  2.590839E-06  1.105818E-09  4.499935E-03  2.079194E-06  1.583162E-09  3.004145E-10  5.130571E-05  8.653599E-10  3.538784E-09  1.303790E-09  6.367421E-04  6.087793E-09  1.957233E-09  1.621468E-09  1.906236E-06  2.591804E-06  1.199947E-09  9.604878E-10  1.251806E-09  2.113949E-09
 3.631500E+02  1.812169E-02  4.858395E-06  2.057520E-10  2.762930E-10  3.089369E-10  3.763843E-10  1.020020E-02  2.550917E-06  1.055619E-09  4.493019E-03  2.052705E-06  1.517777E-09  2.945145E-10  5.049055E-05  8.314248E-10  3.406415E-09  1.263202E-09  6.285376E-04  5.878230E-09  1.905873E-09  1.578142E-09  1.879905E-06  2.556031E-06  1.149079E-09  9.184215E-10  1.197291E-09  2.035354E-09
 3.641500E+02  1.807515E-02  4.804759E-06  2.004036E-10  2.691616E-10  3.009753E-10  3.667507E-10  1.017087E-02  2.511841E-06  1.007973E-09  4.486057E-03  2.026648E-06  1.455381E-09  2.887541E-10  4.969302E-05  7.990110E-10  3.279747E-09  1.224113E-09  6.204777E-04  5.676896E-09  1.856139E-09  1.536208E-09  1.854063E-06  2.520924E-06  1.100612E-09  8.784141E-10  1.145431E-09  1.960094E-09
 3.651500E+02  1.802883E-02  4.752022E-06  1.952256E-10  2.622563E-10  2.932659E-10  3.574205E-10  1.014171E-02  2.473591E-06  9.627386E-10  4.479051E-03  2.001013E-06  1.395828E-09  2.831298E-10  4.891266E-05  7.680424E-10  3.158504E-09  1.186460E-09  6.125593E-04  5.483434E-09  1.807971E-09  1.495614E-09  1.828699E-06  2.486466E-06  1.054422E-09  8.403552E-10  1.096084E-09  1.888011E-09
 3.661500E+02  1.798270E-02  4.700166E-06  1.902118E-10  2.555686E-10  2.857992E-10  3.483825E-10  1.011273E-02  2.436144E-06  9.197802E-10  4.472002E-03  1.975795E-06  1.338977E-09  2.776379E-10  4.814901E-05  7.384472E-10  3.042427E-09  1.150183E-09  6.047796E-04  5.297502E-09  1.761313E-09  1.456312E-09  1.803804E-06  2.452644E-06  1.010392E-09  8.041407E-10  1.049117E-09  1.818956E-09
 3.671500E+02  1.793678E-02  4.649171E-06  1.853561E-10  2.490908E-10  2.785664E-10  3.396262E-10  1.008393E-02  2.399480E-06  8.789722E-10  4.464914E-03  1.950984E-06  1.284693E-09  2.722751E-10  4.740165E-05  7.101576E-10  2.931269E-09  1.115225E-09  5.971357E-04  5.118776E-09  1.716111E-09  1.418255E-09  1.779366E-06  2.419444E-06  9.684114E-10  7.696725E-10  1.004404E-09  1.752788E-09
 3.681500E+02  1.789106E-02  4.599020E-06  1.806528E-10  2.428151E-10  2.715591E-10  3.311413E-10  1.005530E-02  2.363578E-06  8.401961E-10  4.457786E-03  1.926575E-06  1.232851E-09  2.670379E-10  4.667014E-05  6.831092E-10  2.824796E-09  1.081532E-09  5.896247E-04  4.946945E-09  1.672313E-09  1.381397E-09  1.755376E-06  2.386853E-06  9.283765E-10  7.368582E-10  9.618258E-10  1.689372E-09
 3.691500E+02  1.784554E-02  4.549695E-06  1.760964E-10  2.367342E-10  2.647690E-10  3.229181E-10  1.002685E-02  2.328420E-06  8.033405E-10  4.450622E-03  1.902560E-06  1.183332E-09  2.619230E-10  4.595408E-05  6.572413E-10  2.722787E-09  1.049050E-09  5.822440E-04  4.781715E-09  1.629869E-09  1.345696E-09  1.731823E-06  2.354856E-06  8.901885E-10  7.056106E-10  9.212705E-10  1.628581E-09
 3.701500E+02  1.780023E-02  4.501179E-06  1.716814E-10  2.308411E-10  2.581884E-10  3.149472E-10  9.998562E-03  2.293985E-06  7.683007E-10  4.443423E-03  1.878931E-06  1.136023E-09  2.569273E-10  4.525306E-05  6.324964E-10  2.625033E-09  1.017731E-09  5.749907E-04  4.622804E-09  1.588730E-09  1.311109E-09  1.708699E-06  2.323441E-06  8.537541E-10  6.758477E-10  8.826326E-10  1.570294E-09
 3.711500E+02  1.775511E-02  4.453456E-06  1.674029E-10  2.251291E-10  2.518097E-10  3.072195E-10  9.970446E-03  2.260257E-06  7.349782E-10  4.436191E-03  1.855683E-06  1.090815E-09  2.520477E-10  4.456670E-05  6.088201E-10  2.531333E-09  9.875257E-10  5.678624E-04  4.469944E-09  1.548851E-09  1.277596E-09  1.685994E-06  2.292596E-06  8.189852E-10  6.474918E-10  8.458124E-10  1.514396E-09
 3.721500E+02  1.771019E-02  4.406509E-06  1.632559E-10  2.195916E-10  2.456257E-10  2.997265E-10  9.942498E-03  2.227216E-06  7.032801E-10  4.428926E-03  1.832808E-06  1.047608E-09  2.472812E-10  4.389462E-05  5.861609E-10  2.441500E-09  9.583903E-10  5.608564E-04  4.322879E-09  1.510188E-09  1.245121E-09  1.663699E-06  2.262307E-06  7.857985E-10  6.204700E-10  8.107159E-10  1.460779E-09
 3.731500E+02  1.766548E-02  4.360322E-06  1.592356E-10  2.142225E-10  2.396295E-10  2.924599E-10  9.914715E-03  2.194846E-06  6.731192E-10  4.421630E-03  1.810300E-06  1.006305E-09  2.426248E-10  4.323647E-05  5.644698E-10  2.355355E-09  9.302810E-10  5.539703E-04  4.181364E-09  1.472697E-09  1.213645E-09  1.641805E-06  2.232564E-06  7.541151E-10  5.947132E-10  7.772543E-10  1.409338E-09
 3.741500E+02  1.762096E-02  4.314879E-06  1.553377E-10  2.090158E-10  2.338145E-10  2.854116E-10  9.887097E-03  2.163130E-06  6.444134E-10  4.414306E-03  1.788152E-06  9.668137E-10  2.380757E-10  4.259188E-05  5.437008E-10  2.272726E-09  9.031565E-10  5.472016E-04  4.045167E-09  1.436339E-09  1.183133E-09  1.620304E-06  2.203354E-06  7.238604E-10  5.701563E-10  7.453440E-10  1.359975E-09
 3.751500E+02  1.757663E-02  4.270166E-06  1.515577E-10  2.039659E-10  2.281743E-10  2.785741E-10  9.859642E-03  2.132051E-06  6.170852E-10  4.406955E-03  1.766358E-06  9.290487E-10  2.336311E-10  4.196051E-05  5.238100E-10  2.193454E-09  8.769773E-10  5.405478E-04  3.914065E-09  1.401073E-09  1.153552E-09  1.599186E-06  2.174665E-06  6.949639E-10  5.467379E-10  7.149056E-10  1.312596E-09
 3.761500E+02  1.753250E-02  4.226168E-06  1.478916E-10  1.990671E-10  2.227028E-10  2.719399E-10  9.832348E-03  2.101594E-06  5.910616E-10  4.399577E-03  1.744911E-06  8.929272E-10  2.292884E-10  4.134204E-05  5.047558E-10  2.117385E-09  8.517057E-10  5.340067E-04  3.787846E-09  1.366862E-09  1.124869E-09  1.578445E-06  2.146488E-06  6.673587E-10  5.243998E-10  6.858646E-10  1.267113E-09
 3.771500E+02  1.748857E-02  4.182870E-06  1.443353E-10  1.943143E-10  2.173940E-10  2.655021E-10  9.805214E-03  2.071744E-06  5.662741E-10  4.392174E-03  1.723805E-06  8.583712E-10  2.250448E-10  4.073614E-05  4.864989E-10  2.044373E-09  8.273058E-10  5.275760E-04  3.666308E-09  1.333669E-09  1.097053E-09  1.558071E-06  2.118810E-06  6.409815E-10  5.030872E-10  6.581502E-10  1.223440E-09
 3.781500E+02  1.744484E-02  4.140258E-06  1.408850E-10  1.897023E-10  2.122424E-10  2.592539E-10  9.778238E-03  2.042485E-06  5.426577E-10  4.384748E-03  1.703035E-06  8.253066E-10  2.208979E-10  4.014249E-05  4.690020E-10  1.974281E-09  8.037431E-10  5.212535E-04  3.549257E-09  1.301460E-09  1.070073E-09  1.538058E-06  2.091621E-06  6.157723E-10  4.827483E-10  6.316957E-10  1.181498E-09
 3.791500E+02  1.740129E-02  4.098319E-06  1.375369E-10  1.852264E-10  2.072426E-10  2.531887E-10  9.751419E-03  2.013803E-06  5.201514E-10  4.377300E-03  1.682593E-06  7.936631E-10  2.168452E-10  3.956079E-05  4.522296E-10  1.906977E-09  7.809846E-10  5.150369E-04  3.436509E-09  1.270201E-09  1.043900E-09  1.518397E-06  2.064911E-06  5.916746E-10  4.633341E-10  6.064380E-10  1.141210E-09
 3.801500E+02  1.735794E-02  4.057038E-06  1.342877E-10  1.808817E-10  2.023892E-10  2.473003E-10  9.724755E-03  1.985685E-06  4.986976E-10  4.369831E-03  1.662475E-06  7.633740E-10  2.128842E-10  3.899075E-05  4.361483E-10  1.842336E-09  7.589989E-10  5.089242E-04  3.327886E-09  1.239860E-09  1.018507E-09  1.499081E-06  2.038670E-06  5.686343E-10  4.447983E-10  5.823175E-10  1.102502E-09
 3.811500E+02  1.731478E-02  4.016404E-06  1.311339E-10  1.766639E-10  1.976774E-10  2.415826E-10  9.698244E-03  1.958115E-06  4.782419E-10  4.362342E-03  1.642674E-06  7.343760E-10  2.090126E-10  3.843209E-05  4.207260E-10  1.780240E-09  7.377560E-10  5.029132E-04  3.223222E-09  1.210406E-09  9.938676E-10  1.480103E-06  2.012887E-06  5.466007E-10  4.270970E-10  5.592776E-10  1.065306E-09
 3.821500E+02  1.727182E-02  3.976403E-06  1.280721E-10  1.725686E-10  1.931022E-10  2.360300E-10  9.671887E-03  1.931082E-06  4.587330E-10  4.354835E-03  1.623186E-06  7.066089E-10  2.052281E-10  3.788451E-05  4.059325E-10  1.720576E-09  7.172271E-10  4.970019E-04  3.122354E-09  1.181808E-09  9.699551E-10  1.461455E-06  1.987554E-06  5.255254E-10  4.101890E-10  5.372650E-10  1.029556E-09
 3.831500E+02  1.722904E-02  3.937023E-06  1.250994E-10  1.685917E-10  1.886591E-10  2.306367E-10  9.645680E-03  1.904571E-06  4.401225E-10  4.347310E-03  1.604003E-06  6.800155E-10  2.015285E-10  3.734775E-05  3.917392E-10  1.663237E-09  6.973846E-10  4.911884E-04  3.025129E-09  1.154038E-09  9.467451E-10  1.443131E-06  1.962660E-06  5.053626E-10  3.940350E-10  5.162292E-10  9.951883E-10
 3.841500E+02  1.718645E-02  3.898251E-06  1.222126E-10  1.647290E-10  1.843436E-10  2.253975E-10  9.619623E-03  1.878571E-06  4.223647E-10  4.339769E-03  1.585121E-06  6.545415E-10  1.979117E-10  3.682155E-05  3.781186E-10  1.608120E-09  6.782022E-10  4.854706E-04  2.931401E-09  1.127069E-09  9.242138E-10  1.425124E-06  1.938197E-06  4.860688E-10  3.785978E-10  4.961223E-10  9.621437E-10
 3.851500E+02  1.714405E-02  3.860075E-06  1.194088E-10  1.609769E-10  1.801514E-10  2.203073E-10  9.593714E-03  1.853070E-06  4.054162E-10  4.332214E-03  1.566535E-06  6.301355E-10  1.943755E-10  3.630565E-05  3.650449E-10  1.555129E-09  6.596546E-10  4.798467E-04  2.841028E-09  1.100873E-09  9.023384E-10  1.407427E-06  1.914155E-06  4.676029E-10  3.638425E-10  4.768991E-10  9.303651E-10
 3.861500E+02  1.710184E-02  3.822485E-06  1.166853E-10  1.573316E-10  1.760784E-10  2.153610E-10  9.567952E-03  1.828055E-06  3.892365E-10  4.324644E-03  1.548238E-06  6.067483E-10  1.909179E-10  3.579980E-05  3.524935E-10  1.504171E-09  6.417179E-10  4.743148E-04  2.753876E-09  1.075426E-09  8.810967E-10  1.390034E-06  1.890526E-06  4.499259E-10  3.497358E-10  4.585167E-10  8.997981E-10
 3.871500E+02  1.705981E-02  3.785468E-06  1.140394E-10  1.537896E-10  1.721207E-10  2.105538E-10  9.542335E-03  1.803516E-06  3.737867E-10  4.317061E-03  1.530227E-06  5.843333E-10  1.875370E-10  3.530377E-05  3.404409E-10  1.455159E-09  6.243687E-10  4.688732E-04  2.669817E-09  1.050701E-09  8.604677E-10  1.372939E-06  1.867301E-06  4.330006E-10  3.362462E-10  4.409344E-10  8.703911E-10
 3.881500E+02  1.701797E-02  3.749014E-06  1.114684E-10  1.503474E-10  1.682743E-10  2.058813E-10  9.516863E-03  1.779440E-06  3.590306E-10  4.309467E-03  1.512496E-06  5.628464E-10  1.842307E-10  3.481732E-05  3.288649E-10  1.408008E-09  6.075851E-10  4.635199E-04  2.588729E-09  1.026676E-09  8.404308E-10  1.356135E-06  1.844471E-06  4.167918E-10  3.233439E-10  4.241138E-10  8.420947E-10
 3.891500E+02  1.697632E-02  3.713111E-06  1.089700E-10  1.470017E-10  1.645357E-10  2.013390E-10  9.491533E-03  1.755818E-06  3.449337E-10  4.301861E-03  1.495039E-06  5.422453E-10  1.809972E-10  3.434021E-05  3.177444E-10  1.362638E-09  5.913458E-10  4.582533E-04  2.510493E-09  1.003328E-09  8.209665E-10  1.339616E-06  1.822030E-06  4.012662E-10  3.110007E-10  4.080184E-10  8.148619E-10
 3.901500E+02  1.693485E-02  3.677749E-06  1.065417E-10  1.437494E-10  1.609013E-10  1.969226E-10  9.466346E-03  1.732637E-06  3.314633E-10  4.294245E-03  1.477853E-06  5.224901E-10  1.778346E-10  3.387224E-05  3.070591E-10  1.318975E-09  5.756305E-10  4.530717E-04  2.434997E-09  9.806346E-10  8.020558E-10  1.323377E-06  1.799968E-06  3.863921E-10  2.991898E-10  3.926137E-10  7.886479E-10
 3.911500E+02  1.689356E-02  3.642918E-06  1.041812E-10  1.405874E-10  1.573677E-10  1.926280E-10  9.441298E-03  1.709889E-06  3.185886E-10  4.286620E-03  1.460932E-06  5.035425E-10  1.747413E-10  3.341318E-05  2.967900E-10  1.276945E-09  5.604197E-10  4.479735E-04  2.362134E-09  9.585741E-10  7.836805E-10  1.307412E-06  1.778278E-06  3.721393E-10  2.878858E-10  3.778669E-10  7.634099E-10
 3.921500E+02  1.685246E-02  3.608608E-06  1.018862E-10  1.375128E-10  1.539316E-10  1.884513E-10  9.416390E-03  1.687564E-06  3.062804E-10  4.278987E-03  1.444271E-06  4.853665E-10  1.717154E-10  3.296282E-05  2.869189E-10  1.236479E-09  5.456949E-10  4.429569E-04  2.291801E-09  9.371265E-10  7.658231E-10  1.291715E-06  1.756952E-06  3.584792E-10  2.770647E-10  3.637469E-10  7.391073E-10
 3.931500E+02  1.681153E-02  3.574808E-06  9.965474E-11  1.345227E-10  1.505898E-10  1.843888E-10  9.391620E-03  1.665650E-06  2.945111E-10  4.271347E-03  1.427866E-06  4.679274E-10  1.687553E-10  3.252097E-05  2.774283E-10  1.197512E-09  5.314381E-10  4.380204E-04  2.223899E-09  9.162719E-10  7.484666E-10  1.276280E-06  1.735983E-06  3.453847E-10  2.667037E-10  3.502243E-10  7.157011E-10
 3.941500E+02  1.677079E-02  3.541510E-06  9.748466E-11  1.316144E-10  1.473394E-10  1.804366E-10  9.366986E-03  1.644140E-06  2.832546E-10  4.263700E-03  1.411712E-06  4.511925E-10  1.658594E-10  3.208742E-05  2.683019E-10  1.159980E-09  5.176322E-10  4.331625E-04  2.158335E-09  8.959914E-10  7.315948E-10  1.261104E-06  1.715364E-06  3.328299E-10  2.567811E-10  3.372710E-10  6.931541E-10
 3.951500E+02  1.673023E-02  3.508702E-06  9.537399E-11  1.287853E-10  1.441774E-10  1.765914E-10  9.342488E-03  1.623024E-06  2.724860E-10  4.256048E-03  1.395806E-06  4.351306E-10  1.630260E-10  3.166197E-05  2.595239E-10  1.123825E-09  5.042607E-10  4.283817E-04  2.095017E-09  8.762665E-10  7.151921E-10  1.246179E-06  1.695087E-06  3.207903E-10  2.472765E-10  3.248606E-10  6.714310E-10
 3.961500E+02  1.668984E-02  3.476378E-06  9.332082E-11  1.260329E-10  1.411010E-10  1.728496E-10  9.318124E-03  1.602292E-06  2.621820E-10  4.248390E-03  1.380141E-06  4.197119E-10  1.602535E-10  3.124446E-05  2.510793E-10  1.088988E-09  4.913080E-10  4.236764E-04  2.033860E-09  8.570796E-10  6.992432E-10  1.231502E-06  1.675146E-06  3.092426E-10  2.381703E-10  3.129678E-10  6.504979E-10
 3.971500E+02  1.664963E-02  3.444526E-06  9.132332E-11  1.233546E-10  1.381074E-10  1.692081E-10  9.293893E-03  1.581936E-06  2.523202E-10  4.240729E-03  1.364715E-06  4.049081E-10  1.575406E-10  3.083468E-05  2.429539E-10  1.055417E-09  4.787588E-10  4.190451E-04  1.974780E-09  8.384136E-10  6.837336E-10  1.217066E-06  1.655534E-06  2.981646E-10  2.294440E-10  3.015687E-10  6.303226E-10
 3.981500E+02  1.660960E-02  3.413139E-06  8.937972E-11  1.207483E-10  1.351940E-10  1.656637E-10  9.269794E-03  1.561948E-06  2.428797E-10  4.233064E-03  1.349523E-06  3.906922E-10  1.548857E-10  3.043246E-05  2.351340E-10  1.023058E-09  4.665988E-10  4.144866E-04  1.917699E-09  8.202522E-10  6.686493E-10  1.202868E-06  1.636244E-06  2.875352E-10  2.210801E-10  2.906407E-10  6.108742E-10
 3.991500E+02  1.656975E-02  3.382208E-06  8.748830E-11  1.182115E-10  1.323583E-10  1.622133E-10  9.245826E-03  1.542320E-06  2.338404E-10  4.225397E-03  1.334561E-06  3.770385E-10  1.522874E-10  3.003764E-05  2.276069E-10  9.918617E-10  4.548138E-10  4.099993E-04  1.862540E-09  8.025794E-10  6.539768E-10  1.188903E-06  1.617270E-06  2.773343E-10  2.130619E-10  2.801620E-10  5.921233E-10
