#         T/K        V/dm^3  V(excl)/dm^3    alpha/K^-1        status
 2.731500E+02  5.219511E-02  4.909788E-02  1.204683E-03                                 112
 2.741500E+02  5.225799E-02  4.909788E-02  1.202136E-03                                 112
 2.751500E+02  5.232075E-02  4.909788E-02  1.197318E-03                                 112
 2.761500E+02  5.238328E-02  4.909788E-02  1.190303E-03                                 112
 2.771500E+02  5.244545E-02  4.909788E-02  1.181314E-03                                 112
 2.781500E+02  5.250718E-02  4.909788E-02  1.170498E-03                                 112
 2.791500E+02  5.256837E-02  4.909788E-02  1.158019E-03                                 112
 2.801500E+02  5.262894E-02  4.909788E-02  1.144046E-03                                 112
 2.811500E+02  5.268879E-02  4.909788E-02  1.128759E-03                                 112
 2.821500E+02  5.274788E-02  4.909788E-02  1.112336E-03                                 112
 2.831500E+02  5.280614E-02  4.909788E-02  1.094955E-03                                 112
 2.841500E+02  5.286352E-02  4.909788E-02  1.076791E-03                                 112
 2.851500E+02  5.291999E-02  4.909788E-02  1.058010E-03                                 112
 2.861500E+02  5.297550E-02  4.909788E-02  1.038771E-03                                 112
 2.871500E+02  5.303004E-02  4.909788E-02  1.019223E-03                                 112
 2.881500E+02  5.308360E-02  4.909788E-02  9.995000E-04                                 112
 2.891500E+02  5.313616E-02  4.909788E-02  9.797282E-04                                 112
 2.901500E+02  5.318772E-02  4.909788E-02  9.600190E-04                                 112
 2.911500E+02  5.323828E-02  4.909788E-02  9.404458E-04                                 112
 2.921500E+02  5.328785E-02  4.909788E-02  9.211514E-04                                 112
 2.931500E+02  5.333645E-02  4.909788E-02  9.022064E-04                                 112
 2.941500E+02  5.338409E-02  4.909788E-02  8.836196E-04                                 112
 2.951500E+02  5.343080E-02  4.909788E-02  8.654749E-04                                 112
 2.961500E+02  5.347658E-02  4.909788E-02  8.478160E-04                                 112
 2.971500E+02  5.352147E-02  4.909788E-02  8.306781E-04                                 112
 2.981500E+02  5.356550E-02  4.909788E-02  8.140883E-04                                 112
 2.991500E+02  5.360869E-02  4.909788E-02  7.980663E-04                                 112
 3.001500E+02  5.365107E-02  4.909788E-02  7.826257E-04                                 112
 3.011500E+02  5.369266E-02  4.909788E-02  7.677744E-04                                 112
 3.021500E+02  5.373351E-02  4.909788E-02  7.535154E-04                                 112
 3.031500E+02  5.377364E-02  4.909788E-02  7.398476E-04                                 112
 3.041500E+02  5.381308E-02  4.909788E-02  7.267663E-04                                 112
 3.051500E+02  5.385186E-02  4.909788E-02  7.142637E-04                                 112
 3.061500E+02  5.389001E-02  4.909788E-02  7.023295E-04                                 112
 3.071500E+02  5.392756E-02  4.909788E-02  6.909513E-04                                 112
 3.081500E+02  5.396453E-02  4.909788E-02  6.801151E-04                                 112
 3.091500E+02  5.400096E-02  4.909788E-02  6.698057E-04                                 112
 3.101500E+02  5.403687E-02  4.909788E-02  6.600066E-04                                 112
 3.111500E+02  5.407229E-02  4.909788E-02  6.507009E-04                                 112
 3.121500E+02  5.410724E-02  4.909788E-02  6.418711E-04                                 112
 3.131500E+02  5.414175E-02  4.909788E-02  6.334992E-04                                 112
 3.141500E+02  5.417584E-02  4.909788E-02  6.255675E-04                                 112
 3.151500E+02  5.420953E-02  4.909788E-02  6.180582E-04                                 112
 3.161500E+02  5.424285E-02  4.909788E-02  6.109438E-04                                 112
 3.171500E+02  5.427581E-02  4.909788E-02  6.042271E-04                                 112
 3.181500E+02  5.430844E-02  4.909788E-02  5.978904E-04                                 112
 3.191500E+02  5.434075E-02  4.909788E-02  5.918969E-04                                 112
 3.201500E+02  5.437277E-02  4.909788E-02  5.862410E-04                                 112
 3.211500E+02  5.440450E-02  4.909788E-02  5.809073E-04                                 112
 3.221500E+02  5.443598E-02  4.909788E-02  5.758808E-04                                 112
 3.231500E+02  5.446720E-02  4.909788E-02  5.711470E-04                                 112
 3.241500E+02  5.449819E-02  4.909788E-02  5.666922E-04                                 112
 3.251500E+02  5.452897E-02  4.909788E-02  5.625031E-04                                 112
 3.261500E+02  5.455954E-02  4.909788E-02  5.585670E-04                                 112
 3.271500E+02  5.458992E-02  4.909788E-02  5.548719E-04                                 112
 3.281500E+02  5.462012E-02  4.909788E-02  5.514062E-04                                 112
 3.291500E+02  5.465015E-02  4.909788E-02  5.481588E-04                                 112
 3.301500E+02  5.468003E-02  4.909788E-02  5.451194E-04                                 112
 3.311500E+02  5.470977E-02  4.909788E-02  5.422777E-04                                 112
 3.321500E+02  5.473937E-02  4.909788E-02  5.396243E-04                                 112
 3.331500E+02  5.476885E-02  4.909788E-02  5.371501E-04                                 112
 3.341500E+02  5.479821E-02  4.909788E-02  5.348463E-04                                 112
 3.351500E+02  5.482746E-02  4.909788E-02  5.327047E-04                                 112
 3.361500E+02  5.485662E-02  4.909788E-02  5.307173E-04                                 112
 3.371500E+02  5.488569E-02  4.909788E-02  5.288766E-04                                 112
 3.381500E+02  5.491468E-02  4.909788E-02  5.271754E-04                                 112
 3.391500E+02  5.494359E-02  4.909788E-02  5.256067E-04                                 112
 3.401500E+02  5.497243E-02  4.909788E-02  5.241641E-04                                 112
 3.411500E+02  5.500122E-02  4.909788E-02  5.228411E-04                                 112
 3.421500E+02  5.502995E-02  4.909788E-02  5.216318E-04                                 112
 3.431500E+02  5.505863E-02  4.909788E-02  5.205305E-04                                 112
 3.441500E+02  5.508727E-02  4.909788E-02  5.195317E-04                                 112
 3.451500E+02  5.511587E-02  4.909788E-02  2.426722E+02                                 112
 3.461500E+02  2.680526E+01  4.909788E-02  5.007390E-01                                 111
 3.471500E+02  2.690000E+01  4.909788E-02  3.518671E-03                                 111
 3.481500E+02  2.699457E+01  4.909788E-02  3.500251E-03                                 111
 3.491500E+02  2.708897E+01  4.909788E-02  3.482063E-03                                 111
 3.501500E+02  2.718322E+01  4.909788E-02  3.464104E-03                                 111
 3.511500E+02  2.727730E+01  4.909788E-02  3.446370E-03                                 111
 3.521500E+02  2.737123E+01  4.909788E-02  3.428856E-03                                 111
 3.531500E+02  2.746501E+01  4.909788E-02  3.411560E-03                                 111
 3.541500E+02  2.755863E+01  4.909788E-02  3.394478E-03                                 111
 3.551500E+02  2.765210E+01  4.909788E-02  3.377606E-03                                 111
 3.561500E+02  2.774542E+01  4.909788E-02  3.360941E-03                                 111
 3.571500E+02  2.783860E+01  4.909788E-02  3.344478E-03                                 111
 3.581500E+02  2.793164E+01  4.909788E-02  3.328216E-03                                 111
 3.591500E+02  2.802453E+01  4.909788E-02  3.312150E-03                                 111
 3.601500E+02  2.811728E+01  4.909788E-02  3.296277E-03                                 111
 3.611500E+02  2.820989E+01  4.909788E-02  3.280593E-03                                 111
 3.621500E+02  2.830237E+01  4.909788E-02  3.265097E-03                                 111
 3.631500E+02  2.839471E+01  4.909788E-02  3.249784E-03                                 111
 3.641500E+02  2.848692E+01  4.909788E-02  3.234652E-03                                 111
 3.651500E+02  2.857900E+01  4.909788E-02  3.219697E-03                                 111
 3.661500E+02  2.867095E+01  4.909788E-02  3.204916E-03                                 111
 3.671500E+02  2.876278E+01  4.909788E-02  3.190308E-03                                 111
 3.681500E+02  2.885448E+01  4.909788E-02  3.175868E-03                                 111
 3.691500E+02  2.894605E+01  4.909788E-02  3.161593E-03                                 111
 3.701500E+02  2.903751E+01  4.909788E-02  3.147482E-03                                 111
 3.711500E+02  2.912884E+01  4.909788E-02  3.133532E-03                                 111
 3.721500E+02  2.922006E+01  4.909788E-02  3.119739E-03                                 111
 3.731500E+02  2.931116E+01  4.909788E-02  3.106101E-03                                 111
 3.741500E+02  2.940215E+01  4.909788E-02  3.092616E-03                                 111
 3.751500E+02  2.949302E+01  4.909788E-02  3.079281E-03                                 111
 3.761500E+02  2.958378E+01  4.909788E-02  3.066094E-03                                 111
 3.771500E+02  2.967444E+01  4.909788E-02  3.053052E-03                                 111
 3.781500E+02  2.976498E+01  4.909788E-02  3.040152E-03                                 111
 3.791500E+02  2.985542E+01  4.909788E-02  3.027393E-03                                 111
 3.801500E+02  2.994575E+01  4.909788E-02  3.014773E-03                                 111
 3.811500E+02  3.003597E+01  4.909788E-02  3.002288E-03                                 111
 3.821500E+02  3.012610E+01  4.909788E-02  2.989936E-03                                 111
 3.831500E+02  3.021612E+01  4.909788E-02  2.977716E-03                                 111
 3.841500E+02  3.030605E+01  4.909788E-02  2.965626E-03                                 111
 3.851500E+02  3.039588E+01  4.909788E-02  2.953663E-03                                 111
 3.861500E+02  3.048561E+01  4.909788E-02  2.941824E-03                                 111
 3.871500E+02  3.057524E+01  4.909788E-02  2.930110E-03                                 111
 3.881500E+02  3.066479E+01  4.909788E-02  2.918516E-03                                 111
 3.891500E+02  3.075424E+01  4.909788E-02  2.907041E-03                                 111
 3.901500E+02  3.084359E+01  4.909788E-02  2.895684E-03                                 111
 3.911500E+02  3.093286E+01  4.909788E-02  2.884443E-03                                 111
 3.921500E+02  3.102204E+01  4.909788E-02  2.873315E-03                                 111
 3.931500E+02  3.111113E+01  4.909788E-02  2.862299E-03                                 111
 3.941500E+02  3.120014E+01  4.909788E-02  2.851392E-03                                 111
 3.951500E+02  3.128906E+01  4.909788E-02  2.840595E-03                                 111
 3.961500E+02  3.137790E+01  4.909788E-02  2.829904E-03                                 111
 3.971500E+02  3.146666E+01  4.909788E-02  2.819318E-03                                 111
 3.981500E+02  3.155533E+01  4.909788E-02  2.808835E-03                                 111
 3.991500E+02  3.164392E+01  4.909788E-02  2.799703E-03                                 111
