#         T/K          A/kJ          G/kJ
  2.731500000000E+02  -6.965320370472E+00  -6.961699290228E+00
  2.741500000000E+02  -7.094367732587E+00  -7.090744703371E+00
  2.751500000000E+02  -7.224038456337E+00  -7.220413480652E+00
  2.761500000000E+02  -7.354324804882E+00  -7.350697889703E+00
  2.771500000000E+02  -7.485218228645E+00  -7.481589384255E+00
  2.781500000000E+02  -7.616709430198E+00  -7.613078670015E+00
  2.791500000000E+02  -7.748788443939E+00  -7.745155784299E+00
  2.801500000000E+02  -7.881444722995E+00  -7.877810182899E+00
  2.811500000000E+02  -8.014667230946E+00  -8.011030831784E+00
  2.821500000000E+02  -8.148444536533E+00  -8.144806301783E+00
  2.831500000000E+02  -8.282764908930E+00  -8.279124863844E+00
  2.841500000000E+02  -8.417616411687E+00  -8.413974582973E+00
  2.851500000000E+02  -8.552986993187E+00  -8.549343408690E+00
  2.861500000000E+02  -8.688864572192E+00  -8.685219260591E+00
  2.871500000000E+02  -8.825237116881E+00  -8.821590107389E+00
  2.881500000000E+02  -8.962092716635E+00  -8.958444038732E+00
  2.891500000000E+02  -9.099419645442E+00  -9.095769328618E+00
  2.901500000000E+02  -9.237206416998E+00  -9.233554490536E+00
  2.911500000000E+02  -9.375441830862E+00  -9.371788323632E+00
  2.921500000000E+02  -9.514115010869E+00  -9.510459951163E+00
  2.931500000000E+02  -9.653215434594E+00  -9.649558849979E+00
  2.941500000000E+02  -9.792732955987E+00  -9.789074873193E+00
  2.951500000000E+02  -9.932657820933E+00  -9.928998265755E+00
  2.961500000000E+02  -1.007298067669E+01  -1.006931967392E+01
  2.971500000000E+02  -1.021369257531E+01  -1.021003014875E+01
  2.981500000000E+02  -1.035478497648E+01  -1.035112114871E+01
  2.991500000000E+02  -1.049624973828E+01  -1.049258453085E+01
  3.001500000000E+02  -1.063807911268E+01  -1.063441254603E+01
  3.011500000000E+02  -1.078026573596E+01  -1.077659782941E+01
  3.021500000000E+02  -1.092280261561E+01  -1.091913338743E+01
  3.031500000000E+02  -1.106568311768E+01  -1.106201258505E+01
  3.041500000000E+02  -1.120890095243E+01  -1.120522913151E+01
  3.051500000000E+02  -1.135245015889E+01  -1.134877706483E+01
  3.061500000000E+02  -1.149632509062E+01  -1.149265073759E+01
  3.071500000000E+02  -1.164052039934E+01  -1.163684480061E+01
  3.081500000000E+02  -1.178503102023E+01  -1.178135418815E+01
  3.091500000000E+02  -1.192985215690E+01  -1.192617410298E+01
  3.101500000000E+02  -1.207497926688E+01  -1.207130000182E+01
  3.111500000000E+02  -1.222040804757E+01  -1.221672758130E+01
  3.121500000000E+02  -1.236613442293E+01  -1.236245276462E+01
  3.131500000000E+02  -1.251215453051E+01  -1.250847168865E+01
  3.141500000000E+02  -1.265846470935E+01  -1.265478069174E+01
  3.151500000000E+02  -1.280506148846E+01  -1.280137630229E+01
  3.161500000000E+02  -1.295194157575E+01  -1.294825522760E+01
  3.171500000000E+02  -1.309910184818E+01  -1.309541434405E+01
  3.181500000000E+02  -1.324653934172E+01  -1.324285068708E+01
  3.191500000000E+02  -1.339425124256E+01  -1.339056144234E+01
  3.201500000000E+02  -1.354223487860E+01  -1.353854393725E+01
  3.211500000000E+02  -1.369048771157E+01  -1.368679563308E+01
  3.221500000000E+02  -1.383900732958E+01  -1.383531411747E+01
  3.231500000000E+02  -1.398779144040E+01  -1.398409709777E+01
  3.241500000000E+02  -1.413683786485E+01  -1.413314239440E+01
  3.251500000000E+02  -1.428614453090E+01  -1.428244793494E+01
  3.261500000000E+02  -1.443570946809E+01  -1.443201174854E+01
  3.271500000000E+02  -1.458553080226E+01  -1.458183196070E+01
  3.281500000000E+02  -1.473560675069E+01  -1.473190678833E+01
  3.291500000000E+02  -1.488593561765E+01  -1.488223453539E+01
  3.301500000000E+02  -1.503651579004E+01  -1.503281358845E+01
  3.311500000000E+02  -1.518734573352E+01  -1.518364241287E+01
  3.321500000000E+02  -1.533842398874E+01  -1.533471954900E+01
  3.331500000000E+02  -1.548974916799E+01  -1.548604360883E+01
  3.341500000000E+02  -1.564131995174E+01  -1.563761327256E+01
  3.351500000000E+02  -1.579313508593E+01  -1.578942728586E+01
  3.361500000000E+02  -1.594519337884E+01  -1.594148445675E+01
  3.371500000000E+02  -1.609749369855E+01  -1.609378365306E+01
  3.381500000000E+02  -1.625003497041E+01  -1.624632379988E+01
  3.391500000000E+02  -1.640281617471E+01  -1.639910387726E+01
  3.401500000000E+02  -1.655583634426E+01  -1.655212291778E+01
  3.411500000000E+02  -1.670909456270E+01  -1.670538000484E+01
  3.421500000000E+02  -1.686258996211E+01  -1.685887427029E+01
  3.431500000000E+02  -1.701632172133E+01  -1.701260489277E+01
  3.441500000000E+02  -1.717028906419E+01  -1.716657109588E+01
  3.451500000000E+02  -1.732449125779E+01  -1.732077214651E+01
  3.461500000000E+02  -1.747892761089E+01  -1.747520735321E+01
  3.471500000000E+02  -1.763359747197E+01  -1.762987606425E+01
  3.481500000000E+02  -1.778850023042E+01  -1.778477766883E+01
  3.491500000000E+02  -1.794363530961E+01  -1.793991159012E+01
  3.501500000000E+02  -1.809900217130E+01  -1.809527728968E+01
  3.511500000000E+02  -1.825460031147E+01  -1.825087426330E+01
  3.521500000000E+02  -1.841042925972E+01  -1.840670204039E+01
  3.531500000000E+02  -1.856648857783E+01  -1.856276018255E+01
  3.541500000000E+02  -1.872277786053E+01  -1.871904828431E+01
  3.551500000000E+02  -1.887929673041E+01  -1.887556596809E+01
  3.561500000000E+02  -1.903604484114E+01  -1.903231288738E+01
  3.571500000000E+02  -1.919302187433E+01  -1.918928872361E+01
  3.581500000000E+02  -1.935022753903E+01  -1.934649318566E+01
  3.591500000000E+02  -1.950766157087E+01  -1.950392600897E+01
  3.601500000000E+02  -1.966532373105E+01  -1.966158695459E+01
  3.611500000000E+02  -1.982321380503E+01  -1.981947580779E+01
  3.621500000000E+02  -1.998133160595E+01  -1.997759238156E+01
  3.631500000000E+02  -2.013967696416E+01  -2.013593650606E+01
  3.641500000000E+02  -2.029824973681E+01  -2.029450803829E+01
  3.651500000000E+02  -2.045704980173E+01  -2.045330685591E+01
  3.661500000000E+02  -2.061607705784E+01  -2.061233285770E+01
  3.671500000000E+02  -2.077533142437E+01  -2.077158596269E+01
  3.681500000000E+02  -2.093481284077E+01  -2.093106611020E+01
  3.691500000000E+02  -2.109452126481E+01  -2.109077325783E+01
  3.701500000000E+02  -2.125445667324E+01  -2.125070738217E+01
  3.711500000000E+02  -2.141461906052E+01  -2.141086847754E+01
  3.721500000000E+02  -2.157500843839E+01  -2.157125655551E+01
  3.731500000000E+02  -2.173562483522E+01  -2.173187164430E+01
  3.741500000000E+02  -2.189646829553E+01  -2.189271378828E+01
  3.751500000000E+02  -2.205753887929E+01  -2.205378304727E+01
  3.761500000000E+02  -2.221883666160E+01  -2.221507949621E+01
  3.771500000000E+02  -2.238036173195E+01  -2.237660322446E+01
  3.781500000000E+02  -2.254211419394E+01  -2.253835433546E+01
  3.791500000000E+02  -2.270409416412E+01  -2.270033294561E+01
  3.801500000000E+02  -2.286630177271E+01  -2.286253918499E+01
  3.811500000000E+02  -2.302873716193E+01  -2.302497319568E+01
  3.821500000000E+02  -2.319140048609E+01  -2.318763513183E+01
  3.831500000000E+02  -2.335429191100E+01  -2.335052515913E+01
  3.841500000000E+02  -2.351741161352E+01  -2.351364345428E+01
  3.851500000000E+02  -2.368075978110E+01  -2.367699020461E+01
  3.861500000000E+02  -2.384433661133E+01  -2.384056560754E+01
  3.871500000000E+02  -2.400814231147E+01  -2.400436987022E+01
  3.881500000000E+02  -2.417217709805E+01  -2.416840320903E+01
  3.891500000000E+02  -2.433644119640E+01  -2.433266584916E+01
  3.901500000000E+02  -2.450093484022E+01  -2.449715802420E+01
  3.911500000000E+02  -2.466565827119E+01  -2.466187997566E+01
  3.921500000000E+02  -2.483061173847E+01  -2.482683195259E+01
  3.931500000000E+02  -2.820785581406E+01  -2.504453154682E+01
  3.941500000000E+02  -2.845984126045E+01  -2.528757158338E+01
  3.951500000000E+02  -2.871195090404E+01  -2.553074349357E+01
  3.961500000000E+02  -2.896418446239E+01  -2.577404688730E+01
  3.971500000000E+02  -2.921654165558E+01  -2.601748137858E+01
  3.981500000000E+02  -2.946902220610E+01  -2.626104658550E+01
  3.991500000000E+02  -2.972162583878E+01  -2.650474213001E+01
