#         T/K     Cv/J*K^-1     Cp/J*K^-1
 2.731500E+02  4.860429E+01  5.979026E+01
 2.741500E+02  4.863415E+01  5.980854E+01
 2.751500E+02  4.866434E+01  5.981537E+01
 2.761500E+02  4.869484E+01  5.982216E+01
 2.771500E+02  4.872567E+01  5.982894E+01
 2.781500E+02  4.875681E+01  5.983573E+01
 2.791500E+02  4.878828E+01  5.984255E+01
 2.801500E+02  4.882006E+01  5.984943E+01
 2.811500E+02  4.885215E+01  5.985641E+01
 2.821500E+02  4.888455E+01  5.986348E+01
 2.831500E+02  4.891726E+01  5.987069E+01
 2.841500E+02  4.895028E+01  5.987804E+01
 2.851500E+02  4.898360E+01  5.988557E+01
 2.861500E+02  4.901723E+01  5.989328E+01
 2.871500E+02  4.905115E+01  5.990119E+01
 2.881500E+02  4.908536E+01  5.990932E+01
 2.891500E+02  4.911987E+01  5.991769E+01
 2.901500E+02  4.915466E+01  5.992631E+01
 2.911500E+02  4.918973E+01  5.993520E+01
 2.921500E+02  4.922509E+01  5.994436E+01
 2.931500E+02  4.926072E+01  5.995381E+01
 2.941500E+02  4.929662E+01  5.996355E+01
 2.951500E+02  4.933279E+01  5.997361E+01
 2.961500E+02  4.936922E+01  5.998399E+01
 2.971500E+02  4.940591E+01  5.999469E+01
 2.981500E+02  4.944286E+01  6.000574E+01
 2.991500E+02  4.948005E+01  6.001712E+01
 3.001500E+02  4.951749E+01  6.002885E+01
 3.011500E+02  4.955517E+01  6.004094E+01
 3.021500E+02  4.959308E+01  6.005340E+01
 3.031500E+02  4.963123E+01  6.006621E+01
 3.041500E+02  4.966960E+01  6.007940E+01
 3.051500E+02  4.970819E+01  6.009296E+01
 3.061500E+02  4.974700E+01  6.010690E+01
 3.071500E+02  4.978603E+01  6.012122E+01
 3.081500E+02  4.982526E+01  6.013592E+01
 3.091500E+02  4.986469E+01  6.015100E+01
 3.101500E+02  4.990432E+01  6.016647E+01
 3.111500E+02  4.994414E+01  6.018232E+01
 3.121500E+02  4.998415E+01  6.019856E+01
 3.131500E+02  5.002435E+01  6.021518E+01
 3.141500E+02  5.006472E+01  6.023219E+01
 3.151500E+02  5.010527E+01  6.024959E+01
 3.161500E+02  5.014599E+01  6.026736E+01
 3.171500E+02  5.018687E+01  6.028552E+01
 3.181500E+02  5.022791E+01  6.030405E+01
 3.191500E+02  5.026911E+01  6.032297E+01
 3.201500E+02  5.031046E+01  6.034226E+01
 3.211500E+02  5.035195E+01  6.036192E+01
 3.221500E+02  5.039359E+01  6.038195E+01
 3.231500E+02  5.043536E+01  6.040235E+01
 3.241500E+02  5.047727E+01  6.042312E+01
 3.251500E+02  5.051931E+01  6.044424E+01
 3.261500E+02  5.056147E+01  6.046573E+01
 3.271500E+02  5.060375E+01  6.048756E+01
 3.281500E+02  5.064614E+01  6.050975E+01
 3.291500E+02  5.068865E+01  6.053228E+01
 3.301500E+02  5.073127E+01  6.055516E+01
 3.311500E+02  5.077399E+01  6.057837E+01
 3.321500E+02  5.081681E+01  6.060191E+01
 3.331500E+02  5.085973E+01  6.062578E+01
 3.341500E+02  5.090273E+01  6.064998E+01
 3.351500E+02  5.094583E+01  6.067450E+01
 3.361500E+02  5.098901E+01  6.069933E+01
 3.371500E+02  5.103227E+01  6.072447E+01
 3.381500E+02  5.107561E+01  6.074992E+01
 3.391500E+02  5.111902E+01  6.077566E+01
 3.401500E+02  5.116250E+01  6.080170E+01
 3.411500E+02  5.120604E+01  6.082804E+01
 3.421500E+02  5.124965E+01  6.085466E+01
 3.431500E+02  5.129332E+01  6.088156E+01
 3.441500E+02  5.133704E+01  6.090873E+01
 3.451500E+02  5.138082E+01  6.093618E+01
 3.461500E+02  5.142465E+01  6.096389E+01
 3.471500E+02  5.146852E+01  6.099186E+01
 3.481500E+02  5.151243E+01  6.102009E+01
 3.491500E+02  5.155639E+01  6.104857E+01
 3.501500E+02  5.160038E+01  6.107729E+01
 3.511500E+02  5.164440E+01  6.110626E+01
 3.521500E+02  5.168846E+01  6.113546E+01
 3.531500E+02  5.173255E+01  6.116489E+01
 3.541500E+02  5.177666E+01  6.119455E+01
 3.551500E+02  5.182079E+01  6.122442E+01
 3.561500E+02  5.186494E+01  6.125452E+01
 3.571500E+02  5.190911E+01  6.128482E+01
 3.581500E+02  5.195330E+01  6.131534E+01
 3.591500E+02  5.199750E+01  6.134605E+01
 3.601500E+02  5.204170E+01  6.137696E+01
 3.611500E+02  5.208592E+01  6.140806E+01
 3.621500E+02  5.213014E+01  6.143935E+01
 3.631500E+02  5.217436E+01  6.147083E+01
 3.641500E+02  5.221858E+01  6.150248E+01
 3.651500E+02  5.226280E+01  6.153431E+01
 3.661500E+02  5.230701E+01  6.156631E+01
 3.671500E+02  5.235122E+01  6.159847E+01
 3.681500E+02  5.239542E+01  6.163079E+01
 3.691500E+02  5.243961E+01  6.166327E+01
 3.701500E+02  5.248379E+01  6.169590E+01
 3.711500E+02  5.252795E+01  6.172868E+01
 3.721500E+02  5.257210E+01  6.176161E+01
 3.731500E+02  5.261622E+01  6.179467E+01
 3.741500E+02  5.266033E+01  6.182787E+01
 3.751500E+02  5.270441E+01  6.186120E+01
 3.761500E+02  5.274847E+01  6.189466E+01
 3.771500E+02  5.279251E+01  6.192825E+01
 3.781500E+02  5.283652E+01  6.196195E+01
 3.791500E+02  5.288049E+01  6.199578E+01
 3.801500E+02  5.292444E+01  6.202971E+01
 3.811500E+02  5.296835E+01  6.206375E+01
 3.821500E+02  5.301224E+01  6.209790E+01
 3.831500E+02  5.305608E+01  6.213216E+01
 3.841500E+02  5.309989E+01  6.216651E+01
 3.851500E+02  5.314366E+01  6.220095E+01
 3.861500E+02  5.318739E+01  6.223549E+01
 3.871500E+02  5.323108E+01  6.227012E+01
 3.881500E+02  5.327472E+01  6.230483E+01
 3.891500E+02  5.331833E+01  6.233963E+01
 3.901500E+02  5.336188E+01  6.237450E+01
 3.911500E+02  5.340539E+01  6.240945E+01
 3.921500E+02  5.344886E+01  6.244447E+01
 3.931500E+02  5.349227E+01  6.247957E+01
 3.941500E+02  5.353564E+01  6.251473E+01
 3.951500E+02  5.357895E+01  6.254995E+01
 3.961500E+02  5.362221E+01  6.258523E+01
 3.971500E+02  5.366542E+01  6.262058E+01
 3.981500E+02  5.370857E+01  6.265598E+01
 3.991500E+02  5.375167E+01  6.269522E+01
