#         T/K     Cv/J*K^-1     Cp/J*K^-1
 2.731500E+02  4.264052E+01  4.264121E+01
 2.741500E+02  4.270252E+01  4.270322E+01
 2.751500E+02  4.276421E+01  4.276492E+01
 2.761500E+02  4.282559E+01  4.282630E+01
 2.771500E+02  4.288666E+01  4.288739E+01
 2.781500E+02  4.294745E+01  4.294818E+01
 2.791500E+02  4.300794E+01  4.300868E+01
 2.801500E+02  4.306816E+01  4.306890E+01
 2.811500E+02  4.312810E+01  4.312885E+01
 2.821500E+02  4.318778E+01  4.318853E+01
 2.831500E+02  4.324720E+01  4.324795E+01
 2.841500E+02  4.330636E+01  4.330713E+01
 2.851500E+02  4.336529E+01  4.336606E+01
 2.861500E+02  4.342397E+01  4.342475E+01
 2.871500E+02  4.348243E+01  4.348321E+01
 2.881500E+02  4.354066E+01  4.354145E+01
 2.891500E+02  4.359868E+01  4.359947E+01
 2.901500E+02  4.365650E+01  4.365729E+01
 2.911500E+02  4.371411E+01  4.371490E+01
 2.921500E+02  4.377152E+01  4.377232E+01
 2.931500E+02  4.382875E+01  4.382956E+01
 2.941500E+02  4.388580E+01  4.388661E+01
 2.951500E+02  4.394267E+01  4.394348E+01
 2.961500E+02  4.399937E+01  4.400018E+01
 2.971500E+02  4.405591E+01  4.405672E+01
 2.981500E+02  4.411229E+01  4.411311E+01
 2.991500E+02  4.416851E+01  4.416933E+01
 3.001500E+02  4.422459E+01  4.422541E+01
 3.011500E+02  4.428052E+01  4.428134E+01
 3.021500E+02  4.433631E+01  4.433714E+01
 3.031500E+02  4.439196E+01  4.439280E+01
 3.041500E+02  4.444749E+01  4.444832E+01
 3.051500E+02  4.450288E+01  4.450372E+01
 3.061500E+02  4.455815E+01  4.455898E+01
 3.071500E+02  4.461329E+01  4.461413E+01
 3.081500E+02  4.466832E+01  4.466916E+01
 3.091500E+02  4.472322E+01  4.472406E+01
 3.101500E+02  4.477801E+01  4.477885E+01
 3.111500E+02  4.483268E+01  4.483352E+01
 3.121500E+02  4.488724E+01  4.488808E+01
 3.131500E+02  4.494168E+01  4.494253E+01
 3.141500E+02  4.499602E+01  4.499687E+01
 3.151500E+02  4.505024E+01  4.505109E+01
 3.161500E+02  4.510434E+01  4.510520E+01
 3.171500E+02  4.515834E+01  4.515920E+01
 3.181500E+02  4.521223E+01  4.521308E+01
 3.191500E+02  4.526600E+01  4.526686E+01
 3.201500E+02  4.531966E+01  4.532052E+01
 3.211500E+02  4.537320E+01  4.537406E+01
 3.221500E+02  4.542663E+01  4.542749E+01
 3.231500E+02  4.547994E+01  4.548080E+01
 3.241500E+02  4.553313E+01  4.553400E+01
 3.251500E+02  4.558620E+01  4.558707E+01
 3.261500E+02  4.563915E+01  4.564002E+01
 3.271500E+02  4.569197E+01  4.569285E+01
 3.281500E+02  4.574466E+01  4.574554E+01
 3.291500E+02  4.579723E+01  4.579811E+01
 3.301500E+02  4.584966E+01  4.585054E+01
 3.311500E+02  4.590196E+01  4.590284E+01
 3.321500E+02  4.595411E+01  4.595501E+01
 3.331500E+02  4.600613E+01  4.600702E+01
 3.341500E+02  4.605800E+01  4.605890E+01
 3.351500E+02  4.610973E+01  4.611063E+01
 3.361500E+02  4.616130E+01  4.616220E+01
 3.371500E+02  4.621271E+01  4.621362E+01
 3.381500E+02  4.626397E+01  4.626488E+01
 3.391500E+02  4.631507E+01  4.631598E+01
 3.401500E+02  4.636599E+01  4.636692E+01
 3.411500E+02  4.641675E+01  4.641768E+01
 3.421500E+02  4.646734E+01  4.646827E+01
 3.431500E+02  4.651774E+01  4.651868E+01
 3.441500E+02  4.656797E+01  4.656891E+01
 3.451500E+02  4.661800E+01  4.661895E+01
 3.461500E+02  4.666785E+01  4.666880E+01
 3.471500E+02  4.671750E+01  4.671846E+01
 3.481500E+02  4.676695E+01  4.676792E+01
 3.491500E+02  4.681620E+01  4.681717E+01
 3.501500E+02  4.686524E+01  4.686622E+01
 3.511500E+02  4.691406E+01  4.691505E+01
 3.521500E+02  4.696267E+01  4.696367E+01
 3.531500E+02  4.701106E+01  4.701206E+01
 3.541500E+02  4.705922E+01  4.706023E+01
 3.551500E+02  4.710715E+01  4.710817E+01
 3.561500E+02  4.715484E+01  4.715587E+01
 3.571500E+02  4.720229E+01  4.720333E+01
 3.581500E+02  4.724950E+01  1.516358E+03
 3.591500E+02  3.491351E+01  1.508360E+03
 3.601500E+02  3.494895E+01  4.362338E+01
 3.611500E+02  3.498446E+01  4.365393E+01
 3.621500E+02  3.502005E+01  4.368464E+01
 3.631500E+02  3.505571E+01  4.371550E+01
 3.641500E+02  3.509144E+01  4.374650E+01
 3.651500E+02  3.512724E+01  4.377765E+01
 3.661500E+02  3.516310E+01  4.380894E+01
 3.671500E+02  3.519903E+01  4.384036E+01
 3.681500E+02  3.523502E+01  4.387193E+01
 3.691500E+02  3.527107E+01  4.390362E+01
 3.701500E+02  3.530719E+01  4.393544E+01
 3.711500E+02  3.534336E+01  4.396739E+01
 3.721500E+02  3.537958E+01  4.399946E+01
 3.731500E+02  3.541586E+01  4.403165E+01
 3.741500E+02  3.545220E+01  4.406396E+01
 3.751500E+02  3.548858E+01  4.409639E+01
 3.761500E+02  3.552502E+01  4.412893E+01
 3.771500E+02  3.556151E+01  4.416157E+01
 3.781500E+02  3.559804E+01  4.419433E+01
 3.791500E+02  3.563462E+01  4.422719E+01
 3.801500E+02  3.567124E+01  4.426015E+01
 3.811500E+02  3.570791E+01  4.429322E+01
 3.821500E+02  3.574462E+01  4.432638E+01
 3.831500E+02  3.578137E+01  4.435963E+01
 3.841500E+02  3.581816E+01  4.439299E+01
 3.851500E+02  3.585498E+01  4.442643E+01
 3.861500E+02  3.589185E+01  4.445996E+01
 3.871500E+02  3.592875E+01  4.449357E+01
 3.881500E+02  3.596568E+01  4.452727E+01
 3.891500E+02  3.600264E+01  4.456106E+01
 3.901500E+02  3.603964E+01  4.459492E+01
 3.911500E+02  3.607667E+01  4.462886E+01
 3.921500E+02  3.611373E+01  4.466288E+01
 3.931500E+02  3.615081E+01  4.469698E+01
 3.941500E+02  3.618792E+01  4.473114E+01
 3.951500E+02  3.622506E+01  4.476538E+01
 3.961500E+02  3.626222E+01  4.479968E+01
 3.971500E+02  3.629941E+01  4.483405E+01
 3.981500E+02  3.633662E+01  4.486849E+01
 3.991500E+02  3.637385E+01  4.490434E+01
