#         T/K            c1          c2-1          c3-4          c3-5          c3-7          c3-9            m1          m2-1          m3-1            w1            w2          w3-1          w3-2          c1m1        c1m2-1        c1m2-7        c2m1-1        c1w1-2        c1w2-1        c2w1-1        c2w1-9        m1w1-1        m1w1-4        m1w2-1        m2w1-1        m2w1-3      c1m1w1-1
 2.731500E+02  5.784653E-03  1.157367E-06  8.174494E-11  1.072922E-10  1.193711E-10  1.423352E-10  7.222603E-03  4.585573E-06  4.189784E-08  2.716481E-02  2.646614E-04  3.496858E-05  4.906466E-07  4.568862E-05  7.351771E-09  2.412349E-08  1.965547E-09  3.961092E-03  2.828136E-06  1.621541E-08  1.423885E-08  2.770396E-05  3.771256E-05  3.064520E-06  2.950207E-07  3.736476E-07  1.383710E-07
 2.741500E+02  5.806110E-03  1.149629E-06  7.941256E-11  1.042662E-10  1.160131E-10  1.383748E-10  7.188863E-03  4.452152E-06  3.844689E-08  2.709704E-02  2.582084E-04  3.235300E-05  4.715881E-07  4.465129E-05  6.871472E-09  2.262051E-08  1.877888E-09  3.891358E-03  2.667245E-06  1.562971E-08  1.371270E-08  2.697647E-05  3.671992E-05  2.829031E-06  2.715874E-07  3.441061E-07  1.298402E-07
 2.751500E+02  5.826866E-03  1.141798E-06  7.714425E-11  1.013220E-10  1.127456E-10  1.345196E-10  7.155489E-03  4.323640E-06  3.530379E-08  2.702894E-02  2.519460E-04  2.994790E-05  4.533758E-07  4.364158E-05  6.425396E-09  2.122008E-08  1.794478E-09  3.822940E-03  2.516275E-06  1.506653E-08  1.320727E-08  2.627283E-05  3.575994E-05  2.613073E-06  2.501674E-07  3.170921E-07  1.218812E-07
 2.761500E+02  5.846925E-03  1.133881E-06  7.493853E-11  9.845785E-11  1.095665E-10  1.307672E-10  7.122474E-03  4.199823E-06  3.243909E-08  2.696055E-02  2.458682E-04  2.773529E-05  4.359690E-07  4.265866E-05  6.010913E-09  1.991464E-08  1.715095E-09  3.755817E-03  2.374572E-06  1.452498E-08  1.272173E-08  2.559214E-05  3.483139E-05  2.414919E-06  2.305756E-07  2.923742E-07  1.144529E-07
 2.771500E+02  5.866294E-03  1.125884E-06  7.279392E-11  9.567182E-11  1.064739E-10  1.271154E-10  7.089811E-03  4.080498E-06  2.982633E-08  2.689191E-02  2.399690E-04  2.569879E-05  4.193290E-07  4.170172E-05  5.625610E-09  1.869721E-08  1.639533E-09  3.689970E-03  2.241532E-06  1.400421E-08  1.225526E-08  2.493354E-05  3.393307E-05  2.233000E-06  2.126448E-07  2.697432E-07  1.075173E-07
 2.781500E+02  5.884978E-03  1.117813E-06  7.070898E-11  9.296217E-11  1.034658E-10  1.235620E-10  7.057495E-03  3.965472E-06  2.744175E-08  2.682304E-02  2.342428E-04  2.382348E-05  4.034190E-07  4.077002E-05  5.267271E-09  1.756138E-08  1.567593E-09  3.625378E-03  2.116588E-06  1.350340E-08  1.180709E-08  2.429620E-05  3.306385E-05  2.065896E-06  1.962242E-07  2.490105E-07  1.010394E-07
 2.791500E+02  5.902986E-03  1.109673E-06  6.868232E-11  9.032715E-11  1.005403E-10  1.201048E-10  7.025519E-03  3.854561E-06  2.526396E-08  2.675399E-02  2.286840E-04  2.209577E-05  3.882040E-07  3.986279E-05  4.933859E-09  1.650122E-08  1.499089E-09  3.562020E-03  1.999215E-06  1.302177E-08  1.137648E-08  2.367934E-05  3.222264E-05  1.912317E-06  1.811776E-07  2.300053E-07  9.498665E-08
 2.801500E+02  5.920325E-03  1.101470E-06  6.671255E-11  8.776504E-11  9.769544E-11  1.167416E-10  6.993878E-03  3.747592E-06  2.327370E-08  2.668477E-02  2.232872E-04  2.050328E-05  3.736508E-07  3.897934E-05  4.623505E-09  1.551128E-08  1.433848E-09  3.499877E-03  1.888922E-06  1.255855E-08  1.096273E-08  2.308217E-05  3.140840E-05  1.771094E-06  1.673817E-07  2.125733E-07  8.932913E-08
 2.811500E+02  5.937002E-03  1.093210E-06  6.479832E-11  8.527415E-11  9.492941E-11  1.134704E-10  6.962566E-03  3.644397E-06  2.145364E-08  2.661542E-02  2.180471E-04  1.903473E-05  3.597276E-07  3.811896E-05  4.334489E-09  1.458653E-08  1.371701E-09  3.438928E-03  1.785252E-06  1.211303E-08  1.056514E-08  2.250399E-05  3.062012E-05  1.641161E-06  1.547251E-07  1.965749E-07  8.403908E-08
 2.821500E+02  5.953026E-03  1.084899E-06  6.293829E-11  8.285281E-11  9.224039E-11  1.102890E-10  6.931579E-03  3.544820E-06  1.978814E-08  2.654596E-02  2.129587E-04  1.767983E-05  3.464046E-07  3.728100E-05  4.065226E-09  1.372233E-08  1.312494E-09  3.379154E-03  1.687780E-06  1.168451E-08  1.018308E-08  2.194409E-05  2.985684E-05  1.521554E-06  1.431067E-07  1.818834E-07  7.909084E-08
 2.831500E+02  5.968406E-03  1.076543E-06  6.113117E-11  8.049939E-11  8.962655E-11  1.071954E-10  6.900910E-03  3.448709E-06  1.826309E-08  2.647641E-02  2.080170E-04  1.642918E-05  3.336531E-07  3.646481E-05  3.814260E-09  1.291437E-08  1.256076E-09  3.320535E-03  1.596110E-06  1.127231E-08  9.815905E-09  2.140179E-05  2.911764E-05  1.411394E-06  1.324354E-07  1.683844E-07  7.446067E-08
 2.841500E+02  5.983151E-03  1.068146E-06  5.937565E-11  7.821227E-11  8.708612E-11  1.041876E-10  6.870556E-03  3.355923E-06  1.686578E-08  2.640680E-02  2.032174E-04  1.527421E-05  3.214460E-07  3.566977E-05  3.580250E-09  1.215869E-08  1.202309E-09  3.263051E-03  1.509871E-06  1.087581E-08  9.463023E-09  2.087645E-05  2.840162E-05  1.309881E-06  1.226281E-07  1.559738E-07  7.012656E-08
 2.851500E+02  5.997270E-03  1.059715E-06  5.767047E-11  7.598985E-11  8.461735E-11  1.012636E-10  6.840510E-03  3.266324E-06  1.558470E-08  2.633714E-02  1.985551E-04  1.420711E-05  3.097576E-07  3.489527E-05  3.361957E-09  1.145164E-08  1.151058E-09  3.206682E-03  1.428717E-06  1.049438E-08  9.123856E-09  2.036746E-05  2.770795E-05  1.216288E-06  1.136098E-07  1.445574E-07  6.606815E-08
 2.861500E+02  6.010774E-03  1.051255E-06  5.601437E-11  7.383057E-11  8.221851E-11  9.842138E-11  6.810768E-03  3.179783E-06  1.440945E-08  2.626745E-02  1.940258E-04  1.322072E-05  2.985636E-07  3.414074E-05  3.158243E-09  1.078983E-08  1.102198E-09  3.151409E-03  1.352329E-06  1.012743E-08  8.797851E-09  1.987421E-05  2.703581E-05  1.129952E-06  1.053122E-07  1.340497E-07  6.226654E-08
 2.871500E+02  6.023671E-03  1.042771E-06  5.440613E-11  7.173289E-11  7.988790E-11  9.565899E-11  6.781326E-03  3.096176E-06  1.333063E-08  2.619775E-02  1.896252E-04  1.230851E-05  2.878405E-07  3.340560E-05  2.968056E-09  1.017011E-08  1.055611E-09  3.097213E-03  1.280404E-06  9.774385E-09  8.484479E-09  1.939614E-05  2.638441E-05  1.050270E-06  9.767356E-08  1.243728E-07  5.870425E-08
 2.881500E+02  6.035973E-03  1.034268E-06  5.284453E-11  6.969526E-11  7.762382E-11  9.297453E-11  6.752179E-03  3.015385E-06  1.233973E-08  2.612806E-02  1.853491E-04  1.146451E-05  2.775664E-07  3.268932E-05  2.790424E-09  9.589586E-09  1.011182E-09  3.044074E-03  1.212664E-06  9.434707E-09  8.183230E-09  1.893271E-05  2.575300E-05  9.766907E-07  9.063755E-08  1.154561E-07  5.536504E-08
 2.891500E+02  6.047688E-03  1.025751E-06  5.132837E-11  6.771619E-11  7.542463E-11  9.036609E-11  6.723323E-03  2.937296E-06  1.142903E-08  2.605839E-02  1.811934E-04  1.068326E-05  2.677203E-07  3.199136E-05  2.624454E-09  9.045573E-09  9.688054E-10  2.991973E-03  1.148846E-06  9.107869E-09  7.893616E-09  1.848338E-05  2.514087E-05  9.087132E-07  8.415306E-08  1.072354E-07  5.223385E-08
 2.901500E+02  6.058828E-03  1.017224E-06  4.985649E-11  6.579420E-11  7.328868E-11  8.783179E-11  6.694752E-03  2.861804E-06  1.059154E-08  2.598875E-02  1.771543E-04  9.959752E-06  2.582824E-07  3.131120E-05  2.469316E-09  8.535581E-09  9.283796E-10  2.940892E-03  1.088707E-06  8.793365E-09  7.615169E-09  1.804765E-05  2.454731E-05  8.458792E-07  7.817359E-08  9.965231E-08  4.929672E-08
 2.911500E+02  6.069402E-03  1.008693E-06  4.842772E-11  6.392782E-11  7.121438E-11  8.536978E-11  6.666464E-03  2.788804E-06  9.820933E-09  2.591916E-02  1.732281E-04  9.289422E-06  2.492337E-07  3.064835E-05  2.324248E-09  8.057301E-09  8.898086E-10  2.890812E-03  1.032018E-06  8.490712E-09  7.347440E-09  1.762505E-05  2.397168E-05  7.877706E-07  7.265682E-08  9.265348E-08  4.654066E-08
 2.921500E+02  6.079422E-03  1.000161E-06  4.704094E-11  6.211562E-11  6.920013E-11  8.297824E-11  6.638453E-03  2.718200E-06  9.111449E-09  2.584964E-02  1.694111E-04  8.668074E-06  2.405563E-07  3.000233E-05  2.188541E-09  7.608595E-09  8.530011E-10  2.841715E-03  9.785659E-07  8.199443E-09  7.089998E-09  1.721509E-05  2.341333E-05  7.340054E-07  6.756422E-08  8.619048E-08  4.395364E-08
 2.931500E+02  6.088897E-03  9.916327E-07  4.569502E-11  6.035619E-11  6.724437E-11  8.065537E-11  6.610716E-03  2.649897E-06  8.457865E-09  2.578018E-02  1.656999E-04  8.091868E-06  2.322330E-07  2.937266E-05  2.061542E-09  7.187477E-09  8.178710E-10  2.793581E-03  9.281520E-07  7.919113E-09  6.842428E-09  1.681735E-05  2.287166E-05  6.842346E-07  6.286066E-08  8.021912E-08  4.152445E-08
 2.941500E+02  6.097839E-03  9.831126E-07  4.438886E-11  5.864814E-11  6.534557E-11  7.839941E-11  6.583248E-03  2.583807E-06  7.855433E-09  2.571081E-02  1.620910E-04  7.557284E-06  2.242478E-07  2.875889E-05  1.942646E-09  6.792107E-09  7.843362E-10  2.746394E-03  8.805902E-07  7.649290E-09  6.604335E-09  1.643138E-05  2.234606E-05  6.381389E-07  5.851414E-08  7.469911E-08  3.924271E-08
 2.951500E+02  6.106257E-03  9.746044E-07  4.312140E-11  5.699010E-11  6.350223E-11  7.620861E-11  6.556046E-03  2.519844E-06  7.299837E-09  2.564153E-02  1.585812E-04  7.061095E-06  2.165851E-07  2.816058E-05  1.831294E-09  6.420775E-09  7.523192E-10  2.700135E-03  8.357065E-07  7.389563E-09  6.375337E-09  1.605678E-05  2.183598E-05  5.954264E-07  5.449546E-08  6.959367E-08  3.709875E-08
 2.961500E+02  6.114162E-03  9.661117E-07  4.189157E-11  5.538073E-11  6.171286E-11  7.408126E-11  6.529106E-03  2.457926E-06  6.787149E-09  2.557235E-02  1.551673E-04  6.600338E-06  2.092303E-07  2.757730E-05  1.726968E-09  6.071892E-09  7.217462E-10  2.654787E-03  7.933382E-07  7.139536E-09  6.155070E-09  1.569316E-05  2.134089E-05  5.558299E-07  5.077797E-08  6.486923E-08  3.508356E-08
 2.971500E+02  6.121564E-03  9.576383E-07  4.069833E-11  5.381870E-11  5.997600E-11  7.201568E-11  6.502424E-03  2.397975E-06  6.313795E-09  2.550329E-02  1.518463E-04  6.172294E-06  2.021696E-07  2.700863E-05  1.629186E-09  5.743985E-09  6.925474E-10  2.610331E-03  7.533332E-07  6.898828E-09  5.943182E-09  1.534013E-05  2.086025E-05  5.191045E-07  4.733733E-08  6.049513E-08  3.318880E-08
 2.981500E+02  6.128475E-03  9.491875E-07  3.954067E-11  5.230274E-11  5.829023E-11  7.001022E-11  6.475995E-03  2.339917E-06  5.876517E-09  2.543434E-02  1.486153E-04  5.774467E-06  1.953897E-07  2.645417E-05  1.537505E-09  5.435683E-09  6.646563E-10  2.566752E-03  7.155491E-07  6.667075E-09  5.739339E-09  1.499732E-05  2.039356E-05  4.850260E-07  4.415131E-08  5.644333E-08  3.140667E-08
 2.991500E+02  6.134904E-03  9.407627E-07  3.841760E-11  5.083157E-11  5.665414E-11  6.806326E-11  6.449818E-03  2.283681E-06  5.472348E-09  2.536552E-02  1.454714E-04  5.404563E-06  1.888780E-07  2.591353E-05  1.451511E-09  5.145709E-09  6.380101E-10  2.524031E-03  6.798527E-07  6.443924E-09  5.543218E-09  1.466440E-05  1.994036E-05  4.533889E-07  4.119957E-08  5.268821E-08  2.972993E-08
 3.001500E+02  6.140862E-03  9.323669E-07  3.732814E-11  4.940395E-11  5.506637E-11  6.617320E-11  6.423887E-03  2.229198E-06  5.098580E-09  2.529684E-02  1.424119E-04  5.060474E-06  1.826225E-07  2.538633E-05  1.370822E-09  4.872880E-09  6.125488E-10  2.482153E-03  6.461194E-07  6.229039E-09  5.354510E-09  1.434101E-05  1.950017E-05  4.240046E-07  3.846353E-08  4.920632E-08  2.815183E-08
 3.011500E+02  6.146358E-03  9.240032E-07  3.627133E-11  4.801866E-11  5.352557E-11  6.433848E-11  6.398199E-03  2.176403E-06  4.752743E-09  2.522830E-02  1.394342E-04  4.740260E-06  1.766118E-07  2.487219E-05  1.295083E-09  4.616092E-09  5.882159E-10  2.441100E-03  6.142324E-07  6.022097E-09  5.172917E-09  1.402684E-05  1.907255E-05  3.967002E-07  3.592617E-08  4.597617E-08  2.666609E-08
 3.021500E+02  6.151404E-03  9.156743E-07  3.524623E-11  4.667450E-11  5.203041E-11  6.255758E-11  6.372751E-03  2.125233E-06  4.432582E-09  2.515991E-02  1.365357E-04  4.442140E-06  1.708352E-07  2.437076E-05  1.223965E-09  4.374318E-09  5.649575E-10  2.400857E-03  5.840823E-07  5.822786E-09  4.998156E-09  1.372157E-05  1.865708E-05  3.713170E-07  3.357191E-08  4.297812E-08  2.526685E-08
 3.031500E+02  6.156009E-03  9.073829E-07  3.425195E-11  4.537032E-11  5.057962E-11  6.082899E-11  6.347540E-03  2.075629E-06  4.136037E-09  2.509167E-02  1.337139E-04  4.164470E-06  1.652823E-07  2.388169E-05  1.157160E-09  4.146602E-09  5.427223E-10  2.361407E-03  5.555668E-07  5.630809E-09  4.829955E-09  1.342491E-05  1.825335E-05  3.477090E-07  3.138649E-08  4.019413E-08  2.394865E-08
 3.041500E+02  6.160182E-03  8.991316E-07  3.328758E-11  4.410497E-11  4.917192E-11  5.915124E-11  6.322561E-03  2.027533E-06  3.861223E-09  2.502360E-02  1.309665E-04  3.905740E-06  1.599433E-07  2.340464E-05  1.094386E-09  3.932053E-09  5.214618E-10  2.322734E-03  5.285897E-07  5.445880E-09  4.668050E-09  1.313656E-05  1.786095E-05  3.257422E-07  2.935681E-08  3.760769E-08  2.270641E-08
 3.051500E+02  6.163935E-03  8.909227E-07  3.235225E-11  4.287734E-11  4.780608E-11  5.752290E-11  6.297813E-03  1.980891E-06  3.606419E-09  2.495569E-02  1.282912E-04  3.664557E-06  1.548089E-07  2.293928E-05  1.035378E-09  3.729842E-09  5.011299E-10  2.284823E-03  5.030613E-07  5.267722E-09  4.512192E-09  1.285625E-05  1.747952E-05  3.052935E-07  2.747088E-08  3.520364E-08  2.153537E-08
 3.061500E+02  6.167277E-03  8.827585E-07  3.144511E-11  4.168633E-11  4.648091E-11  5.594257E-11  6.273290E-03  1.935649E-06  3.370049E-09  2.488795E-02  1.256857E-04  3.439640E-06  1.498703E-07  2.248529E-05  9.798897E-10  3.539194E-09  4.816827E-10  2.247659E-03  4.788971E-07  5.096073E-09  4.362139E-09  1.258371E-05  1.710868E-05  2.862497E-07  2.571769E-08  3.296807E-08  2.043110E-08
 3.071500E+02  6.170216E-03  8.746411E-07  3.056534E-11  4.053088E-11  4.519521E-11  5.440888E-11  6.248991E-03  1.891757E-06  3.150669E-09  2.482039E-02  1.231480E-04  3.229804E-06  1.451188E-07  2.204236E-05  9.276937E-10  3.359389E-09  4.630786E-10  2.211226E-03  4.560180E-07  4.930678E-09  4.217661E-09  1.231869E-05  1.674809E-05  2.685063E-07  2.408714E-08  3.088819E-08  1.938947E-08
 3.081500E+02  6.172763E-03  8.665725E-07  2.971211E-11  3.940996E-11  4.394784E-11  5.292048E-11  6.224912E-03  1.849167E-06  2.946957E-09  2.475301E-02  1.206759E-04  3.033960E-06  1.405466E-07  2.161020E-05  8.785772E-10  3.189753E-09  4.452780E-10  2.175510E-03  4.343499E-07  4.771295E-09  4.078537E-09  1.206094E-05  1.639741E-05  2.519675E-07  2.256995E-08  2.895228E-08  1.840663E-08
 3.091500E+02  6.174928E-03  8.585545E-07  2.888464E-11  3.832254E-11  4.273768E-11  5.147606E-11  6.201050E-03  1.807833E-06  2.757702E-09  2.468581E-02  1.182674E-04  2.851100E-06  1.361459E-07  2.118850E-05  8.323425E-10  3.029659E-09  4.282434E-10  2.140496E-03  4.138232E-07  4.617690E-09  3.944554E-09  1.181021E-05  1.605631E-05  2.365448E-07  2.115758E-08  2.714955E-08  1.747896E-08
 3.101500E+02  6.176719E-03  8.505890E-07  2.808216E-11  3.726765E-11  4.156363E-11  5.007434E-11  6.177401E-03  1.767709E-06  2.581792E-09  2.461880E-02  1.159207E-04  2.680295E-06  1.319093E-07  2.077699E-05  7.888056E-10  2.878520E-09  4.119389E-10  2.106170E-03  3.943726E-07  4.469639E-09  3.815508E-09  1.156629E-05  1.572448E-05  2.221568E-07  1.984221E-08  2.547007E-08  1.660310E-08
 3.111500E+02  6.178145E-03  8.426775E-07  2.730392E-11  3.624431E-11  4.042463E-11  4.871409E-11  6.153964E-03  1.728754E-06  2.418207E-09  2.455199E-02  1.136338E-04  2.520688E-06  1.278301E-07  2.037538E-05  7.477950E-10  2.735789E-09  3.963307E-10  2.072517E-03  3.759367E-07  4.326925E-09  3.691205E-09  1.132895E-05  1.540162E-05  2.087284E-07  1.861661E-08  2.390471E-08  1.577590E-08
 3.121500E+02  6.179215E-03  8.348215E-07  2.654919E-11  3.525158E-11  3.931962E-11  4.739407E-11  6.130734E-03  1.690927E-06  2.266013E-09  2.448538E-02  1.114050E-04  2.371485E-06  1.239014E-07  1.998341E-05  7.091511E-10  2.600954E-09  3.813864E-10  2.039524E-03  3.584580E-07  4.189344E-09  3.571457E-09  1.109798E-05  1.508744E-05  1.961904E-07  1.747414E-08  2.244508E-08  1.499442E-08
 3.131500E+02  6.179938E-03  8.270225E-07  2.581725E-11  3.428856E-11  3.824761E-11  4.611311E-11  6.107709E-03  1.654188E-06  2.124348E-09  2.441896E-02  1.092325E-04  2.231954E-06  1.201170E-07  1.960083E-05  6.727249E-10  2.473538E-09  3.670754E-10  2.007178E-03  3.418825E-07  4.056696E-09  3.456084E-09  1.087317E-05  1.478166E-05  1.844789E-07  1.640871E-08  2.108342E-08  1.425591E-08
 3.141500E+02  6.180324E-03  8.192817E-07  2.510741E-11  3.335434E-11  3.720760E-11  4.487005E-11  6.084886E-03  1.618499E-06  1.992423E-09  2.435275E-02  1.071147E-04  2.101416E-06  1.164708E-07  1.922736E-05  6.383777E-10  2.353095E-09  3.533684E-10  1.975464E-03  3.261592E-07  3.928791E-09  3.344915E-09  1.065433E-05  1.448400E-05  1.735349E-07  1.541467E-08  1.981262E-08  1.355780E-08
 3.151500E+02  6.180379E-03  8.116003E-07  2.441901E-11  3.244806E-11  3.619863E-11  4.366376E-11  6.062263E-03  1.583825E-06  1.869511E-09  2.428674E-02  1.050499E-04  1.979246E-06  1.129571E-07  1.886278E-05  6.059802E-10  2.239207E-09  3.402378E-10  1.944370E-03  3.112406E-07  3.805446E-09  3.237783E-09  1.044127E-05  1.419423E-05  1.633038E-07  1.448685E-08  1.862608E-08  1.289767E-08
 3.161500E+02  6.180113E-03  8.039795E-07  2.375138E-11  3.156888E-11  3.521977E-11  4.249315E-11  6.039836E-03  1.550130E-06  1.754944E-09  2.422095E-02  1.030365E-04  1.864864E-06  1.095704E-07  1.850685E-05  5.754114E-10  2.131482E-09  3.276571E-10  1.913883E-03  2.970817E-07  3.686486E-09  3.134532E-09  1.023380E-05  1.391207E-05  1.537355E-07  1.362045E-08  1.751776E-08  1.227328E-08
 3.171500E+02  6.179535E-03  7.964203E-07  2.310388E-11  3.071597E-11  3.427010E-11  4.135715E-11  6.017603E-03  1.517382E-06  1.648108E-09  2.415536E-02  1.010731E-04  1.757731E-06  1.063055E-07  1.815932E-05  5.465589E-10  2.029556E-09  3.156011E-10  1.883990E-03  2.836403E-07  3.571743E-09  3.035009E-09  1.003175E-05  1.363729E-05  1.447833E-07  1.281107E-08  1.648206E-08  1.168252E-08
 3.181500E+02  6.178651E-03  7.889234E-07  2.247590E-11  2.988854E-11  3.334874E-11  4.025472E-11  5.995561E-03  1.485547E-06  1.548435E-09  2.408999E-02  9.915809E-05  1.657352E-06  1.031573E-07  1.781997E-05  5.193172E-10  1.933087E-09  3.040461E-10  1.854679E-03  2.708769E-07  3.461054E-09  2.939067E-09  9.834949E-06  1.336967E-05  1.364043E-07  1.205464E-08  1.551380E-08  1.112341E-08
 3.191500E+02  6.177470E-03  7.814899E-07  2.186683E-11  2.908580E-11  3.245482E-11  3.918485E-11  5.973708E-03  1.454597E-06  1.455405E-09  2.402484E-02  9.729017E-05  1.563266E-06  1.001211E-07  1.748860E-05  4.935883E-10  1.841755E-09  2.929693E-10  1.825938E-03  2.587541E-07  3.354264E-09  2.846568E-09  9.643234E-06  1.310896E-05  1.285587E-07  1.134739E-08  1.460822E-08  1.059410E-08
 3.201500E+02  6.175999E-03  7.741205E-07  2.127609E-11  2.830701E-11  3.158751E-11  3.814656E-11  5.952040E-03  1.424500E-06  1.368535E-09  2.395991E-02  9.546793E-05  1.475044E-06  9.719232E-08  1.716497E-05  4.692802E-10  1.755259E-09  2.823490E-10  1.797754E-03  2.472368E-07  3.251226E-09  2.757378E-09  9.456447E-06  1.285497E-05  1.212096E-07  1.068585E-08  1.376092E-08  1.009286E-08
 3.211500E+02  6.174247E-03  7.668157E-07  2.070312E-11  2.755142E-11  3.074600E-11  3.713889E-11  5.930556E-03  1.395228E-06  1.287383E-09  2.389519E-02  9.369005E-05  1.392292E-06  9.436664E-08  1.684890E-05  4.463072E-10  1.673318E-09  2.721648E-10  1.770117E-03  2.362920E-07  3.151794E-09  2.671368E-09  9.274435E-06  1.260749E-05  1.143230E-07  1.006682E-08  1.296781E-08  9.618055E-09
 3.221500E+02  6.172220E-03  7.595762E-07  2.014735E-11  2.681833E-11  2.992949E-11  3.616091E-11  5.909252E-03  1.366754E-06  1.211540E-09  2.383070E-02  9.195523E-05  1.314642E-06  9.163990E-08  1.654017E-05  4.245892E-10  1.595670E-09  2.623969E-10  1.743014E-03  2.258886E-07  3.055833E-09  2.588414E-09  9.097052E-06  1.236630E-05  1.078672E-07  9.487325E-09  1.222513E-08  9.168170E-09
 3.231500E+02  6.169927E-03  7.524025E-07  1.960826E-11  2.610705E-11  2.913722E-11  3.521172E-11  5.888127E-03  1.339052E-06  1.140628E-09  2.376644E-02  9.026225E-05  1.241753E-06  8.900812E-08  1.623859E-05  4.040510E-10  1.522067E-09  2.530267E-10  1.716435E-03  2.159973E-07  2.963210E-09  2.508399E-09  8.924156E-06  1.213123E-05  1.018131E-07  8.944622E-09  1.152940E-08  8.741772E-09
 3.241500E+02  6.167374E-03  7.452951E-07  1.908533E-11  2.541689E-11  2.836845E-11  3.429045E-11  5.867177E-03  1.312097E-06  1.074298E-09  2.370240E-02  8.860990E-05  1.173308E-06  8.646753E-08  1.594397E-05  3.846226E-10  1.452277E-09  2.440366E-10  1.690368E-03  2.065906E-07  2.873799E-09  2.431208E-09  8.755610E-06  1.190207E-05  9.613339E-08  8.436172E-09  1.087738E-08  8.337521E-09
 3.251500E+02  6.164568E-03  7.382544E-07  1.857805E-11  2.474721E-11  2.762244E-11  3.339623E-11  5.846402E-03  1.285863E-06  1.012229E-09  2.363859E-02  8.699703E-05  1.109015E-06  8.401449E-08  1.565614E-05  3.662382E-10  1.386085E-09  2.354095E-10  1.664803E-03  1.976424E-07  2.787479E-09  2.356734E-09  8.591283E-06  1.167866E-05  9.080302E-08  7.959624E-09  1.026609E-08  7.954159E-09
 3.261500E+02  6.161517E-03  7.312806E-07  1.808592E-11  2.409738E-11  2.689849E-11  3.252825E-11  5.825797E-03  1.260328E-06  9.541213E-10  2.357501E-02  8.542250E-05  1.048599E-06  8.164555E-08  1.537490E-05  3.488365E-10  1.323285E-09  2.271295E-10  1.639728E-03  1.891284E-07  2.704132E-09  2.284872E-09  8.431046E-06  1.146082E-05  8.579863E-08  7.512802E-09  9.692754E-09  7.590504E-09
 3.271500E+02  6.158226E-03  7.243741E-07  1.760849E-11  2.346678E-11  2.619593E-11  3.168570E-11  5.805361E-03  1.235469E-06  8.997009E-10  2.351166E-02  8.388525E-05  9.918068E-07  7.935741E-08  1.510009E-05  3.323598E-10  1.263686E-09  2.191811E-10  1.615134E-03  1.810255E-07  2.623647E-09  2.215521E-09  8.274779E-06  1.124838E-05  8.109855E-08  7.093687E-09  9.154815E-09  7.245447E-09
 3.281500E+02  6.154703E-03  7.175350E-07  1.714528E-11  2.285480E-11  2.551409E-11  3.086780E-11  5.785092E-03  1.211264E-06  8.487127E-10  2.344855E-02  8.238420E-05  9.384030E-07  7.714689E-08  1.483154E-05  3.167543E-10  1.207110E-09  2.115497E-10  1.591011E-03  1.733118E-07  2.545916E-09  2.148585E-09  8.122361E-06  1.104118E-05  7.668266E-08  6.700410E-09  8.649890E-09  6.917946E-09
 3.291500E+02  6.150954E-03  7.107635E-07  1.669586E-11  2.226089E-11  2.485233E-11  3.007380E-11  5.764987E-03  1.187693E-06  8.009208E-10  2.338566E-02  8.091836E-05  8.881678E-07  7.501097E-08  1.456908E-05  3.019694E-10  1.153387E-09  2.042215E-10  1.567349E-03  1.659670E-07  2.470836E-09  2.083973E-09  7.973678E-06  1.083907E-05  7.253226E-08  6.331237E-09  8.175773E-09  6.607022E-09
 3.301500E+02  6.146986E-03  7.040597E-07  1.625978E-11  2.168447E-11  2.421002E-11  2.930296E-11  5.745045E-03  1.164735E-06  7.561071E-10  2.332301E-02  7.948673E-05  8.408971E-07  7.294677E-08  1.431256E-05  2.879578E-10  1.102359E-09  1.971832E-10  1.544137E-03  1.589716E-07  2.398307E-09  2.021596E-09  7.828621E-06  1.064189E-05  6.863001E-08  5.984558E-09  7.730415E-09  6.311756E-09
 3.311500E+02  6.142804E-03  6.974237E-07  1.583663E-11  2.112500E-11  2.358657E-11  2.855456E-11  5.725262E-03  1.142370E-06  7.140691E-10  2.326060E-02  7.808835E-05  7.964009E-07  7.095150E-08  1.406181E-05  2.746752E-10  1.053877E-09  1.904221E-10  1.521366E-03  1.523075E-07  2.328235E-09  1.961369E-09  7.687081E-06  1.044949E-05  6.495975E-08  5.658882E-09  7.311915E-09  6.031283E-09
 3.321500E+02  6.138415E-03  6.908554E-07  1.542601E-11  2.058195E-11  2.298139E-11  2.782793E-11  5.705637E-03  1.120582E-06  6.746195E-10  2.319842E-02  7.672232E-05  7.545022E-07  6.902253E-08  1.381670E-05  2.620798E-10  1.007801E-09  1.839262E-10  1.499028E-03  1.459574E-07  2.260528E-09  1.903211E-09  7.548956E-06  1.026174E-05  6.150647E-08  5.352820E-09  6.918508E-09  5.764789E-09
 3.331500E+02  6.133824E-03  6.843549E-07  1.502752E-11  2.005481E-11  2.239390E-11  2.712238E-11  5.686168E-03  1.099350E-06  6.375844E-10  2.313648E-02  7.538772E-05  7.150363E-07  6.715732E-08  1.357707E-05  2.501326E-10  9.639987E-10  1.776840E-10  1.477112E-03  1.399051E-07  2.195099E-09  1.847042E-09  7.414147E-06  1.007851E-05  5.825621E-08  5.065087E-09  6.548553E-09  5.511511E-09
 3.341500E+02  6.129038E-03  6.779219E-07  1.464078E-11  1.954309E-11  2.182357E-11  2.643727E-11  5.666853E-03  1.078658E-06  6.028027E-10  2.307477E-02  7.408371E-05  6.778495E-07  6.535345E-08  1.334279E-05  2.387970E-10  9.223473E-10  1.716846E-10  1.455611E-03  1.341352E-07  2.131862E-09  1.792790E-09  7.282556E-06  9.899650E-06  5.519597E-08  4.794485E-09  6.200525E-09  5.270728E-09
 3.351500E+02  6.124062E-03  6.715565E-07  1.426541E-11  1.904631E-11  2.126986E-11  2.577196E-11  5.647689E-03  1.058490E-06  5.701246E-10  2.301331E-02  7.280943E-05  6.427988E-07  6.360858E-08  1.311371E-05  2.280385E-10  8.827298E-10  1.659176E-10  1.434514E-03  1.286332E-07  2.070737E-09  1.740380E-09  7.154092E-06  9.725046E-06  5.231364E-08  4.539902E-09  5.873005E-09  5.041763E-09
 3.361500E+02  6.118901E-03  6.652585E-07  1.390108E-11  1.856400E-11  2.073224E-11  2.512586E-11  5.628676E-03  1.038828E-06  5.394114E-10  2.295208E-02  7.156408E-05  6.097506E-07  6.192049E-08  1.288970E-05  2.178249E-10  8.450368E-10  1.603730E-10  1.413814E-03  1.233856E-07  2.011646E-09  1.689745E-09  7.028664E-06  9.554573E-06  4.959796E-08  4.300304E-09  5.564676E-09  4.823979E-09
 3.371500E+02  6.113561E-03  6.590277E-07  1.354741E-11  1.809570E-11  2.021023E-11  2.449836E-11  5.609810E-03  1.019659E-06  5.105341E-10  2.289109E-02  7.034688E-05  5.785805E-07  6.028706E-08  1.267063E-05  2.081258E-10  8.091649E-10  1.550412E-10  1.393502E-03  1.183793E-07  1.954514E-09  1.640818E-09  6.906184E-06  9.388111E-06  4.703842E-08  4.074728E-09  5.274310E-09  4.616776E-09
 3.381500E+02  6.108048E-03  6.528638E-07  1.320409E-11  1.764099E-11  1.970333E-11  2.388889E-11  5.591090E-03  1.000965E-06  4.833727E-10  2.283035E-02  6.915705E-05  5.491723E-07  5.870625E-08  1.245637E-05  1.989126E-10  7.750170E-10  1.499134E-10  1.373571E-03  1.136021E-07  1.899270E-09  1.593536E-09  6.786570E-06  9.225547E-06  4.462524E-08  3.862278E-09  5.000763E-09  4.419589E-09
 3.391500E+02  6.102366E-03  6.467666E-07  1.287078E-11  1.719944E-11  1.921107E-11  2.329690E-11  5.572514E-03  9.827343E-07  4.578160E-10  2.276984E-02  6.799387E-05  5.214176E-07  5.717608E-08  1.224680E-05  1.901586E-10  7.425014E-10  1.449807E-10  1.354011E-03  1.090425E-07  1.845844E-09  1.547836E-09  6.669739E-06  9.066769E-06  4.234928E-08  3.662121E-09  4.742971E-09  4.231884E-09
 3.401500E+02  6.096521E-03  6.407358E-07  1.254717E-11  1.677065E-11  1.873301E-11  2.272185E-11  5.554080E-03  9.649515E-07  4.337603E-10  2.270957E-02  6.685661E-05  4.952152E-07  5.569470E-08  1.204181E-05  1.818385E-10  7.115320E-10  1.402350E-10  1.334815E-03  1.046896E-07  1.794170E-09  1.503661E-09  6.555614E-06  8.911670E-06  4.020204E-08  3.473479E-09  4.499944E-09  4.053160E-09
 3.411500E+02  6.090517E-03  6.347712E-07  1.223297E-11  1.635420E-11  1.826870E-11  2.216321E-11  5.535786E-03  9.476034E-07  4.111092E-10  2.264954E-02  6.574458E-05  4.704704E-07  5.426031E-08  1.184127E-05  1.739288E-10  6.820274E-10  1.356685E-10  1.315976E-03  1.005331E-07  1.744185E-09  1.460954E-09  6.444117E-06  8.760148E-06  3.817558E-08  3.295630E-09  4.270756E-09  3.882944E-09
 3.421500E+02  6.084360E-03  6.288724E-07  1.192786E-11  1.594973E-11  1.781771E-11  2.162049E-11  5.517631E-03  9.306771E-07  3.897731E-10  2.258976E-02  6.465712E-05  4.470949E-07  5.287118E-08  1.164507E-05  1.664069E-10  6.539109E-10  1.312736E-10  1.297486E-03  9.656316E-08  1.695827E-09  1.419661E-09  6.335176E-06  8.612101E-06  3.626246E-08  3.127898E-09  4.054547E-09  3.720790E-09
 3.431500E+02  6.078053E-03  6.230389E-07  1.163157E-11  1.555685E-11  1.737963E-11  2.109318E-11  5.499613E-03  9.141602E-07  3.696685E-10  2.253021E-02  6.359356E-05  4.250062E-07  5.152566E-08  1.145310E-05  1.592521E-10  6.271103E-10  1.270431E-10  1.279337E-03  9.277056E-08  1.649037E-09  1.379729E-09  6.228720E-06  8.467432E-06  3.445578E-08  2.969654E-09  3.850512E-09  3.566276E-09
 3.441500E+02  6.071602E-03  6.172706E-07  1.134382E-11  1.517521E-11  1.695406E-11  2.058083E-11  5.481730E-03  8.980403E-07  3.507176E-10  2.247091E-02  6.255328E-05  4.041269E-07  5.022216E-08  1.126526E-05  1.524445E-10  6.015573E-10  1.229702E-10  1.261523E-03  8.914658E-08  1.603758E-09  1.341110E-09  6.124679E-06  8.326049E-06  3.274907E-08  2.820312E-09  3.657901E-09  3.419007E-09
 3.451500E+02  6.065012E-03  6.115668E-07  1.106434E-11  1.480446E-11  1.654061E-11  2.008296E-11  5.463980E-03  8.823060E-07  3.328480E-10  2.241184E-02  6.153566E-05  3.843849E-07  4.895918E-08  1.108144E-05  1.459656E-10  5.771877E-10  1.190484E-10  1.244036E-03  8.568295E-08  1.559937E-09  1.303755E-09  6.022986E-06  8.187860E-06  3.113628E-08  2.679323E-09  3.476015E-09  3.278607E-09
 3.461500E+02  6.058285E-03  6.059273E-07  1.079288E-11  1.444426E-11  1.613890E-11  1.959913E-11  5.446361E-03  8.669460E-07  3.159921E-10  2.235302E-02  6.054011E-05  3.657126E-07  4.773524E-08  1.090155E-05  1.397978E-10  5.539407E-10  1.152714E-10  1.226869E-03  8.237182E-08  1.517522E-09  1.267618E-09  5.923578E-06  8.052776E-06  2.961177E-08  2.546177E-09  3.304201E-09  3.144724E-09
 3.471500E+02  6.051427E-03  6.003516E-07  1.052918E-11  1.409428E-11  1.574858E-11  1.912891E-11  5.428873E-03  8.519492E-07  3.000870E-10  2.229444E-02  5.956606E-05  3.480468E-07  4.654896E-08  1.072547E-05  1.339246E-10  5.317590E-10  1.116333E-10  1.210017E-03  7.920579E-08  1.476461E-09  1.232655E-09  5.826392E-06  7.920714E-06  2.817025E-08  2.420397E-09  3.141847E-09  3.017022E-09
 3.481500E+02  6.044443E-03  5.948393E-07  1.027300E-11  1.375421E-11  1.536929E-11  1.867189E-11  5.411513E-03  8.373053E-07  2.850740E-10  2.223609E-02  5.861294E-05  3.313282E-07  4.539898E-08  1.055313E-05  1.283305E-10  5.105884E-10  1.081284E-10  1.193471E-03  7.617782E-08  1.436707E-09  1.198823E-09  5.731367E-06  7.791591E-06  2.680678E-08  2.301535E-09  2.988383E-09  2.895188E-09
 3.491500E+02  6.037335E-03  5.893898E-07  1.002411E-11  1.342375E-11  1.500069E-11  1.822766E-11  5.394280E-03  8.230040E-07  2.708982E-10  2.217799E-02  5.768022E-05  3.155014E-07  4.428402E-08  1.038442E-05  1.230009E-10  4.903778E-10  1.047513E-10  1.177226E-03  7.328126E-08  1.398213E-09  1.166082E-09  5.638445E-06  7.665326E-06  2.551675E-08  2.189177E-09  2.843276E-09  2.778923E-09
 3.501500E+02  6.030108E-03  5.840027E-07  9.782286E-12  1.310258E-11  1.464246E-11  1.779582E-11  5.377172E-03  8.090356E-07  2.575084E-10  2.212013E-02  5.676736E-05  3.005144E-07  4.320285E-08  1.021925E-05  1.179218E-10  4.710789E-10  1.014967E-10  1.161276E-03  7.050981E-08  1.360934E-09  1.134392E-09  5.547569E-06  7.541844E-06  2.429582E-08  2.082931E-09  2.706027E-09  2.667946E-09
 3.511500E+02  6.022766E-03  5.786775E-07  9.547299E-12  1.279044E-11  1.429426E-11  1.737601E-11  5.360188E-03  7.953905E-07  2.448569E-10  2.206251E-02  5.587386E-05  2.863186E-07  4.215427E-08  1.005754E-05  1.130804E-10  4.526460E-10  9.835970E-11  1.145614E-03  6.785749E-08  1.324829E-09  1.103715E-09  5.458684E-06  7.421068E-06  2.313995E-08  1.982434E-09  2.576170E-09  2.561992E-09
 3.521500E+02  6.015313E-03  5.734136E-07  9.318942E-12  1.248703E-11  1.395580E-11  1.696784E-11  5.343326E-03  7.820596E-07  2.328991E-10  2.200513E-02  5.499922E-05  2.728683E-07  4.113714E-08  9.899205E-06  1.084642E-10  4.350360E-10  9.533554E-11  1.130234E-03  6.531862E-08  1.289854E-09  1.074015E-09  5.371737E-06  7.302927E-06  2.204533E-08  1.887345E-09  2.453268E-09  2.460809E-09
 3.531500E+02  6.007751E-03  5.682107E-07  9.097008E-12  1.219210E-11  1.362678E-11  1.657098E-11  5.326585E-03  7.690339E-07  2.215932E-10  2.194799E-02  5.414296E-05  2.601207E-07  4.015037E-08  9.744157E-06  1.040618E-10  4.182080E-10  9.241969E-11  1.115130E-03  6.288784E-08  1.255971E-09  1.045258E-09  5.286676E-06  7.187350E-06  2.100842E-08  1.797345E-09  2.336913E-09  2.364159E-09
 3.541500E+02  6.000086E-03  5.630681E-07  8.881298E-12  1.190538E-11  1.330690E-11  1.618507E-11  5.309963E-03  7.563050E-07  2.109003E-10  2.189109E-02  5.330462E-05  2.480357E-07  3.919291E-08  9.592318E-06  9.986205E-11  4.021235E-10  8.960781E-11  1.100298E-03  6.056004E-08  1.223142E-09  1.017410E-09  5.203452E-06  7.074270E-06  2.002588E-08  1.712135E-09  2.226722E-09  2.271817E-09
 3.551500E+02  5.992320E-03  5.579852E-07  8.671621E-12  1.162662E-11  1.299589E-11  1.580978E-11  5.293459E-03  7.438645E-07  2.007839E-10  2.183442E-02  5.248373E-05  2.365756E-07  3.826373E-08  9.443609E-06  9.585474E-11  3.867459E-10  8.689574E-11  1.085730E-03  5.833040E-08  1.191329E-09  9.904381E-10  5.122015E-06  6.963620E-06  1.909460E-08  1.631435E-09  2.122337E-09  2.183572E-09
 3.561500E+02  5.984457E-03  5.529617E-07  8.467790E-12  1.135557E-11  1.269347E-11  1.544479E-11  5.277071E-03  7.317043E-07  1.912098E-10  2.177800E-02  5.167987E-05  2.257051E-07  3.736188E-08  9.297955E-06  9.203006E-11  3.720407E-10  8.427952E-11  1.071421E-03  5.619432E-08  1.160497E-09  9.643120E-10  5.042320E-06  6.855336E-06  1.821163E-08  1.554985E-09  2.023422E-09  2.099221E-09
 3.571500E+02  5.976500E-03  5.479968E-07  8.269624E-12  1.109200E-11  1.239938E-11  1.508978E-11  5.260798E-03  7.198168E-07  1.821462E-10  2.172181E-02  5.089260E-05  2.153909E-07  3.648641E-08  9.155279E-06  8.837880E-11  3.579751E-10  8.175535E-11  1.057367E-03  5.414745E-08  1.130613E-09  9.390019E-10  4.964320E-06  6.749357E-06  1.737424E-08  1.482538E-09  1.929663E-09  2.018574E-09
 3.581500E+02  5.968452E-03  5.430901E-07  8.076951E-12  1.083569E-11  1.211337E-11  1.474446E-11  5.244639E-03  7.081944E-07  1.735631E-10  2.166586E-02  5.012152E-05  2.056020E-07  3.563642E-08  9.015512E-06  8.489224E-11  3.445182E-10  7.931961E-11  1.043562E-03  5.218566E-08  1.101644E-09  9.144790E-10  4.887971E-06  6.645623E-06  1.657984E-08  1.413864E-09  1.840764E-09  1.941452E-09
 3.591500E+02  5.960317E-03  5.382410E-07  7.889601E-12  1.058640E-11  1.183519E-11  1.440853E-11  5.228592E-03  6.968298E-07  1.654326E-10  2.161015E-02  4.936621E-05  1.963089E-07  3.481106E-08  8.878582E-06  8.156214E-11  3.316406E-10  7.696881E-11  1.030000E-03  5.030502E-08  1.073557E-09  8.907158E-10  4.813231E-06  6.544075E-06  1.582601E-08  1.348747E-09  1.756449E-09  1.867683E-09
 3.601500E+02  5.952097E-03  5.334489E-07  7.707411E-12  1.034393E-11  1.156461E-11  1.408171E-11  5.212656E-03  6.857161E-07  1.577285E-10  2.155467E-02  4.862629E-05  1.874843E-07  3.400949E-08  8.744420E-06  7.838071E-11  3.193145E-10  7.469963E-11  1.016677E-03  4.850180E-08  1.046323E-09  8.676859E-10  4.740058E-06  6.444657E-06  1.511048E-08  1.286986E-09  1.676458E-09  1.797106E-09
 3.611500E+02  5.943797E-03  5.287133E-07  7.530224E-12  1.010807E-11  1.130139E-11  1.376372E-11  5.196830E-03  6.748463E-07  1.504261E-10  2.149943E-02  4.790137E-05  1.791023E-07  3.323091E-08  8.612962E-06  7.534058E-11  3.075137E-10  7.250889E-11  1.003588E-03  4.677246E-08  1.019912E-09  8.453637E-10  4.668412E-06  6.347314E-06  1.443111E-08  1.228389E-09  1.600547E-09  1.729567E-09
 3.621500E+02  5.935417E-03  5.240335E-07  7.357886E-12  9.878622E-12  1.104532E-11  1.345431E-11  5.181112E-03  6.642140E-07  1.435025E-10  2.144442E-02  4.719110E-05  1.711384E-07  3.247454E-08  8.484141E-06  7.243479E-11  2.962132E-10  7.039354E-11  9.907282E-04  4.511364E-08  9.942975E-10  8.237248E-10  4.598254E-06  6.251993E-06  1.378591E-08  1.172780E-09  1.528487E-09  1.664921E-09
 3.631500E+02  5.926962E-03  5.194090E-07  7.190250E-12  9.655388E-12  1.079617E-11  1.315320E-11  5.165501E-03  6.538126E-07  1.369359E-10  2.138965E-02  4.649510E-05  1.635699E-07  3.173966E-08  8.357896E-06  6.965674E-11  2.853893E-10  6.835067E-11  9.780924E-04  4.352215E-08  9.694509E-10  8.027455E-10  4.529546E-06  6.158642E-06  1.317297E-08  1.119990E-09  1.460064E-09  1.603031E-09
 3.641500E+02  5.918435E-03  5.148393E-07  7.027173E-12  9.438182E-12  1.055373E-11  1.286016E-11  5.149996E-03  6.436361E-07  1.307063E-10  2.133511E-02  4.581303E-05  1.563753E-07  3.102555E-08  8.234164E-06  6.700020E-11  2.750196E-10  6.637747E-11  9.656763E-04  4.199494E-08  9.453466E-10  7.824032E-10  4.462250E-06  6.067212E-06  1.259054E-08  1.069863E-09  1.395075E-09  1.543767E-09
 3.651500E+02  5.909837E-03  5.103236E-07  6.868517E-12  9.226822E-12  1.031782E-11  1.257494E-11  5.134595E-03  6.336784E-07  1.247945E-10  2.128081E-02  4.514456E-05  1.495342E-07  3.033152E-08  8.112886E-06  6.445927E-11  2.650828E-10  6.447128E-11  9.534753E-04  4.052912E-08  9.219596E-10  7.626760E-10  4.396333E-06  5.977654E-06  1.203693E-08  1.022250E-09  1.333332E-09  1.487003E-09
 3.661500E+02  5.901172E-03  5.058615E-07  6.714148E-12  9.021133E-12  1.008822E-11  1.229730E-11  5.119298E-03  6.239338E-07  1.191827E-10  2.122674E-02  4.448935E-05  1.430277E-07  2.965692E-08  7.994005E-06  6.202833E-11  2.555588E-10  6.262952E-11  9.414852E-04  3.912195E-08  8.992658E-10  7.435428E-10  4.331758E-06  5.889921E-06  1.151059E-08  9.770136E-10  1.274655E-09  1.432624E-09
 3.671500E+02  5.892442E-03  5.014523E-07  6.563936E-12  8.820945E-12  9.864753E-12  1.202704E-11  5.104104E-03  6.143966E-07  1.138542E-10  2.117290E-02  4.384708E-05  1.368378E-07  2.900110E-08  7.877463E-06  5.970211E-11  2.464283E-10  6.084976E-11  9.297016E-04  3.777081E-08  8.772418E-10  7.249836E-10  4.268493E-06  5.803968E-06  1.101004E-08  9.340226E-10  1.218877E-09  1.380518E-09
 3.681500E+02  5.883650E-03  4.970956E-07  6.417756E-12  8.626093E-12  9.647234E-12  1.176391E-11  5.089010E-03  6.050614E-07  1.087931E-10  2.111929E-02  4.321745E-05  1.309475E-07  2.836346E-08  7.763206E-06  5.747559E-11  2.376733E-10  5.912962E-11  9.181203E-04  3.647322E-08  8.558652E-10  7.069787E-10  4.206505E-06  5.719749E-06  1.053389E-08  8.931544E-10  1.165840E-09  1.330578E-09
 3.691500E+02  5.874797E-03  4.927906E-07  6.275488E-12  8.436417E-12  9.435485E-12  1.150772E-11  5.074016E-03  5.959228E-07  1.039848E-10  2.106591E-02  4.260015E-05  1.253409E-07  2.774340E-08  7.651181E-06  5.534400E-11  2.292764E-10  5.746687E-11  9.067372E-04  3.522682E-08  8.351145E-10  6.895094E-10  4.145762E-06  5.637222E-06  1.008082E-08  8.542937E-10  1.115396E-09  1.282706E-09
 3.701500E+02  5.865888E-03  4.885368E-07  6.137012E-12  8.251764E-12  9.229334E-12  1.125826E-11  5.059121E-03  5.869758E-07  9.941522E-11  2.101276E-02  4.199488E-05  1.200031E-07  2.714037E-08  7.541334E-06  5.330285E-11  2.212213E-10  5.585933E-11  8.955484E-04  3.402935E-08  8.149690E-10  6.725577E-10  4.086233E-06  5.556345E-06  9.649622E-09  8.173318E-10  1.067406E-09  1.236805E-09
 3.711500E+02  5.856923E-03  4.843336E-07  6.002217E-12  8.071983E-12  9.028615E-12  1.101533E-11  5.044324E-03  5.782155E-07  9.507141E-11  2.095984E-02  4.140137E-05  1.149198E-07  2.655380E-08  7.433616E-06  5.134785E-11  2.134925E-10  5.430495E-11  8.845498E-04  3.287867E-08  7.954084E-10  6.561061E-10  4.027888E-06  5.477078E-06  9.239118E-09  7.821666E-10  1.021737E-09  1.192785E-09
 3.721500E+02  5.847905E-03  4.801805E-07  5.870992E-12  7.896932E-12  8.833168E-12  1.077874E-11  5.029624E-03  5.696369E-07  9.094104E-11  2.090715E-02  4.081933E-05  1.100778E-07  2.598318E-08  7.327978E-06  4.947496E-11  2.060750E-10  5.280172E-11  8.737376E-04  3.177275E-08  7.764137E-10  6.401380E-10  3.970700E-06  5.399380E-06  8.848219E-09  7.487019E-10  9.782656E-10  1.150561E-09
 3.731500E+02  5.838837E-03  4.760768E-07  5.743230E-12  7.726469E-12  8.642836E-12  1.054829E-11  5.015019E-03  5.612355E-07  8.701255E-11  2.085469E-02  4.024849E-05  1.054645E-07  2.542799E-08  7.224370E-06  4.768034E-11  1.989550E-10  5.134775E-11  8.631082E-04  3.070963E-08  7.579660E-10  6.246372E-10  3.914638E-06  5.323215E-06  8.475894E-09  7.168470E-10  9.368758E-10  1.110050E-09
 3.741500E+02  5.829720E-03  4.720220E-07  5.618829E-12  7.560459E-12  8.457469E-12  1.032382E-11  5.000508E-03  5.530067E-07  8.327504E-11  2.080245E-02  3.968860E-05  1.010679E-07  2.488775E-08  7.122746E-06  4.596033E-11  1.921190E-10  4.994121E-11  8.526578E-04  2.968747E-08  7.400476E-10  6.095881E-10  3.859677E-06  5.248543E-06  8.121171E-09  6.865165E-10  8.974573E-10  1.071176E-09
 3.751500E+02  5.820556E-03  4.680155E-07  5.497689E-12  7.398771E-12  8.276921E-12  1.010515E-11  4.986091E-03  5.449462E-07  7.971828E-11  2.075044E-02  3.913939E-05  9.687694E-08  2.436199E-08  7.023062E-06  4.431149E-11  1.855544E-10  4.858035E-11  8.423828E-04  2.870450E-08  7.226412E-10  5.949758E-10  3.805789E-06  5.175331E-06  7.783134E-09  6.576301E-10  8.599065E-10  1.033864E-09
 3.761500E+02  5.811348E-03  4.640567E-07  5.379714E-12  7.241278E-12  8.101050E-12  9.892104E-12  4.971767E-03  5.370496E-07  7.633262E-11  2.069866E-02  3.860061E-05  9.288097E-08  2.385024E-08  6.925271E-06  4.273052E-11  1.792490E-10  4.726350E-11  8.322798E-04  2.775906E-08  7.057300E-10  5.807859E-10  3.752949E-06  5.103542E-06  7.460917E-09  6.301119E-10  8.241259E-10  9.980443E-10
 3.771500E+02  5.802098E-03  4.601451E-07  5.264810E-12  7.087857E-12  7.929719E-12  9.684522E-12  4.957534E-03  5.293128E-07  7.310898E-11  2.064709E-02  3.807203E-05  8.907002E-08  2.335207E-08  6.829332E-06  4.121430E-11  1.731914E-10  4.598903E-11  8.223453E-04  2.684953E-08  6.892980E-10  5.670044E-10  3.701131E-06  5.033141E-06  7.153706E-09  6.038903E-10  7.900232E-10  9.636506E-10
 3.781500E+02  5.792807E-03  4.562800E-07  5.152887E-12  6.938389E-12  7.762797E-12  9.482247E-12  4.943391E-03  5.217319E-07  7.003878E-11  2.059576E-02  3.755341E-05  8.543466E-08  2.286706E-08  6.735201E-06  3.975988E-11  1.673707E-10  4.475540E-11  8.125760E-04  2.597439E-08  6.733297E-10  5.536180E-10  3.650311E-06  4.964097E-06  6.860728E-09  5.788980E-10  7.575116E-10  9.306194E-10
 3.791500E+02  5.783477E-03  4.524610E-07  5.043857E-12  6.792759E-12  7.600154E-12  9.285124E-12  4.929338E-03  5.143030E-07  6.711397E-11  2.054464E-02  3.704452E-05  8.196599E-08  2.239480E-08  6.642839E-06  3.836445E-11  1.617765E-10  4.356113E-11  8.029685E-04  2.513218E-08  6.578102E-10  5.406137E-10  3.600466E-06  4.896377E-06  6.581258E-09  5.550714E-10  7.265091E-10  8.988904E-10
 3.801500E+02  5.774111E-03  4.486875E-07  4.937636E-12  6.650856E-12  7.441667E-12  9.093004E-12  4.915373E-03  5.070222E-07  6.432694E-11  2.049374E-02  3.654514E-05  7.865559E-08  2.193489E-08  6.552204E-06  3.702532E-11  1.563989E-10  4.240479E-11  7.935197E-04  2.432153E-08  6.427251E-10  5.279791E-10  3.551572E-06  4.829949E-06  6.314608E-09  5.323504E-10  6.969382E-10  8.684062E-10
 3.811500E+02  5.764710E-03  4.449589E-07  4.834142E-12  6.512570E-12  7.287214E-12  8.905745E-12  4.901496E-03  4.998860E-07  6.167052E-11  2.044307E-02  3.605504E-05  7.549551E-08  2.148696E-08  6.463259E-06  3.573997E-11  1.512284E-10  4.128501E-11  7.842265E-04  2.354110E-08  6.280605E-10  5.157023E-10  3.503608E-06  4.764783E-06  6.060130E-09  5.106783E-10  6.687261E-10  8.391124E-10
 3.821500E+02  5.755275E-03  4.412746E-07  4.733295E-12  6.377798E-12  7.136680E-12  8.723205E-12  4.887706E-03  4.928907E-07  5.913793E-11  2.039262E-02  3.557403E-05  7.247822E-08  2.105064E-08  6.375964E-06  3.450597E-11  1.462562E-10  4.020049E-11  7.750857E-04  2.278964E-08  6.138030E-10  5.037716E-10  3.456550E-06  4.700850E-06  5.817209E-09  4.900017E-10  6.418036E-10  8.109568E-10
 3.831500E+02  5.745809E-03  4.376341E-07  4.635018E-12  6.246438E-12  6.989951E-12  8.545250E-12  4.874001E-03  4.860329E-07  5.672281E-11  2.034238E-02  3.510188E-05  6.959662E-08  2.062556E-08  6.290284E-06  3.332104E-11  1.414737E-10  3.914995E-11  7.660944E-04  2.206593E-08  5.999396E-10  4.921759E-10  3.410378E-06  4.638120E-06  5.585268E-09  4.702700E-10  6.161055E-10  7.838901E-10
 3.841500E+02  5.736313E-03  4.340369E-07  4.539237E-12  6.118391E-12  6.846919E-12  8.371750E-12  4.860381E-03  4.793092E-07  5.441911E-11  2.029236E-02  3.463841E-05  6.684397E-08  2.021140E-08  6.206182E-06  3.218298E-11  1.368727E-10  3.813220E-11  7.572497E-04  2.136884E-08  5.864580E-10  4.809045E-10  3.365072E-06  4.576565E-06  5.363757E-09  4.514355E-10  5.915703E-10  7.578651E-10
 3.851500E+02  5.726788E-03  4.304823E-07  4.445880E-12  5.993563E-12  6.707477E-12  8.202576E-12  4.846845E-03  4.727165E-07  5.222116E-11  2.024256E-02  3.418342E-05  6.421392E-08  1.980783E-08  6.123623E-06  3.108974E-11  1.324455E-10  3.714606E-11  7.485486E-04  2.069726E-08  5.733459E-10  4.699469E-10  3.320611E-06  4.516159E-06  5.152158E-09  4.334531E-10  5.681398E-10  7.328371E-10
 3.861500E+02  5.717237E-03  4.269700E-07  4.354877E-12  5.871862E-12  6.571522E-12  8.037607E-12  4.833392E-03  4.662515E-07  5.012359E-11  2.019298E-02  3.373671E-05  6.170044E-08  1.941451E-08  6.042572E-06  3.003932E-11  1.281847E-10  3.619041E-11  7.399884E-04  2.005014E-08  5.605919E-10  4.592932E-10  3.276976E-06  4.456875E-06  4.949982E-09  4.162802E-10  5.457588E-10  7.087631E-10
 3.871500E+02  5.707660E-03  4.234993E-07  4.266160E-12  5.753199E-12  6.438955E-12  7.876722E-12  4.820021E-03  4.599111E-07  4.812131E-11  2.014361E-02  3.329811E-05  5.929783E-08  1.903115E-08  5.962997E-06  2.902986E-11  1.240834E-10  3.526419E-11  7.315664E-04  1.942649E-08  5.481847E-10  4.489337E-10  3.234148E-06  4.398686E-06  4.756765E-09  3.998764E-10  5.243755E-10  6.856026E-10
 3.881500E+02  5.698060E-03  4.200697E-07  4.179665E-12  5.637486E-12  6.309680E-12  7.719808E-12  4.806731E-03  4.536924E-07  4.620954E-11  2.009446E-02  3.286742E-05  5.700069E-08  1.865744E-08  5.884865E-06  2.805956E-11  1.201347E-10  3.436636E-11  7.232797E-04  1.882536E-08  5.361135E-10  4.388591E-10  3.192108E-06  4.341569E-06  4.572068E-09  3.842037E-10  5.039405E-10  6.633166E-10
 3.891500E+02  5.688437E-03  4.166807E-07  4.095326E-12  5.524640E-12  6.183604E-12  7.566751E-12  4.793522E-03  4.475925E-07  4.438375E-11  2.004551E-02  3.244449E-05  5.480392E-08  1.829311E-08  5.808145E-06  2.712672E-11  1.163322E-10  3.349593E-11  7.151259E-04  1.824582E-08  5.243678E-10  4.290604E-10  3.150839E-06  4.285498E-06  4.395476E-09  3.692259E-10  4.844072E-10  6.418683E-10
 3.901500E+02  5.678793E-03  4.133318E-07  4.013084E-12  5.414580E-12  6.060636E-12  7.417443E-12  4.780393E-03  4.416085E-07  4.263965E-11  1.999679E-02  3.202913E-05  5.270266E-08  1.793787E-08  5.732805E-06  2.622972E-11  1.126700E-10  3.265194E-11  7.071024E-04  1.768701E-08  5.129376E-10  4.195289E-10  3.110322E-06  4.230450E-06  4.226595E-09  3.549090E-10  4.657317E-10  6.212222E-10
 3.911500E+02  5.669130E-03  4.100225E-07  3.932878E-12  5.307227E-12  5.940688E-12  7.271780E-12  4.767342E-03  4.357377E-07  4.097319E-11  1.994827E-02  3.162118E-05  5.069234E-08  1.759146E-08  5.658815E-06  2.536702E-11  1.091421E-10  3.183348E-11  6.992066E-04  1.714809E-08  5.018131E-10  4.102563E-10  3.070542E-06  4.176401E-06  4.065052E-09  3.412207E-10  4.478721E-10  6.013447E-10
 3.921500E+02  5.659448E-03  4.067522E-07  3.854650E-12  5.202506E-12  5.823676E-12  7.129659E-12  4.754370E-03  4.299774E-07  3.938054E-11  1.989996E-02  3.122048E-05  4.876861E-08  1.725361E-08  5.586146E-06  2.453714E-11  1.057430E-10  3.103967E-11  6.914361E-04  1.662827E-08  4.909849E-10  4.012346E-10  3.031481E-06  4.123330E-06  3.910496E-09  3.281303E-10  4.307889E-10  5.822038E-10
 3.931500E+02  5.649749E-03  4.035205E-07  3.778346E-12  5.100341E-12  5.709517E-12  6.990982E-12  4.741475E-03  4.243251E-07  3.785808E-11  1.985186E-02  3.082686E-05  4.692733E-08  1.692407E-08  5.514769E-06  2.373868E-11  1.024674E-10  3.026965E-11  6.837884E-04  1.612679E-08  4.804439E-10  3.924558E-10  2.993123E-06  4.071214E-06  3.762590E-09  3.156090E-10  4.144448E-10  5.637687E-10
 3.941500E+02  5.640035E-03  4.003268E-07  3.703910E-12  5.000663E-12  5.598132E-12  6.855653E-12  4.728656E-03  4.187783E-07  3.640238E-11  1.980398E-02  3.044018E-05  4.516462E-08  1.660261E-08  5.444657E-06  2.297032E-11  9.931019E-11  2.952262E-11  6.762613E-04  1.564292E-08  4.701814E-10  3.839125E-10  2.955453E-06  4.020031E-06  3.621020E-09  3.036294E-10  3.988042E-10  5.460104E-10
 3.951500E+02  5.630306E-03  3.971707E-07  3.631290E-12  4.903400E-12  5.489442E-12  6.723579E-12  4.715913E-03  4.133344E-07  3.501019E-11  1.975630E-02  3.006029E-05  4.347675E-08  1.628899E-08  5.375782E-06  2.223077E-11  9.626663E-11  2.879780E-11  6.688524E-04  1.517596E-08  4.601888E-10  3.755974E-10  2.918455E-06  3.969762E-06  3.485483E-09  2.921654E-10  3.838336E-10  5.289009E-10
 3.961500E+02  5.620564E-03  3.940516E-07  3.560436E-12  4.808487E-12  5.383374E-12  6.594671E-12  4.703245E-03  4.079911E-07  3.367843E-11  1.970882E-02  2.968703E-05  4.186022E-08  1.598299E-08  5.308118E-06  2.151882E-11  9.333206E-11  2.809441E-11  6.615595E-04  1.472525E-08  4.504580E-10  3.675035E-10  2.882114E-06  3.920386E-06  3.355695E-09  2.811924E-10  3.695011E-10  5.124135E-10
 3.971500E+02  5.610809E-03  3.909692E-07  3.491298E-12  4.715857E-12  5.279855E-12  6.468841E-12  4.690652E-03  4.027461E-07  3.240420E-11  1.966155E-02  2.932027E-05  4.031169E-08  1.568437E-08  5.241639E-06  2.083331E-11  9.050208E-11  2.741175E-11  6.543804E-04  1.429015E-08  4.409811E-10  3.596240E-10  2.846416E-06  3.871883E-06  3.231386E-09  2.706872E-10  3.557765E-10  4.965228E-10
 3.981500E+02  5.601044E-03  3.879228E-07  3.423828E-12  4.625448E-12  5.178814E-12  6.346004E-12  4.678131E-03  3.975972E-07  3.118473E-11  1.961449E-02  2.895987E-05  3.882800E-08  1.539294E-08  5.176319E-06  2.017315E-11  8.777247E-11  2.674910E-11  6.473129E-04  1.387006E-08  4.317505E-10  3.519523E-10  2.811347E-06  3.824233E-06  3.112300E-09  2.606276E-10  3.426313E-10  4.812047E-10
 3.991500E+02  5.591268E-03  3.849121E-07  3.357980E-12  4.537199E-12  5.080183E-12  6.226080E-12  4.665684E-03  3.925420E-07  3.001742E-11  1.956763E-02  2.860569E-05  3.740613E-08  1.510849E-08  5.112134E-06  1.953727E-11  8.513923E-11  2.610580E-11  6.403549E-04  1.346438E-08  4.227586E-10  3.444822E-10  2.776893E-06  3.777420E-06  2.998193E-09  2.509926E-10  3.300382E-10  4.664358E-10
