#         T/K            c1          c2-1          c3-4          c3-5          c3-7          c3-9            m1          m2-1          m3-1            w1            w2          w3-1          w3-2          c1m1        c1m2-1        c1m2-7        c2m1-1        c1w1-2        c1w2-1        c2w1-1        c2w1-9        m1w1-1        m1w1-4        m1w2-1        m2w1-1        m2w1-3      c1m1w1-1
 2.731500E+02  7.846032E-03  2.129537E-06  2.040403E-10  2.678078E-10  2.979575E-10  3.552772E-10  9.692054E-03  8.258596E-06  1.012732E-07  2.224282E-02  1.774702E-04  1.920280E-05  2.694357E-07  8.317088E-05  1.796163E-08  5.893781E-08  4.853866E-09  4.399865E-03  2.572624E-06  2.443394E-08  2.145558E-08  3.044497E-05  4.144381E-05  2.757959E-06  4.351276E-07  5.510949E-07  2.062814E-07
 2.741500E+02  7.865225E-03  2.109975E-06  1.974708E-10  2.592730E-10  2.884833E-10  3.440889E-10  9.645827E-03  8.016716E-06  9.290410E-08  2.219856E-02  1.733182E-04  1.779342E-05  2.593628E-07  8.117217E-05  1.676371E-08  5.518521E-08  4.625265E-09  4.319148E-03  2.425664E-06  2.350399E-08  2.062119E-08  2.965755E-05  4.036937E-05  2.548349E-06  4.006887E-07  5.076796E-07  1.933985E-07
 2.751500E+02  7.883558E-03  2.090410E-06  1.911175E-10  2.510156E-10  2.793164E-10  3.332594E-10  9.600099E-03  7.783768E-06  8.528361E-08  2.215382E-02  1.692833E-04  1.649530E-05  2.497193E-07  7.923036E-05  1.565291E-08  5.169424E-08  4.408431E-09  4.240059E-03  2.287808E-06  2.261218E-08  1.982177E-08  2.889551E-05  3.932967E-05  2.355929E-06  3.691970E-07  4.679645E-07  1.813907E-07
 2.761500E+02  7.901042E-03  2.070849E-06  1.849737E-10  2.430274E-10  2.704474E-10  3.227778E-10  9.554863E-03  7.559365E-06  7.834001E-08  2.210863E-02  1.653619E-04  1.529910E-05  2.404855E-07  7.734367E-05  1.462240E-08  4.844520E-08  4.202714E-09  4.162569E-03  2.158453E-06  2.175688E-08  1.905580E-08  2.815791E-05  3.832344E-05  2.179196E-06  3.403829E-07  4.316119E-07  1.701941E-07
 2.771500E+02  7.917691E-03  2.051304E-06  1.790329E-10  2.353000E-10  2.618672E-10  3.126339E-10  9.510111E-03  7.343140E-06  7.200889E-08  2.206301E-02  1.615505E-04  1.419632E-05  2.316424E-07  7.551035E-05  1.366595E-08  4.541998E-08  4.007505E-09  4.086651E-03  2.037040E-06  2.093654E-08  1.832182E-08  2.744384E-05  3.734943E-05  2.016784E-06  3.140026E-07  3.983172E-07  1.597500E-07
 2.781500E+02  7.933519E-03  2.031783E-06  1.732887E-10  2.278253E-10  2.535669E-10  3.028172E-10  9.465838E-03  7.134741E-06  6.623233E-08  2.201700E-02  1.578458E-04  1.317918E-05  2.231719E-07  7.372873E-05  1.277781E-08  4.260193E-08  3.822226E-09  4.012275E-03  1.923049E-06  2.014967E-08  1.761845E-08  2.675244E-05  3.640645E-05  1.867454E-06  2.898361E-07  3.678049E-07  1.500041E-07
 2.791500E+02  7.948539E-03  2.012296E-06  1.677349E-10  2.205956E-10  2.455380E-10  2.933180E-10  9.422036E-03  6.933837E-06  6.095823E-08  2.197062E-02  1.542444E-04  1.224060E-05  2.150569E-07  7.199719E-05  1.195272E-08  3.997571E-08  3.646338E-09  3.939415E-03  1.815995E-06  1.939486E-08  1.694435E-08  2.608289E-05  3.549337E-05  1.730079E-06  2.676843E-07  3.398258E-07  1.409062E-07
 2.801500E+02  7.962765E-03  1.992851E-06  1.623655E-10  2.136032E-10  2.377719E-10  2.841266E-10  9.378699E-03  6.740109E-06  5.613971E-08  2.192390E-02  1.507433E-04  1.137411E-05  2.072812E-07  7.031418E-05  1.118588E-08  3.752722E-08  3.479329E-09  3.868040E-03  1.715426E-06  1.867075E-08  1.629824E-08  2.543438E-05  3.460909E-05  1.603636E-06  2.473674E-07  3.141545E-07  1.324102E-07
 2.811500E+02  7.976212E-03  1.973458E-06  1.571747E-10  2.068408E-10  2.302606E-10  2.752335E-10  9.335820E-03  6.553255E-06  5.173455E-08  2.187685E-02  1.473392E-04  1.057381E-05  1.998290E-07  6.867819E-05  1.047283E-08  3.524344E-08  3.320719E-09  3.798125E-03  1.620923E-06  1.797602E-08  1.567892E-08  2.480615E-05  3.375255E-05  1.487194E-06  2.287224E-07  2.905869E-07  1.244732E-07
 2.821500E+02  7.988893E-03  1.954123E-06  1.521567E-10  2.003012E-10  2.229961E-10  2.666296E-10  9.293393E-03  6.372989E-06  4.770467E-08  2.182950E-02  1.440293E-04  9.834303E-06  1.926856E-07  6.708777E-05  9.809512E-09  3.311238E-08  3.170055E-09  3.729641E-03  1.532093E-06  1.730944E-08  1.508522E-08  2.419746E-05  3.292275E-05  1.379907E-06  2.116018E-07  2.689381E-07  1.170556E-07
 2.831500E+02  8.000825E-03  1.934855E-06  1.473061E-10  1.939772E-10  2.159707E-10  2.583059E-10  9.251411E-03  6.199037E-06  4.401574E-08  2.178186E-02  1.408105E-04  9.150662E-06  1.858368E-07  6.554150E-05  9.192186E-09  3.112301E-08  3.026909E-09  3.662561E-03  1.448572E-06  1.666981E-08  1.451603E-08  2.360761E-05  3.211871E-05  1.281005E-06  1.958718E-07  2.490404E-07  1.101209E-07
 2.841500E+02  8.012020E-03  1.915663E-06  1.426175E-10  1.878621E-10  2.091767E-10  2.502537E-10  9.209868E-03  6.031137E-06  4.063679E-08  2.173397E-02  1.376802E-04  8.518379E-06  1.792694E-07  6.403803E-05  8.617408E-09  2.926512E-08  2.890879E-09  3.596858E-03  1.370019E-06  1.605600E-08  1.397029E-08  2.303593E-05  3.133950E-05  1.189784E-06  1.814114E-07  2.307418E-07  1.036353E-07
 2.851500E+02  8.022495E-03  1.896551E-06  1.380856E-10  1.819493E-10  2.026069E-10  2.424646E-10  9.168758E-03  5.869041E-06  3.753981E-08  2.168583E-02  1.346356E-04  7.933332E-06  1.729705E-07  6.257605E-05  8.082012E-09  2.752930E-08  2.761585E-09  3.532506E-03  1.296118E-06  1.546690E-08  1.344699E-08  2.248175E-05  3.058424E-05  1.105607E-06  1.681104E-07  2.139042E-07  9.756744E-08
 2.861500E+02  8.032263E-03  1.877529E-06  1.337054E-10  1.762323E-10  1.962542E-10  2.349302E-10  9.128075E-03  5.712511E-06  3.469952E-08  2.163746E-02  1.316739E-04  7.391749E-06  1.669279E-07  6.115428E-05  7.583086E-09  2.590686E-08  2.638667E-09  3.469478E-03  1.226573E-06  1.490148E-08  1.294514E-08  2.194446E-05  2.985206E-05  1.027890E-06  1.558691E-07  1.984025E-07  9.188837E-08
 2.871500E+02  8.041340E-03  1.858602E-06  1.294718E-10  1.707048E-10  1.901115E-10  2.276425E-10  9.087812E-03  5.561322E-06  3.209303E-08  2.158889E-02  1.287928E-04  6.890176E-06  1.611301E-07  5.977150E-05  7.117944E-09  2.438979E-08  2.521789E-09  3.407748E-03  1.161109E-06  1.435873E-08  1.246384E-08  2.142345E-05  2.914213E-05  9.561016E-07  1.445968E-07  1.841225E-07  8.657125E-08
 2.881500E+02  8.049740E-03  1.839776E-06  1.253802E-10  1.653607E-10  1.841722E-10  2.205937E-10  9.047963E-03  5.415257E-06  2.969966E-08  2.154012E-02  1.259897E-04  6.425451E-06  1.555661E-07  5.842652E-05  6.684115E-09  2.297066E-08  2.410631E-09  3.347290E-03  1.099467E-06  1.383770E-08  1.200218E-08  2.091815E-05  2.845367E-05  8.897564E-07  1.342110E-07  1.709609E-07  8.159120E-08
 2.891500E+02  8.057478E-03  1.821058E-06  1.214259E-10  1.601941E-10  1.784297E-10  2.137762E-10  9.008523E-03  5.274112E-06  2.750064E-08  2.149117E-02  1.232621E-04  5.994677E-06  1.502254E-07  5.711818E-05  6.279320E-09  2.164262E-08  2.304891E-09  3.288079E-03  1.041409E-06  1.333747E-08  1.155933E-08  2.042800E-05  2.778591E-05  8.284114E-07  1.246368E-07  1.588235E-07  7.692519E-08
 2.901500E+02  8.064569E-03  1.802452E-06  1.176043E-10  1.551991E-10  1.728775E-10  2.071826E-10  8.969485E-03  5.137689E-06  2.547899E-08  2.144205E-02  1.206079E-04  5.595198E-06  1.450981E-07  5.584538E-05  5.901457E-09  2.039932E-08  2.204284E-09  3.230090E-03  9.867099E-07  1.285716E-08  1.113447E-08  1.995247E-05  2.713813E-05  7.716623E-07  1.158060E-07  1.476245E-07  7.255185E-08
 2.911500E+02  8.071026E-03  1.783964E-06  1.139111E-10  1.503702E-10  1.675095E-10  2.008057E-10  8.930844E-03  5.005802E-06  2.361930E-08  2.139279E-02  1.180247E-04  5.224578E-06  1.401746E-07  5.460704E-05  5.548588E-09  1.923489E-08  2.108543E-09  3.173298E-03  9.351606E-07  1.239594E-08  1.072683E-08  1.949105E-05  2.650963E-05  7.191391E-07  1.076565E-07  1.372857E-07  6.845136E-08
 2.921500E+02  8.076865E-03  1.765600E-06  1.103419E-10  1.457019E-10  1.623197E-10  1.946384E-10  8.892594E-03  4.878271E-06  2.190760E-08  2.134338E-02  1.155104E-04  4.880584E-06  1.354459E-07  5.340211E-05  5.218924E-09  1.814391E-08  2.017414E-09  3.117678E-03  8.865659E-07  1.195300E-08  1.033567E-08  1.904325E-05  2.589972E-05  6.705038E-07  1.001317E-07  1.277362E-07  6.460535E-08
 2.931500E+02  8.082100E-03  1.747363E-06  1.068926E-10  1.411889E-10  1.573022E-10  1.886740E-10  8.854730E-03  4.754925E-06  2.033121E-08  2.129386E-02  1.130628E-04  4.561166E-06  1.309034E-07  5.222960E-05  4.910812E-09  1.712134E-08  1.930655E-09  3.063207E-03  8.407433E-07  1.152758E-08  9.960286E-09  1.860860E-05  2.530776E-05  6.254470E-07  9.318004E-08  1.189110E-07  6.099675E-08
 2.941500E+02  8.086745E-03  1.729257E-06  1.035592E-10  1.368262E-10  1.524513E-10  1.829059E-10  8.817244E-03  4.635601E-06  1.887858E-08  2.124421E-02  1.106801E-04  4.264439E-06  1.265390E-07  5.108852E-05  4.622726E-09  1.616252E-08  1.848042E-09  3.009860E-03  7.975224E-07  1.111893E-08  9.599996E-09  1.818663E-05  2.473314E-05  5.836858E-07  8.675458E-08  1.107508E-07  5.760972E-08
 2.951500E+02  8.090814E-03  1.711288E-06  1.003379E-10  1.326086E-10  1.477615E-10  1.773276E-10  8.780133E-03  4.520142E-06  1.753926E-08  2.119447E-02  1.083601E-04  3.988675E-06  1.223447E-07  4.997793E-05  4.353256E-09  1.526313E-08  1.769360E-09  2.957615E-03  7.567439E-07  1.072636E-08  9.254157E-09  1.777693E-05  2.417524E-05  5.449607E-07  8.081238E-08  1.032018E-07  5.442957E-08
 2.961500E+02  8.094321E-03  1.693458E-06  9.722482E-11  1.285314E-10  1.432274E-10  1.719329E-10  8.743391E-03  4.408401E-06  1.630369E-08  2.114464E-02  1.061009E-04  3.732285E-06  1.183132E-07  4.889691E-05  4.101098E-09  1.441916E-08  1.694407E-09  2.906449E-03  7.182588E-07  1.034920E-08  8.922151E-09  1.737905E-05  2.363351E-05  5.090345E-07  7.531427E-08  9.621454E-08  5.144261E-08
 2.971500E+02  8.097279E-03  1.675771E-06  9.421631E-11  1.245899E-10  1.388440E-10  1.667157E-10  8.707011E-03  4.300234E-06  1.516322E-08  2.109472E-02  1.039009E-04  3.493807E-06  1.144375E-07  4.784459E-05  3.865045E-09  1.362690E-08  1.622991E-09  2.856338E-03  6.819279E-07  9.986787E-09  8.603388E-09  1.699261E-05  2.310738E-05  4.756892E-07  7.022448E-08  8.974395E-08  4.863615E-08
 2.981500E+02  8.099702E-03  1.658230E-06  9.130884E-11  1.207795E-10  1.346060E-10  1.616703E-10  8.670990E-03  4.195505E-06  1.410995E-08  2.104473E-02  1.017581E-04  3.271897E-06  1.107106E-07  4.682011E-05  3.643983E-09  1.288291E-08  1.554932E-09  2.807262E-03  6.476209E-07  9.638521E-09  8.297303E-09  1.661722E-05  2.259632E-05  4.447254E-07  6.551031E-08  8.374884E-08  4.599837E-08
 2.991500E+02  8.101603E-03  1.640838E-06  8.849896E-11  1.170958E-10  1.305087E-10  1.567908E-10  8.635321E-03  4.094084E-06  1.313667E-08  2.099469E-02  9.967082E-05  3.065319E-06  1.071264E-07  4.582263E-05  3.436877E-09  1.218397E-08  1.490058E-09  2.759197E-03  6.152159E-07  9.303807E-09  8.003358E-09  1.625249E-05  2.209982E-05  4.159598E-07  6.114186E-08  7.819149E-08  4.351831E-08
 3.001500E+02  8.102996E-03  1.623597E-06  8.578334E-11  1.135346E-10  1.265474E-10  1.520718E-10  8.600000E-03  3.995845E-06  1.223682E-08  2.094459E-02  9.763746E-05  2.872934E-06  1.036785E-07  4.485136E-05  3.242771E-09  1.152712E-08  1.428209E-09  2.712123E-03  5.845989E-07  8.982081E-09  7.721037E-09  1.589808E-05  2.161740E-05  3.892244E-07  5.709178E-08  7.303740E-08  4.118574E-08
 3.011500E+02  8.103893E-03  1.606511E-06  8.315878E-11  1.100917E-10  1.227173E-10  1.475080E-10  8.565021E-03  3.900670E-06  1.140443E-08  2.089445E-02  9.565638E-05  2.693694E-06  1.003612E-07  4.390552E-05  3.060779E-09  1.090960E-08  1.369230E-09  2.666018E-03  5.556633E-07  8.672804E-09  7.449847E-09  1.555364E-05  2.114857E-05  3.643647E-07  5.333501E-08  6.825497E-08  3.899115E-08
 3.021500E+02  8.104308E-03  1.589581E-06  8.062214E-11  1.067631E-10  1.190142E-10  1.430940E-10  8.530379E-03  3.808445E-06  1.063402E-08  2.084428E-02  9.372602E-05  2.526633E-06  9.716892E-08  4.298435E-05  2.890080E-09  1.032883E-08  1.312977E-09  2.620861E-03  5.283089E-07  8.375459E-09  7.189316E-09  1.521883E-05  2.069289E-05  3.412388E-07  4.984863E-08  6.381525E-08  3.692568E-08
 3.031500E+02  8.104252E-03  1.572809E-06  7.817042E-11  1.035450E-10  1.154337E-10  1.388250E-10  8.496070E-03  3.719059E-06  9.920607E-09  2.079408E-02  9.184488E-05  2.370861E-06  9.409635E-08  4.208713E-05  2.729911E-09  9.782443E-09  1.259313E-09  2.576633E-03  5.024424E-07  8.089550E-09  6.938996E-09  1.489334E-05  2.024992E-05  3.197163E-07  4.661161E-08  5.969172E-08  3.498111E-08
 3.041500E+02  8.103738E-03  1.556197E-06  7.580068E-11  1.004335E-10  1.119716E-10  1.346960E-10  8.462088E-03  3.632409E-06  9.259633E-09  2.074387E-02  9.001151E-05  2.225557E-06  9.113843E-08  4.121316E-05  2.579567E-09  9.268205E-09  1.208109E-09  2.533314E-03  4.779759E-07  7.814606E-09  6.698454E-09  1.457686E-05  1.981923E-05  2.996774E-07  4.360469E-08  5.586002E-08  3.314974E-08
 3.051500E+02  8.102778E-03  1.539746E-06  7.351011E-11  9.742498E-11  1.086240E-10  1.307023E-10  8.428429E-03  3.548393E-06  8.646927E-09  2.069364E-02  8.822449E-05  2.089963E-06  8.829034E-08  4.036174E-05  2.438391E-09  8.784054E-09  1.159241E-09  2.490883E-03  4.548273E-07  7.550174E-09  6.467279E-09  1.426908E-05  1.940042E-05  2.810116E-07  4.081019E-08  5.229783E-08  3.142443E-08
 3.061500E+02  8.101384E-03  1.523459E-06  7.129597E-11  9.451602E-11  1.053868E-10  1.268394E-10  8.395088E-03  3.466917E-06  8.078675E-09  2.064342E-02  8.648247E-05  1.963382E-06  8.554747E-08  3.953223E-05  2.305776E-09  8.328069E-09  1.112594E-09  2.449322E-03  4.329196E-07  7.295819E-09  6.245079E-09  1.396974E-05  1.899311E-05  2.636174E-07  3.821189E-08  4.898465E-08  2.979849E-08
 3.071500E+02  8.099568E-03  1.507335E-06  6.915562E-11  9.170317E-11  1.022564E-10  1.231028E-10  8.362060E-03  3.387888E-06  7.551387E-09  2.059319E-02  8.478412E-05  1.845166E-06  8.290545E-08  3.872397E-05  2.181156E-09  7.898459E-09  1.068058E-09  2.408611E-03  4.121807E-07  7.051128E-09  6.031476E-09  1.367855E-05  1.859691E-05  2.474013E-07  3.579489E-08  4.590165E-08  2.826571E-08
 3.081500E+02  8.097341E-03  1.491376E-06  6.708650E-11  8.898313E-11  9.922914E-11  1.194883E-10  8.329341E-03  3.311217E-06  7.061866E-09  2.054298E-02  8.312817E-05  1.734722E-06  8.036007E-08  3.793636E-05  2.064006E-09  7.493558E-09  1.025528E-09  2.368733E-03  3.925428E-07  6.815705E-09  5.826112E-09  1.339525E-05  1.821146E-05  2.322771E-07  3.354550E-08  4.303151E-08  2.682028E-08
 3.091500E+02  8.094714E-03  1.475583E-06  6.508616E-11  8.635272E-11  9.630140E-11  1.159917E-10  8.296927E-03  3.236821E-06  6.607181E-09  2.049279E-02  8.151339E-05  1.631498E-06  7.790735E-08  3.716878E-05  1.953838E-09  7.111811E-09  9.849059E-10  2.329669E-03  3.739425E-07  6.589168E-09  5.628642E-09  1.311958E-05  1.783643E-05  2.181653E-07  3.145116E-08  4.035834E-08  2.545680E-08
 3.101500E+02  8.091699E-03  1.459956E-06  6.315221E-11  8.380886E-11  9.346983E-11  1.126090E-10  8.264812E-03  3.164618E-06  6.184648E-09  2.044263E-02  7.993859E-05  1.534985E-06  7.554346E-08  3.642065E-05  1.850199E-09  6.751771E-09  9.460978E-10  2.291401E-03  3.563201E-07  6.371155E-09  5.438738E-09  1.285130E-05  1.747146E-05  2.049927E-07  2.950029E-08  3.786748E-08  2.417020E-08
 3.111500E+02  8.088306E-03  1.444496E-06  6.128233E-11  8.134859E-11  9.073112E-11  1.093364E-10  8.232992E-03  3.094530E-06  5.791802E-09  2.039249E-02  7.840260E-05  1.444712E-06  7.326478E-08  3.569142E-05  1.752667E-09  6.412086E-09  9.090154E-10  2.253912E-03  3.396198E-07  6.161318E-09  5.256085E-09  1.259018E-05  1.711625E-05  1.926918E-07  2.768225E-08  3.554548E-08  2.295576E-08
 3.121500E+02  8.084546E-03  1.429203E-06  5.947431E-11  7.896902E-11  8.808207E-11  1.061701E-10  8.201464E-03  3.026483E-06  5.426382E-09  2.034239E-02  7.690431E-05  1.360245E-06  7.106781E-08  3.498054E-05  1.660849E-09  6.091497E-09  8.735746E-10  2.217185E-03  3.237891E-07  5.959325E-09  5.080382E-09  1.233598E-05  1.677047E-05  1.812001E-07  2.598724E-08  3.337993E-08  2.180908E-08
 3.131500E+02  8.080428E-03  1.414077E-06  5.772599E-11  7.666738E-11  8.551962E-11  1.031065E-10  8.170223E-03  2.960406E-06  5.086312E-09  2.029233E-02  7.544264E-05  1.281180E-06  6.894923E-08  3.428748E-05  1.574380E-09  5.788829E-09  8.396959E-10  2.181204E-03  3.087787E-07  5.764856E-09  4.911343E-09  1.208848E-05  1.643383E-05  1.704600E-07  2.440625E-08  3.135940E-08  2.072604E-08
 3.141500E+02  8.075965E-03  1.399119E-06  5.603531E-11  7.444098E-11  8.304079E-11  1.001420E-10  8.139264E-03  2.896229E-06  4.769685E-09  2.024232E-02  7.401655E-05  1.207145E-06  6.690588E-08  3.361172E-05  1.492920E-09  5.502984E-09  8.073038E-10  2.145951E-03  2.945424E-07  5.577606E-09  4.748692E-09  1.184749E-05  1.610604E-05  1.604184E-07  2.293096E-08  2.947337E-08  1.970278E-08
 3.151500E+02  8.071164E-03  1.384329E-06  5.440025E-11  7.228723E-11  8.064270E-11  9.727339E-11  8.108584E-03  2.833887E-06  4.474747E-09  2.019236E-02  7.262501E-05  1.137793E-06  6.493473E-08  3.295277E-05  1.416151E-09  5.232936E-09  7.763268E-10  2.111411E-03  2.810365E-07  5.397285E-09  4.592165E-09  1.161278E-05  1.578682E-05  1.510261E-07  2.155371E-08  2.771212E-08  1.873572E-08
 3.161500E+02  8.066036E-03  1.369705E-06  5.281888E-11  7.020363E-11  7.832257E-11  9.449730E-11  8.078179E-03  2.773316E-06  4.199886E-09  2.014246E-02  7.126704E-05  1.072805E-06  6.303287E-08  3.231016E-05  1.343780E-09  4.977729E-09  7.466972E-10  2.077568E-03  2.682204E-07  5.223611E-09  4.441513E-09  1.138417E-05  1.547591E-05  1.422377E-07  2.026744E-08  2.606669E-08  1.782147E-08
 3.171500E+02  8.060591E-03  1.355248E-06  5.128933E-11  6.818776E-11  7.607772E-11  9.181059E-11  8.048044E-03  2.714456E-06  3.943618E-09  2.009263E-02  6.994170E-05  1.011884E-06  6.119754E-08  3.168340E-05  1.275529E-09  4.736468E-09  7.183504E-10  2.044407E-03  2.560556E-07  5.056318E-09  4.296493E-09  1.116146E-05  1.517304E-05  1.340110E-07  1.906563E-08  2.452883E-08  1.695690E-08
 3.181500E+02  8.054838E-03  1.340958E-06  4.980980E-11  6.623727E-11  7.390557E-11  8.921022E-11  8.018176E-03  2.657249E-06  3.704577E-09  2.004286E-02  6.864806E-05  9.547554E-07  5.942609E-08  3.107207E-05  1.211144E-09  4.508317E-09  6.912256E-10  2.011912E-03  2.445060E-07  4.895150E-09  4.156877E-09  1.094448E-05  1.487796E-05  1.263072E-07  1.794225E-08  2.309090E-08  1.613906E-08
 3.191500E+02  8.048785E-03  1.326835E-06  4.837855E-11  6.434993E-11  7.180360E-11  8.669324E-11  7.988571E-03  2.601638E-06  3.481505E-09  1.999316E-02  6.738524E-05  9.011632E-07  5.771600E-08  3.047570E-05  1.150384E-09  4.292494E-09  6.652648E-10  1.980070E-03  2.335376E-07  4.739860E-09  4.022443E-09  1.073304E-05  1.459044E-05  1.190903E-07  1.689176E-08  2.174585E-08  1.536518E-08
 3.201500E+02  8.042442E-03  1.312876E-06  4.699390E-11  6.252354E-11  6.976941E-11  8.425681E-11  7.959225E-03  2.547569E-06  3.273242E-09  1.994354E-02  6.615237E-05  8.508710E-07  5.606485E-08  2.989390E-05  1.093025E-09  4.088266E-09  6.404130E-10  1.948866E-03  2.231184E-07  4.590216E-09  3.892981E-09  1.052698E-05  1.431024E-05  1.123268E-07  1.590903E-08  2.048716E-08  1.463270E-08
 3.211500E+02  8.035818E-03  1.299082E-06  4.565424E-11  6.075602E-11  6.780066E-11  8.189817E-11  7.930135E-03  2.494991E-06  3.078721E-09  1.989400E-02  6.494861E-05  8.036588E-07  5.447032E-08  2.932623E-05  1.038861E-09  3.894951E-09  6.166181E-10  1.918285E-03  2.132186E-07  4.445990E-09  3.768290E-09  1.032613E-05  1.403714E-05  1.059860E-07  1.498929E-08  1.930880E-08  1.393917E-08
 3.221500E+02  8.028921E-03  1.285453E-06  4.435798E-11  5.904533E-11  6.589510E-11  7.961468E-11  7.901296E-03  2.443855E-06  2.896955E-09  1.984454E-02  6.377316E-05  7.593226E-07  5.293020E-08  2.877231E-05  9.876949E-10  3.711906E-09  5.938305E-10  1.888313E-03  2.038097E-07  4.306969E-09  3.648177E-09  1.013034E-05  1.377092E-05  1.000392E-07  1.412817E-08  1.820521E-08  1.328235E-08
 3.231500E+02  8.021759E-03  1.271986E-06  4.310364E-11  5.738952E-11  6.405057E-11  7.740377E-11  7.872706E-03  2.394111E-06  2.727035E-09  1.979517E-02  6.262523E-05  7.176727E-07  5.144237E-08  2.823175E-05  9.393459E-10  3.538531E-09  5.720033E-10  1.858939E-03  1.948651E-07  4.172946E-09  3.532457E-09  9.939445E-06  1.351138E-05  9.445971E-08  1.332161E-08  1.717123E-08  1.266010E-08
 3.241500E+02  8.014341E-03  1.258682E-06  4.188975E-11  5.578669E-11  6.226496E-11  7.526296E-11  7.844360E-03  2.345715E-06  2.568121E-09  1.974589E-02  6.150406E-05  6.785329E-07  5.000481E-08  2.770417E-05  8.936438E-10  3.374266E-09  5.510917E-10  1.830147E-03  1.863599E-07  4.043724E-09  3.420954E-09  9.753307E-06  1.325831E-05  8.922302E-08  1.256585E-08  1.620208E-08  1.207043E-08
 3.251500E+02  8.006674E-03  1.245540E-06  4.071492E-11  5.423502E-11  6.053625E-11  7.318988E-11  7.816256E-03  2.298622E-06  2.419436E-09  1.969671E-02  6.040892E-05  6.417392E-07  4.861558E-08  2.718922E-05  8.504299E-10  3.218582E-09  5.310535E-10  1.801925E-03  1.782703E-07  3.919112E-09  3.313498E-09  9.571781E-06  1.301152E-05  8.430623E-08  1.185741E-08  1.529334E-08  1.151148E-08
 3.261500E+02  7.998766E-03  1.232557E-06  3.957778E-11  5.273277E-11  5.886249E-11  7.118221E-11  7.788389E-03  2.252789E-06  2.280265E-09  1.964762E-02  5.933909E-05  6.071394E-07  4.727283E-08  2.668654E-05  8.095554E-10  3.070987E-09  5.118483E-10  1.774262E-03  1.705741E-07  3.798931E-09  3.209928E-09  9.394729E-06  1.277081E-05  7.968813E-08  1.119307E-08  1.444091E-08  1.098149E-08
 3.271500E+02  7.990624E-03  1.219734E-06  3.847703E-11  5.127822E-11  5.724180E-11  6.923774E-11  7.760758E-03  2.208176E-06  2.149944E-09  1.959864E-02  5.829388E-05  5.745915E-07  4.597477E-08  2.619580E-05  7.708815E-10  2.931018E-09  4.934378E-10  1.747143E-03  1.632504E-07  3.683006E-09  3.110089E-09  9.222019E-06  1.253602E-05  7.534900E-08  1.056985E-08  1.364100E-08  1.047881E-08
 3.281500E+02  7.982257E-03  1.207069E-06  3.741142E-11  4.986975E-11  5.567236E-11  6.735431E-11  7.733357E-03  2.164743E-06  2.027860E-09  1.954976E-02  5.727262E-05  5.439638E-07  4.471972E-08  2.571666E-05  7.342780E-10  2.798240E-09  4.757856E-10  1.720558E-03  1.562794E-07  3.571171E-09  3.013833E-09  9.053522E-06  1.230696E-05  7.127053E-08  9.984962E-09  1.289008E-08  1.000191E-08
 3.291500E+02  7.973671E-03  1.194561E-06  3.637973E-11  4.850577E-11  5.415242E-11  6.552985E-11  7.706185E-03  2.122452E-06  1.913446E-09  1.950099E-02  5.627466E-05  5.151333E-07  4.350603E-08  2.524880E-05  6.996234E-10  2.672246E-09  4.588572E-10  1.694495E-03  1.496425E-07  3.463267E-09  2.921018E-09  8.889115E-06  1.208347E-05  6.743570E-08  9.435853E-09  1.218489E-08  9.549335E-09
 3.301500E+02  7.964873E-03  1.182209E-06  3.538079E-11  4.718476E-11  5.268028E-11  6.376236E-11  7.679237E-03  2.081267E-06  1.806177E-09  1.945233E-02  5.529938E-05  4.879857E-07  4.233214E-08  2.479191E-05  6.668036E-10  2.552655E-09  4.426198E-10  1.668941E-03  1.433222E-07  3.359140E-09  2.831508E-09  8.728678E-06  1.186539E-05  6.382868E-08  8.920137E-09  1.152238E-08  9.119722E-09
 3.311500E+02  7.955870E-03  1.170011E-06  3.441347E-11  4.590525E-11  5.125432E-11  6.204992E-11  7.652511E-03  2.041153E-06  1.705567E-09  1.940379E-02  5.434615E-05  4.624143E-07  4.119657E-08  2.434570E-05  6.357118E-10  2.439106E-09  4.270420E-10  1.643886E-03  1.373018E-07  3.258646E-09  2.745172E-09  8.572096E-06  1.165254E-05  6.043476E-08  8.435602E-09  1.089975E-08  8.711793E-09
 3.321500E+02  7.946668E-03  1.157967E-06  3.347669E-11  4.466583E-11  4.987295E-11  6.039065E-11  7.626004E-03  2.002075E-06  1.611164E-09  1.935536E-02  5.341440E-05  4.383198E-07  4.009788E-08  2.390987E-05  6.062481E-10  2.331264E-09  4.120941E-10  1.619319E-03  1.315657E-07  3.161642E-09  2.661887E-09  8.419255E-06  1.144479E-05  5.724024E-08  7.980194E-09  1.031438E-08  8.324348E-09
 3.331500E+02  7.937275E-03  1.146074E-06  3.256939E-11  4.346512E-11  4.853467E-11  5.878276E-11  7.599713E-03  1.964002E-06  1.522552E-09  1.930704E-02  5.250354E-05  4.156096E-07  3.903470E-08  2.348414E-05  5.783187E-10  2.228812E-09  3.977480E-10  1.595229E-03  1.260992E-07  3.067996E-09  2.581532E-09  8.270050E-06  1.124199E-05  5.423238E-08  7.552005E-09  9.763841E-09  7.956255E-09
 3.341500E+02  7.927697E-03  1.134331E-06  3.169055E-11  4.230182E-11  4.723800E-11  5.722453E-11  7.573634E-03  1.926901E-06  1.439341E-09  1.925885E-02  5.161303E-05  3.941973E-07  3.800571E-08  2.306824E-05  5.518357E-10  2.131451E-09  3.839766E-10  1.571606E-03  1.208884E-07  2.977577E-09  2.503994E-09  8.124374E-06  1.104399E-05  5.139929E-08  7.149262E-09  9.245867E-09  7.606452E-09
 3.351500E+02  7.917939E-03  1.122738E-06  3.083922E-11  4.117464E-11  4.598154E-11  5.571427E-11  7.547766E-03  1.890742E-06  1.361174E-09  1.921078E-02  5.074232E-05  3.740023E-07  3.700964E-08  2.266190E-05  5.267167E-10  2.038904E-09  3.707544E-10  1.548439E-03  1.159202E-07  2.890263E-09  2.429162E-09  7.982128E-06  1.085065E-05  4.872992E-08  6.770315E-09  8.758359E-09  7.273941E-09
 3.361500E+02  7.908008E-03  1.111292E-06  3.001444E-11  4.008236E-11  4.476392E-11  5.425037E-11  7.522104E-03  1.855497E-06  1.287716E-09  1.916284E-02  4.989088E-05  3.549494E-07  3.604530E-08  2.226485E-05  5.028844E-10  1.950906E-09  3.580571E-10  1.525718E-03  1.111820E-07  2.805934E-09  2.356933E-09  7.843214E-06  1.066185E-05  4.621397E-08  6.413630E-09  8.299361E-09  6.957782E-09
 3.371500E+02  7.897910E-03  1.099992E-06  2.921530E-11  3.902380E-11  4.358382E-11  5.283127E-11  7.496647E-03  1.821137E-06  1.218658E-09  1.911503E-02  4.905822E-05  3.369684E-07  3.511152E-08  2.187686E-05  4.802661E-10  1.867210E-09  3.458615E-10  1.503433E-03  1.066622E-07  2.724479E-09  2.287205E-09  7.707537E-06  1.047745E-05  4.384183E-08  6.077782E-09  7.867054E-09  6.657089E-09
 3.381500E+02  7.887651E-03  1.088837E-06  2.844095E-11  3.799782E-11  4.243998E-11  5.145547E-11  7.471391E-03  1.787636E-06  1.153711E-09  1.906734E-02  4.824383E-05  3.199938E-07  3.420718E-08  2.149768E-05  4.587937E-10  1.787584E-09  3.341456E-10  1.481576E-03  1.023498E-07  2.645786E-09  2.219882E-09  7.575005E-06  1.029733E-05  4.160455E-08  5.761441E-09  7.459742E-09  6.371031E-09
 3.391500E+02  7.877235E-03  1.077825E-06  2.769052E-11  3.700331E-11  4.133118E-11  5.012153E-11  7.446334E-03  1.754966E-06  1.092609E-09  1.901979E-02  4.744724E-05  3.039642E-07  3.333122E-08  2.112707E-05  4.384032E-10  1.711808E-09  3.228882E-10  1.460136E-03  9.823416E-08  2.569753E-09  2.154871E-09  7.445532E-06  1.012137E-05  3.949376E-08  5.463371E-09  7.075848E-09  6.098822E-09
 3.401500E+02  7.866669E-03  1.066955E-06  2.696320E-11  3.603922E-11  4.025624E-11  4.882803E-11  7.421473E-03  1.723102E-06  1.035102E-09  1.897237E-02  4.666800E-05  2.888224E-07  3.248261E-08  2.076481E-05  4.190346E-10  1.639677E-09  3.120695E-10  1.439104E-03  9.430548E-08  2.496278E-09  2.092085E-09  7.319030E-06  9.949455E-06  3.750166E-08  5.182419E-09  6.713900E-09  5.839724E-09
 3.411500E+02  7.855957E-03  1.056225E-06  2.625823E-11  3.510452E-11  3.921401E-11  4.757364E-11  7.396806E-03  1.692021E-06  9.809587E-10  1.892508E-02  4.590563E-05  2.745150E-07  3.166037E-08  2.041068E-05  4.006314E-10  1.570997E-09  3.016703E-10  1.418472E-03  9.055438E-08  2.425267E-09  2.031438E-09  7.195418E-06  9.781468E-06  3.562098E-08  4.917511E-09  6.372527E-09  5.593042E-09
 3.421500E+02  7.845106E-03  1.045634E-06  2.557483E-11  3.419822E-11  3.820340E-11  4.635704E-11  7.372329E-03  1.661699E-06  9.299648E-10  1.887793E-02  4.515973E-05  2.609918E-07  3.086356E-08  2.006445E-05  3.831404E-10  1.505584E-09  2.916726E-10  1.398230E-03  8.697202E-08  2.356626E-09  1.972848E-09  7.074616E-06  9.617302E-06  3.384492E-08  4.667647E-09  6.050451E-09  5.358120E-09
 3.431500E+02  7.834119E-03  1.035179E-06  2.491227E-11  3.331937E-11  3.722336E-11  4.517699E-11  7.348041E-03  1.632113E-06  8.819195E-10  1.883092E-02  4.442984E-05  2.482060E-07  3.009127E-08  1.972592E-05  3.665118E-10  1.443267E-09  2.820590E-10  1.378371E-03  8.355002E-08  2.290267E-09  1.916239E-09  6.956545E-06  9.456851E-06  3.216713E-08  4.431892E-09  5.746478E-09  5.134339E-09
 3.441500E+02  7.823003E-03  1.024861E-06  2.426987E-11  3.246706E-11  3.627286E-11  4.403227E-11  7.323939E-03  1.603242E-06  8.366363E-10  1.878405E-02  4.371558E-05  2.361138E-07  2.934263E-08  1.939490E-05  3.506986E-10  1.383882E-09  2.728130E-10  1.358885E-03  8.028047E-08  2.226105E-09  1.861535E-09  6.841132E-06  9.300014E-06  3.058167E-08  4.209376E-09  5.459497E-09  4.921117E-09
 3.451500E+02  7.811761E-03  1.014676E-06  2.364693E-11  3.164039E-11  3.535092E-11  4.292170E-11  7.300021E-03  1.575063E-06  7.939414E-10  1.873732E-02  4.301653E-05  2.246743E-07  2.861681E-08  1.907117E-05  3.356566E-10  1.327278E-09  2.639189E-10  1.339766E-03  7.715586E-08  2.164059E-09  1.808665E-09  6.728303E-06  9.146691E-06  2.908299E-08  3.999286E-09  5.188467E-09  4.717903E-09
 3.461500E+02  7.800398E-03  1.004623E-06  2.304281E-11  3.083851E-11  3.445658E-11  4.184417E-11  7.276284E-03  1.547558E-06  7.536728E-10  1.869073E-02  4.233231E-05  2.138491E-07  2.791300E-08  1.875456E-05  3.213444E-10  1.273309E-09  2.553618E-10  1.321004E-03  7.416910E-08  2.104051E-09  1.757559E-09  6.617988E-06  8.996787E-06  2.766590E-08  3.800862E-09  4.932419E-09  4.524180E-09
 3.471500E+02  7.788919E-03  9.947016E-07  2.245688E-11  3.006061E-11  3.358894E-11  4.079858E-11  7.252726E-03  1.520706E-06  7.156795E-10  1.864429E-02  4.166255E-05  2.036021E-07  2.723043E-08  1.844488E-05  3.077227E-10  1.221839E-09  2.471274E-10  1.302592E-03  7.131347E-08  2.046005E-09  1.708152E-09  6.510119E-06  8.850209E-06  2.632555E-08  3.613397E-09  4.690445E-09  4.339457E-09
 3.481500E+02  7.777329E-03  9.849092E-07  2.188852E-11  2.930587E-11  3.274710E-11  3.978389E-11  7.229344E-03  1.494488E-06  6.798207E-10  1.859799E-02  4.100687E-05  1.938997E-07  2.656836E-08  1.814194E-05  2.947547E-10  1.172740E-09  2.392020E-10  1.284523E-03  6.858261E-08  1.989850E-09  1.660380E-09  6.404630E-06  8.706867E-06  2.505741E-08  3.436226E-09  4.461700E-09  4.163273E-09
 3.491500E+02  7.765631E-03  9.752446E-07  2.133715E-11  2.857355E-11  3.193021E-11  3.879906E-11  7.206136E-03  1.468885E-06  6.459650E-10  1.855184E-02  4.036492E-05  1.847103E-07  2.592609E-08  1.784558E-05  2.824058E-10  1.125891E-09  2.315727E-10  1.266788E-03  6.597049E-08  1.935517E-09  1.614183E-09  6.301457E-06  8.566674E-06  2.385721E-08  3.268733E-09  4.245390E-09  3.995192E-09
 3.501500E+02  7.753830E-03  9.657061E-07  2.080221E-11  2.786288E-11  3.113746E-11  3.784314E-11  7.183101E-03  1.443881E-06  6.139897E-10  1.850583E-02  3.973637E-05  1.760044E-07  2.530291E-08  1.755561E-05  2.706431E-10  1.081176E-09  2.242270E-10  1.249382E-03  6.347140E-08  1.882938E-09  1.569502E-09  6.200538E-06  8.429546E-06  2.272097E-08  3.110337E-09  4.040774E-09  3.834801E-09
 3.511500E+02  7.741929E-03  9.562923E-07  2.028315E-11  2.717317E-11  3.036804E-11  3.691517E-11  7.160235E-03  1.419458E-06  5.837804E-10  1.845997E-02  3.912087E-05  1.677541E-07  2.469819E-08  1.727189E-05  2.594360E-10  1.038489E-09  2.171532E-10  1.232296E-03  6.107992E-08  1.832051E-09  1.526282E-09  6.101814E-06  8.295402E-06  2.164497E-08  2.960497E-09  3.847161E-09  3.681711E-09
 3.521500E+02  7.729934E-03  9.470014E-07  1.977945E-11  2.650373E-11  2.962120E-11  3.601425E-11  7.137538E-03  1.395599E-06  5.552301E-10  1.841426E-02  3.851810E-05  1.599334E-07  2.411128E-08  1.699425E-05  2.487554E-10  9.977257E-10  2.103399E-10  1.215525E-03  5.879093E-08  1.782794E-09  1.484469E-09  6.005226E-06  8.164161E-06  2.062572E-08  2.818708E-09  3.663901E-09  3.535554E-09
 3.531500E+02  7.717846E-03  9.378321E-07  1.929060E-11  2.585388E-11  2.889618E-11  3.513949E-11  7.115005E-03  1.372289E-06  5.282388E-10  1.836871E-02  3.792774E-05  1.525180E-07  2.354158E-08  1.672254E-05  2.385738E-10  9.587910E-10  2.037764E-10  1.199060E-03  5.659957E-08  1.735108E-09  1.444011E-09  5.910718E-06  8.035748E-06  1.965993E-08  2.684495E-09  3.490388E-09  3.395984E-09
 3.541500E+02  7.705672E-03  9.287827E-07  1.881611E-11  2.522299E-11  2.819229E-11  3.429004E-11  7.092637E-03  1.349511E-06  5.027131E-10  1.832330E-02  3.734948E-05  1.454847E-07  2.298851E-08  1.645660E-05  2.288655E-10  9.215932E-10  1.974524E-10  1.182896E-03  5.450121E-08  1.688937E-09  1.404859E-09  5.818235E-06  7.910088E-06  1.874454E-08  2.557414E-09  3.326052E-09  3.262671E-09
 3.551500E+02  7.693413E-03  9.198517E-07  1.835551E-11  2.461045E-11  2.750882E-11  3.346509E-11  7.070429E-03  1.327252E-06  4.785658E-10  1.827804E-02  3.678304E-05  1.388122E-07  2.245149E-08  1.619628E-05  2.196060E-10  8.860461E-10  1.913581E-10  1.167027E-03  5.249149E-08  1.644227E-09  1.366965E-09  5.727724E-06  7.787109E-06  1.787667E-08  2.437049E-09  3.170362E-09  3.135304E-09
 3.561500E+02  7.681074E-03  9.110376E-07  1.790834E-11  2.401564E-11  2.684513E-11  3.266384E-11  7.048382E-03  1.305496E-06  4.557150E-10  1.823294E-02  3.622811E-05  1.324802E-07  2.193000E-08  1.594145E-05  2.107723E-10  8.520681E-10  1.854841E-10  1.151445E-03  5.056625E-08  1.600925E-09  1.330284E-09  5.639134E-06  7.666741E-06  1.705361E-08  2.323012E-09  3.022818E-09  3.013590E-09
 3.571500E+02  7.668658E-03  9.023388E-07  1.747417E-11  2.343800E-11  2.620056E-11  3.188553E-11  7.026492E-03  1.284229E-06  4.340844E-10  1.818799E-02  3.568442E-05  1.264697E-07  2.142350E-08  1.569198E-05  2.023428E-10  8.195820E-10  1.798214E-10  1.136145E-03  4.872155E-08  1.558982E-09  1.294772E-09  5.552416E-06  7.548917E-06  1.627284E-08  2.214938E-09  2.882951E-09  2.897251E-09
 3.581500E+02  7.656168E-03  8.937539E-07  1.705257E-11  2.287698E-11  2.557450E-11  3.112943E-11  7.004757E-03  1.263438E-06  4.136024E-10  1.814319E-02  3.515169E-05  1.207629E-07  2.093150E-08  1.544771E-05  1.942969E-10  7.885149E-10  1.743615E-10  1.121120E-03  4.695366E-08  1.518348E-09  1.260387E-09  5.467520E-06  7.433571E-06  1.553196E-08  2.112483E-09  2.750325E-09  2.786023E-09
 3.591500E+02  7.643608E-03  8.852812E-07  1.664313E-11  2.233203E-11  2.496636E-11  3.039482E-11  6.983176E-03  1.243110E-06  3.942019E-10  1.809855E-02  3.462966E-05  1.153429E-07  2.045352E-08  1.520853E-05  1.866152E-10  7.587976E-10  1.690962E-10  1.106366E-03  4.525902E-08  1.478979E-09  1.227089E-09  5.384401E-06  7.320638E-06  1.482875E-08  2.015328E-09  2.624526E-09  2.679658E-09
 3.601500E+02  7.630980E-03  8.769194E-07  1.624546E-11  2.180264E-11  2.437555E-11  2.968102E-11  6.961747E-03  1.223232E-06  3.758203E-10  1.805406E-02  3.411807E-05  1.101940E-07  1.998910E-08  1.497431E-05  1.792794E-10  7.303648E-10  1.640177E-10  1.091876E-03  4.363427E-08  1.440829E-09  1.194838E-09  5.303012E-06  7.210058E-06  1.416110E-08  1.923172E-09  2.505169E-09  2.577918E-09
 3.611500E+02  7.618289E-03  8.686670E-07  1.585917E-11  2.128830E-11  2.380152E-11  2.898736E-11  6.940468E-03  1.203792E-06  3.583986E-10  1.800973E-02  3.361666E-05  1.053014E-07  1.953777E-08  1.474492E-05  1.722722E-10  7.031546E-10  1.591185E-10  1.077644E-03  4.207619E-08  1.403855E-09  1.163598E-09  5.223310E-06  7.101770E-06  1.352704E-08  1.835731E-09  2.391891E-09  2.480582E-09
 3.621500E+02  7.605537E-03  8.605224E-07  1.548391E-11  2.078854E-11  2.324373E-11  2.831320E-11  6.919338E-03  1.184778E-06  3.418817E-10  1.796555E-02  3.312519E-05  1.006510E-07  1.909913E-08  1.452025E-05  1.655773E-10  6.771081E-10  1.543915E-10  1.063666E-03  4.058175E-08  1.368017E-09  1.133333E-09  5.145252E-06  6.995716E-06  1.292472E-08  1.752741E-09  2.284352E-09  2.387437E-09
 3.631500E+02  7.592726E-03  8.524843E-07  1.511932E-11  2.030289E-11  2.270167E-11  2.765793E-11  6.898353E-03  1.166179E-06  3.262181E-10  1.792153E-02  3.264343E-05  9.622975E-08  1.867275E-08  1.430017E-05  1.591792E-10  6.521700E-10  1.498299E-10  1.049936E-03  3.914806E-08  1.333276E-09  1.104007E-09  5.068796E-06  6.891840E-06  1.235239E-08  1.673953E-09  2.182232E-09  2.298283E-09
 3.641500E+02  7.579860E-03  8.445511E-07  1.476505E-11  1.983091E-11  2.217483E-11  2.702094E-11  6.877514E-03  1.147982E-06  3.113591E-10  1.787767E-02  3.217114E-05  9.202528E-08  1.825822E-08  1.408459E-05  1.530632E-10  6.282875E-10  1.454271E-10  1.036448E-03  3.777238E-08  1.299592E-09  1.075589E-09  4.993903E-06  6.790087E-06  1.180842E-08  1.599132E-09  2.085230E-09  2.212930E-09
 3.651500E+02  7.566942E-03  8.367215E-07  1.442077E-11  1.937215E-11  2.166274E-11  2.640167E-11  6.856817E-03  1.130179E-06  2.972593E-10  1.783396E-02  3.170810E-05  8.802594E-08  1.785518E-08  1.387337E-05  1.472156E-10  6.054107E-10  1.411768E-10  1.023198E-03  3.645208E-08  1.266929E-09  1.048046E-09  4.920532E-06  6.690403E-06  1.129126E-08  1.528060E-09  1.993065E-09  2.131198E-09
 3.661500E+02  7.553974E-03  8.289939E-07  1.408618E-11  1.892620E-11  2.116493E-11  2.579955E-11  6.836261E-03  1.112757E-06  2.838759E-10  1.779041E-02  3.125409E-05  8.422074E-08  1.746324E-08  1.366643E-05  1.416232E-10  5.834923E-10  1.370731E-10  1.010180E-03  3.518470E-08  1.235253E-09  1.021348E-09  4.848646E-06  6.592738E-06  1.079946E-08  1.460530E-09  1.905471E-09  2.052915E-09
 3.671500E+02  7.540958E-03  8.213671E-07  1.376095E-11  1.849265E-11  2.068094E-11  2.521405E-11  6.815846E-03  1.095707E-06  2.711690E-10  1.774702E-02  3.080889E-05  8.059937E-08  1.708206E-08  1.346366E-05  1.362736E-10  5.624873E-10  1.331104E-10  9.973902E-04  3.396785E-08  1.204529E-09  9.954652E-10  4.778209E-06  6.497040E-06  1.033165E-08  1.396347E-09  1.822199E-09  1.977921E-09
 3.681500E+02  7.527898E-03  8.138395E-07  1.344479E-11  1.807112E-11  2.021034E-11  2.464465E-11  6.795568E-03  1.079020E-06  2.591008E-10  1.770378E-02  3.037231E-05  7.715207E-08  1.671128E-08  1.326495E-05  1.311551E-10  5.423533E-10  1.292830E-10  9.848234E-04  3.279931E-08  1.174725E-09  9.703693E-10  4.709184E-06  6.403262E-06  9.886550E-09  1.335329E-09  1.743014E-09  1.906061E-09
 3.691500E+02  7.514796E-03  8.064099E-07  1.313742E-11  1.766122E-11  1.975272E-11  2.409085E-11  6.775426E-03  1.062685E-06  2.476360E-10  1.766071E-02  2.994413E-05  7.386966E-08  1.635058E-08  1.307020E-05  1.262566E-10  5.230498E-10  1.255858E-10  9.724750E-04  3.167694E-08  1.145809E-09  9.460332E-10  4.641537E-06  6.311355E-06  9.462945E-09  1.277304E-09  1.667694E-09  1.837189E-09
 3.701500E+02  7.501654E-03  7.990768E-07  1.283856E-11  1.726259E-11  1.930766E-11  2.355216E-11  6.755420E-03  1.046693E-06  2.367413E-10  1.761779E-02  2.952416E-05  7.074350E-08  1.599963E-08  1.287933E-05  1.215675E-10  5.045384E-10  1.220138E-10  9.603406E-04  3.059869E-08  1.117752E-09  9.224308E-10  4.575234E-06  6.221275E-06  9.059693E-09  1.222111E-09  1.596032E-09  1.771167E-09
 3.711500E+02  7.488474E-03  7.918389E-07  1.254794E-11  1.687489E-11  1.887478E-11  2.302811E-11  6.735546E-03  1.031036E-06  2.263855E-10  1.757503E-02  2.911221E-05  6.776542E-08  1.565813E-08  1.269224E-05  1.170779E-10  4.867828E-10  1.185622E-10  9.484156E-04  2.956264E-08  1.090523E-09  8.995368E-10  4.510242E-06  6.132976E-06  8.675719E-09  1.169597E-09  1.527833E-09  1.707863E-09
 3.721500E+02  7.475259E-03  7.846949E-07  1.226530E-11  1.649777E-11  1.845369E-11  2.251825E-11  6.715804E-03  1.015705E-06  2.165392E-10  1.753242E-02  2.870810E-05  6.492771E-08  1.532577E-08  1.250884E-05  1.127783E-10  4.697485E-10  1.152262E-10  9.366957E-04  2.856694E-08  1.064097E-09  8.773271E-10  4.446529E-06  6.046416E-06  8.310008E-09  1.119618E-09  1.462911E-09  1.647154E-09
 3.731500E+02  7.462012E-03  7.776434E-07  1.199040E-11  1.613090E-11  1.804404E-11  2.202215E-11  6.696193E-03  1.000692E-06  2.071747E-10  1.748998E-02  2.831165E-05  6.222310E-08  1.500229E-08  1.232904E-05  1.086597E-10  4.534025E-10  1.120017E-10  9.251768E-04  2.760984E-08  1.038444E-09  8.557783E-10  4.384065E-06  5.961551E-06  7.961606E-09  1.072041E-09  1.401093E-09  1.588919E-09
 3.741500E+02  7.448733E-03  7.706832E-07  1.172299E-11  1.577396E-11  1.764546E-11  2.153938E-11  6.676710E-03  9.859873E-07  1.982660E-10  1.744769E-02  2.792267E-05  5.964474E-08  1.468739E-08  1.215276E-05  1.047136E-10  4.377137E-10  1.088843E-10  9.138548E-04  2.668967E-08  1.013540E-09  8.348680E-10  4.322818E-06  5.878342E-06  7.629610E-09  1.026738E-09  1.342216E-09  1.533048E-09
 3.751500E+02  7.435426E-03  7.638129E-07  1.146284E-11  1.542665E-11  1.725762E-11  2.106953E-11  6.657355E-03  9.715845E-07  1.897887E-10  1.740557E-02  2.754100E-05  5.718616E-08  1.438080E-08  1.197990E-05  1.009320E-10  4.226526E-10  1.058700E-10  9.027255E-04  2.580484E-08  9.893599E-10  8.145747E-10  4.262761E-06  5.796748E-06  7.313170E-09  9.835887E-10  1.286125E-09  1.479432E-09
 3.761500E+02  7.422092E-03  7.570312E-07  1.120973E-11  1.508868E-11  1.688019E-11  2.061222E-11  6.638125E-03  9.574755E-07  1.817197E-10  1.736360E-02  2.716647E-05  5.484122E-08  1.408229E-08  1.181041E-05  9.730715E-11  4.081909E-10  1.029549E-10  8.917851E-04  2.495382E-08  9.658791E-10  7.948775E-10  4.203865E-06  5.716731E-06  7.011482E-09  9.424805E-10  1.232674E-09  1.427971E-09
 3.771500E+02  7.408733E-03  7.503370E-07  1.096344E-11  1.475976E-11  1.651285E-11  2.016705E-11  6.619020E-03  9.436529E-07  1.740373E-10  1.732178E-02  2.679892E-05  5.260417E-08  1.379158E-08  1.164418E-05  9.383189E-11  3.943018E-10  1.001354E-10  8.810298E-04  2.413518E-08  9.430746E-10  7.757565E-10  4.146102E-06  5.638254E-06  6.723788E-09  9.033070E-10  1.181727E-09  1.378567E-09
 3.781500E+02  7.395351E-03  7.437289E-07  1.072376E-11  1.443960E-11  1.615529E-11  1.973367E-11  6.600038E-03  9.301094E-07  1.667210E-10  1.728013E-02  2.643819E-05  5.046953E-08  1.350845E-08  1.148115E-05  9.049927E-11  3.809600E-10  9.740779E-11  8.704557E-04  2.334753E-08  9.209242E-10  7.571924E-10  4.089445E-06  5.561279E-06  6.449375E-09  8.659675E-10  1.133154E-09  1.331128E-09
 3.791500E+02  7.381949E-03  7.372057E-07  1.049049E-11  1.412795E-11  1.580722E-11  1.931171E-11  6.581178E-03  9.168381E-07  1.597516E-10  1.723864E-02  2.608412E-05  4.843216E-08  1.323267E-08  1.132125E-05  8.730277E-11  3.681412E-10  9.476875E-11  8.600593E-04  2.258957E-08  8.994064E-10  7.391667E-10  4.033868E-06  5.485772E-06  6.187564E-09  8.303674E-10  1.086832E-09  1.285568E-09
 3.801500E+02  7.368527E-03  7.307662E-07  1.026343E-11  1.382455E-11  1.546834E-11  1.890083E-11  6.562438E-03  9.038322E-07  1.531108E-10  1.719730E-02  2.573657E-05  4.648716E-08  1.296400E-08  1.116439E-05  8.423616E-11  3.558224E-10  9.221498E-11  8.498368E-04  2.186004E-08  8.785005E-10  7.216614E-10  3.979346E-06  5.411698E-06  5.937720E-09  7.964172E-10  1.042647E-09  1.241803E-09
 3.811500E+02  7.355088E-03  7.244092E-07  1.004239E-11  1.352914E-11  1.513838E-11  1.850069E-11  6.543817E-03  8.910851E-07  1.467816E-10  1.715612E-02  2.539540E-05  4.462994E-08  1.270224E-08  1.101052E-05  8.129354E-11  3.439817E-10  8.974334E-11  8.397849E-04  2.115775E-08  8.581866E-10  7.046595E-10  3.925854E-06  5.339023E-06  5.699237E-09  7.640324E-10  1.000490E-09  1.199755E-09
 3.821500E+02  7.341633E-03  7.181335E-07  9.827193E-12  1.324149E-11  1.481706E-11  1.811098E-11  6.525314E-03  8.785905E-07  1.407478E-10  1.711509E-02  2.506045E-05  4.285612E-08  1.244717E-08  1.085955E-05  7.846931E-11  3.325982E-10  8.735084E-11  8.299001E-04  2.048156E-08  8.384454E-10  6.881442E-10  3.873368E-06  5.267714E-06  5.471546E-09  7.331333E-10  9.602571E-10  1.159347E-09
 3.831500E+02  7.328164E-03  7.119379E-07  9.617659E-12  1.296135E-11  1.450414E-11  1.773139E-11  6.506928E-03  8.663421E-07  1.349941E-10  1.707423E-02  2.473159E-05  4.116159E-08  1.219860E-08  1.071143E-05  7.575813E-11  3.216521E-10  8.503459E-11  8.201790E-04  1.983038E-08  8.192583E-10  6.720997E-10  3.821864E-06  5.197741E-06  5.254109E-09  7.036446E-10  9.218520E-10  1.120508E-09
 3.841500E+02  7.314682E-03  7.058213E-07  9.413617E-12  1.268852E-11  1.419936E-11  1.736161E-11  6.488656E-03  8.543338E-07  1.295062E-10  1.703352E-02  2.440869E-05  3.954244E-08  1.195632E-08  1.056609E-05  7.315494E-11  3.111244E-10  8.279180E-11  8.106184E-04  1.920317E-08  8.006077E-10  6.565105E-10  3.771321E-06  5.129072E-06  5.046414E-09  6.754951E-10  8.851826E-10  1.083170E-09
 3.851500E+02  7.301190E-03  6.997826E-07  9.214904E-12  1.242276E-11  1.390248E-11  1.700135E-11  6.470499E-03  8.425600E-07  1.242705E-10  1.699297E-02  2.409161E-05  3.799497E-08  1.172016E-08  1.042347E-05  7.065492E-11  3.009973E-10  8.061984E-11  8.012151E-04  1.859895E-08  7.824761E-10  6.413619E-10  3.721716E-06  5.061677E-06  4.847982E-09  6.486177E-10  8.501622E-10  1.047268E-09
 3.861500E+02  7.287688E-03  6.938206E-07  9.021358E-12  1.216387E-11  1.361326E-11  1.665033E-11  6.452454E-03  8.310147E-07  1.192741E-10  1.695258E-02  2.378023E-05  3.651569E-08  1.148994E-08  1.028350E-05  6.825349E-11  2.912534E-10  7.851613E-11  7.919659E-04  1.801677E-08  7.648470E-10  6.266395E-10  3.673027E-06  4.995527E-06  4.658354E-09  6.229486E-10  8.167088E-10  1.012741E-09
 3.871500E+02  7.274179E-03  6.879342E-07  8.832826E-12  1.191165E-11  1.333147E-11  1.630828E-11  6.434522E-03  8.196927E-07  1.145050E-10  1.691234E-02  2.347441E-05  3.510127E-08  1.126546E-08  1.014613E-05  6.594630E-11  2.818766E-10  7.647825E-11  7.828678E-04  1.745573E-08  7.477044E-10  6.123296E-10  3.625234E-06  4.930593E-06  4.477100E-09  5.984279E-10  7.847447E-10  9.795283E-10
 3.881500E+02  7.260663E-03  6.821223E-07  8.649159E-12  1.166589E-11  1.305689E-11  1.597493E-11  6.416699E-03  8.085884E-07  1.099517E-10  1.687226E-02  2.317405E-05  3.374860E-08  1.104658E-08  1.001129E-05  6.372919E-11  2.728512E-10  7.450382E-11  7.739178E-04  1.691496E-08  7.310328E-10  5.984188E-10  3.578316E-06  4.866848E-06  4.303811E-09  5.749987E-10  7.541966E-10  9.475751E-10
 3.891500E+02  7.247141E-03  6.763838E-07  8.470212E-12  1.142641E-11  1.278932E-11  1.565003E-11  6.398986E-03  7.976967E-07  1.056033E-10  1.683233E-02  2.287902E-05  3.245468E-08  1.083311E-08  9.878928E-06  6.159824E-11  2.641624E-10  7.259060E-11  7.651131E-04  1.639365E-08  7.148174E-10  5.848944E-10  3.532254E-06  4.804265E-06  4.138100E-09  5.526072E-10  7.249949E-10  9.168275E-10
 3.901500E+02  7.233616E-03  6.707177E-07  8.295846E-12  1.119302E-11  1.252855E-11  1.533334E-11  6.381381E-03  7.870124E-07  1.014497E-10  1.679256E-02  2.258920E-05  3.121671E-08  1.062491E-08  9.748992E-06  5.954967E-11  2.557961E-10  7.073642E-11  7.564506E-04  1.589101E-08  6.990437E-10  5.717441E-10  3.487027E-06  4.742818E-06  3.979600E-09  5.312025E-10  6.970740E-10  8.872344E-10
 3.911500E+02  7.220089E-03  6.651229E-07  8.125925E-12  1.096554E-11  1.227437E-11  1.502461E-11  6.363882E-03  7.765308E-07  9.748126E-11  1.675295E-02  2.230448E-05  3.003201E-08  1.042183E-08  9.621425E-06  5.757992E-11  2.477387E-10  6.893918E-11  7.479278E-04  1.540629E-08  6.836979E-10  5.589559E-10  3.442618E-06  4.682481E-06  3.827965E-09  5.107365E-10  6.703716E-10  8.587473E-10
 3.921500E+02  7.206560E-03  6.595984E-07  7.960319E-12  1.074380E-11  1.202660E-11  1.472361E-11  6.346490E-03  7.662470E-07  9.368872E-11  1.671349E-02  2.202475E-05  2.889805E-08  1.022370E-08  9.496174E-06  5.568559E-11  2.399774E-10  6.719690E-11  7.395417E-04  1.493876E-08  6.687665E-10  5.465184E-10  3.399008E-06  4.623229E-06  3.682865E-09  4.911636E-10  6.448287E-10  8.313198E-10
 3.931500E+02  7.193031E-03  6.541432E-07  7.798903E-12  1.052764E-11  1.178504E-11  1.443012E-11  6.329203E-03  7.561563E-07  9.006348E-11  1.667418E-02  2.174991E-05  2.781244E-08  1.003040E-08  9.373189E-06  5.386343E-11  2.325000E-10  6.550765E-11  7.312898E-04  1.448774E-08  6.542368E-10  5.344204E-10  3.356179E-06  4.565038E-06  3.543990E-09  4.724406E-10  6.203896E-10  8.049076E-10
 3.941500E+02  7.179504E-03  6.487563E-07  7.641553E-12  1.031689E-11  1.154953E-11  1.414393E-11  6.312019E-03  7.462543E-07  8.659736E-11  1.663503E-02  2.147986E-05  2.677289E-08  9.841774E-09  9.252420E-06  5.211035E-11  2.252946E-10  6.386958E-11  7.231694E-04  1.405258E-08  6.400961E-10  5.226512E-10  3.314114E-06  4.507885E-06  3.411042E-09  4.545266E-10  5.970013E-10  7.794685E-10
 3.951500E+02  7.165979E-03  6.434365E-07  7.488151E-12  1.011139E-11  1.131988E-11  1.386482E-11  6.294938E-03  7.365365E-07  8.328260E-11  1.659603E-02  2.121448E-05  2.577725E-08  9.657699E-09  9.133817E-06  5.042341E-11  2.183502E-10  6.228091E-11  7.151780E-04  1.363265E-08  6.263325E-10  5.112007E-10  3.272796E-06  4.451746E-06  3.283743E-09  4.373829E-10  5.746138E-10  7.549623E-10
 3.961500E+02  7.152457E-03  6.381831E-07  7.338583E-12  9.910999E-12  1.109593E-11  1.359259E-11  6.277958E-03  7.269987E-07  8.011188E-11  1.655719E-02  2.095367E-05  2.482346E-08  9.478043E-09  9.017334E-06  4.879982E-11  2.116560E-10  6.073993E-11  7.073131E-04  1.322735E-08  6.129343E-10  5.000587E-10  3.232208E-06  4.396600E-06  3.161827E-09  4.209727E-10  5.531795E-10  7.313504E-10
 3.971500E+02  7.138940E-03  6.329950E-07  7.192738E-12  9.715564E-12  1.087751E-11  1.332704E-11  6.261079E-03  7.176368E-07  7.707825E-11  1.651850E-02  2.069736E-05  2.390958E-08  9.302679E-09  8.902923E-06  4.723688E-11  2.052019E-10  5.924501E-11  6.995723E-04  1.283611E-08  5.998903E-10  4.892158E-10  3.192335E-06  4.342424E-06  3.045040E-09  4.052612E-10  5.326533E-10  7.085962E-10
 3.981500E+02  7.125429E-03  6.278713E-07  7.050510E-12  9.524943E-12  1.066446E-11  1.306799E-11  6.244299E-03  7.084465E-07  7.417512E-11  1.647996E-02  2.044543E-05  2.303376E-08  9.131487E-09  8.790541E-06  4.573206E-11  1.989781E-10  5.779456E-11  6.919532E-04  1.245837E-08  5.871898E-10  4.786626E-10  3.153161E-06  4.289198E-06  2.933145E-09  3.902155E-10  5.129927E-10  6.866647E-10
 3.991500E+02  7.111925E-03  6.228111E-07  6.911793E-12  9.339001E-12  1.045664E-11  1.281526E-11  6.227619E-03  6.994242E-07  7.139627E-11  1.644158E-02  2.019779E-05  2.219426E-08  8.964350E-09  8.680142E-06  4.428293E-11  1.929754E-10  5.638707E-11  6.844533E-04  1.209361E-08  5.748221E-10  4.683902E-10  3.114671E-06  4.236900E-06  2.825913E-09  3.758041E-10  4.941570E-10  6.655224E-10
