#         T/K            c1          c2-1          c3-4          c3-5          c3-7          c3-9            m1          m2-1          m3-1            w1            w2          w3-1          w3-2          c1m1        c1m2-1        c1m2-7        c2m1-1        c1w1-2        c1w2-1        c2w1-1        c2w1-9        m1w1-1        m1w1-4        m1w2-1        m2w1-1        m2w1-3      c1m1w1-1
 2.731500E+02  3.304107E-03  3.776276E-07  1.523593E-11  1.999753E-11  2.224884E-11  2.652898E-11  2.504067E-02  5.512350E-05  1.746328E-06  1.462919E-02  7.676379E-05  5.462559E-06  7.664553E-08  9.048485E-05  5.048366E-08  1.656529E-07  2.223652E-09  1.218552E-03  4.685779E-07  2.849527E-09  2.502186E-09  5.173046E-05  7.041910E-05  3.081905E-06  1.910064E-06  2.419122E-06  1.475928E-07
 2.741500E+02  3.310265E-03  3.737246E-07  1.471973E-11  1.932655E-11  2.150393E-11  2.564884E-11  2.494206E-02  5.359857E-05  1.606037E-06  1.459287E-02  7.489404E-05  5.054166E-06  7.367120E-08  8.833294E-05  4.716823E-08  1.552752E-07  2.118239E-09  1.194914E-03  4.411197E-07  2.736548E-09  2.400906E-09  5.040983E-05  6.861701E-05  2.847251E-06  1.760966E-06  2.231175E-06  1.383425E-07
 2.751500E+02  3.316061E-03  3.698314E-07  1.422148E-11  1.867864E-11  2.078456E-11  2.479858E-11  2.484425E-02  5.212692E-05  1.477950E-06  1.455642E-02  7.307986E-05  4.678660E-06  7.082937E-08  8.624102E-05  4.408992E-08  1.456084E-07  2.018266E-09  1.171790E-03  4.154083E-07  2.628406E-09  2.304053E-09  4.913130E-05  6.687260E-05  2.631891E-06  1.624457E-06  2.059030E-06  1.297224E-07
 2.761500E+02  3.321502E-03  3.659497E-07  1.374060E-11  1.805306E-11  2.008992E-11  2.397724E-11  2.474724E-02  5.070636E-05  1.360929E-06  1.451984E-02  7.131942E-05  4.333220E-06  6.811356E-08  8.420729E-05  4.123049E-08  1.365999E-07  1.923435E-09  1.149169E-03  3.913249E-07  2.524886E-09  2.211426E-09  4.789333E-05  6.518372E-05  2.434128E-06  1.499399E-06  1.901266E-06  1.216863E-07
 2.771500E+02  3.326596E-03  3.620814E-07  1.327650E-11  1.744909E-11  1.941923E-11  2.318392E-11  2.465101E-02  4.933480E-05  1.253949E-06  1.448314E-02  6.961092E-05  4.015280E-06  6.551762E-08  8.223000E-05  3.857322E-08  1.282015E-07  1.833465E-09  1.127042E-03  3.687595E-07  2.425784E-09  2.122834E-09  4.669444E-05  6.354835E-05  2.252427E-06  1.384764E-06  1.756595E-06  1.141920E-07
 2.781500E+02  3.331350E-03  3.582284E-07  1.282865E-11  1.686603E-11  1.877169E-11  2.241772E-11  2.455557E-02  4.801025E-05  1.156087E-06  1.444635E-02  6.795266E-05  3.722506E-06  6.303571E-08  8.030746E-05  3.610275E-08  1.203686E-07  1.748090E-09  1.105398E-03  3.476098E-07  2.330903E-09  2.038093E-09  4.553318E-05  6.196451E-05  2.085394E-06  1.279622E-06  1.623853E-06  1.072003E-07
 2.791500E+02  3.335772E-03  3.543924E-07  1.239651E-11  1.630319E-11  1.814657E-11  2.167777E-11  2.446090E-02  4.673082E-05  1.066508E-06  1.440947E-02  6.634297E-05  3.452772E-06  6.066230E-08  7.843802E-05  3.380493E-08  1.130601E-07  1.667061E-09  1.084228E-03  3.277808E-07  2.240057E-09  1.957029E-09  4.440821E-05  6.043032E-05  1.931761E-06  1.183130E-06  1.501986E-06  1.006749E-07
 2.801500E+02  3.339868E-03  3.505749E-07  1.197954E-11  1.575992E-11  1.754312E-11  2.096323E-11  2.436699E-02  4.549469E-05  9.844607E-07  1.437251E-02  6.478025E-05  3.204143E-06  5.839214E-08  7.662011E-05  3.166680E-08  1.062382E-07  1.590141E-09  1.063521E-03  3.091841E-07  2.153066E-09  1.879475E-09  4.331819E-05  5.894398E-05  1.790378E-06  1.094526E-06  1.390039E-06  9.458257E-08
 2.811500E+02  3.343647E-03  3.467775E-07  1.157724E-11  1.523557E-11  1.696063E-11  2.027327E-11  2.427385E-02  4.430014E-05  9.092649E-07  1.433549E-02  6.326295E-05  2.974856E-06  5.622027E-08  7.485216E-05  2.967641E-08  9.986782E-08  1.517110E-09  1.043269E-03  2.917378E-07  2.069760E-09  1.805272E-09  4.226188E-05  5.750375E-05  1.660201E-06  1.013118E-06  1.287145E-06  8.889239E-08
 2.821500E+02  3.347115E-03  3.430016E-07  1.118911E-11  1.472950E-11  1.639841E-11  1.960708E-11  2.418145E-02  4.314551E-05  8.403062E-07  1.429841E-02  6.178957E-05  2.763302E-06  5.414196E-08  7.313271E-05  2.782275E-08  9.391675E-08  1.447756E-09  1.023461E-03  2.753656E-07  1.989975E-09  1.734269E-09  4.123806E-05  5.610796E-05  1.540276E-06  9.382791E-07  1.192518E-06  8.357585E-08
 2.831500E+02  3.350280E-03  3.392486E-07  1.081468E-11  1.424110E-11  1.585578E-11  1.896387E-11  2.408980E-02  4.202923E-05  7.770291E-07  1.426129E-02  6.035868E-05  2.568016E-06  5.215273E-08  7.146029E-05  2.609571E-08  8.835517E-08  1.381882E-09  1.004088E-03  2.599966E-07  1.913555E-09  1.666319E-09  4.024556E-05  5.475502E-05  1.429741E-06  8.694406E-07  1.105446E-06  7.860657E-08
 2.841500E+02  3.353150E-03  3.355198E-07  1.045346E-11  1.376977E-11  1.533207E-11  1.834290E-11  2.399888E-02  4.094979E-05  7.189304E-07  1.422414E-02  5.896887E-05  2.387660E-06  5.024834E-08  6.983351E-05  2.448598E-08  8.315552E-08  1.319301E-09  9.851413E-04  2.455648E-07  1.840351E-09  1.601287E-09  3.928326E-05  5.344339E-05  1.327806E-06  8.060860E-07  1.025281E-06  7.396016E-08
 2.851500E+02  3.355731E-03  3.318164E-07  1.010502E-11  1.331494E-11  1.482665E-11  1.774341E-11  2.390869E-02  3.990576E-05  6.655547E-07  1.418696E-02  5.761880E-05  2.221014E-06  4.842477E-08  6.825100E-05  2.298495E-08  7.829233E-08  1.259838E-09  9.666110E-04  2.320089E-07  1.770222E-09  1.539038E-09  3.835010E-05  5.217160E-05  1.233754E-06  7.477464E-07  9.514348E-07  6.961406E-08
 2.861500E+02  3.358030E-03  3.281395E-07  9.768902E-12  1.287605E-11  1.433890E-11  1.716468E-11  2.381922E-02  3.889576E-05  6.164891E-07  1.414976E-02  5.630717E-05  2.066961E-06  4.667818E-08  6.671145E-05  2.158471E-08  7.374204E-08  1.203326E-09  9.484883E-04  2.192717E-07  1.703030E-09  1.479449E-09  3.744504E-05  5.093822E-05  1.146931E-06  6.939952E-07  8.833715E-07  6.554736E-08
 2.871500E+02  3.360056E-03  3.244901E-07  9.444684E-12  1.245254E-11  1.386822E-11  1.660601E-11  2.373046E-02  3.791846E-05  5.713594E-07  1.411255E-02  5.503272E-05  1.924482E-06  4.500496E-08  6.521359E-05  2.027796E-08  6.948288E-08  1.149608E-09  9.307643E-04  2.073000E-07  1.638647E-09  1.422398E-09  3.656709E-05  4.974190E-05  1.066742E-06  6.444446E-07  8.206045E-07  6.174074E-08
 2.881500E+02  3.361814E-03  3.208692E-07  9.131949E-12  1.204389E-11  1.341401E-11  1.606673E-11  2.364241E-02  3.697263E-05  5.298257E-07  1.407534E-02  5.379426E-05  1.792647E-06  4.340166E-08  6.375616E-05  1.905796E-08  6.549468E-08  1.098536E-09  9.134303E-04  1.960445E-07  1.576947E-09  1.367771E-09  3.571530E-05  4.858133E-05  9.926417E-07  5.987419E-07  7.626907E-07  5.817626E-08
 2.891500E+02  3.363311E-03  3.172777E-07  8.830295E-12  1.164958E-11  1.297570E-11  1.554616E-11  2.355505E-02  3.605705E-05  4.915799E-07  1.403813E-02  5.259061E-05  1.670604E-06  4.186502E-08  6.233798E-05  1.791849E-08  6.175876E-08  1.049969E-09  8.964776E-04  1.854590E-07  1.517814E-09  1.315460E-09  3.488876E-05  4.745526E-05  9.241342E-07  5.565657E-07  7.092264E-07  5.483732E-08
 2.901500E+02  3.364555E-03  3.137165E-07  8.539332E-12  1.126911E-11  1.255276E-11  1.504367E-11  2.346838E-02  3.517058E-05  4.563415E-07  1.400093E-02  5.142064E-05  1.557572E-06  4.039193E-08  6.095789E-05  1.685381E-08  5.825784E-08  1.003777E-09  8.798979E-04  1.755005E-07  1.461133E-09  1.265360E-09  3.408658E-05  4.636248E-05  8.607660E-07  5.176233E-07  6.598438E-07  5.170853E-08
 2.911500E+02  3.365553E-03  3.101862E-07  8.258681E-12  1.090201E-11  1.214463E-11  1.455864E-11  2.338239E-02  3.431212E-05  4.238560E-07  1.396375E-02  5.028327E-05  1.452839E-06  3.897945E-08  5.961474E-05  1.585861E-08  5.497588E-08  9.598342E-10  8.636827E-04  1.661290E-07  1.406797E-09  1.217372E-09  3.330792E-05  4.530184E-05  8.021229E-07  4.816480E-07  6.142075E-07  4.877563E-08
 2.921500E+02  3.366310E-03  3.066875E-07  7.987978E-12  1.054780E-11  1.175081E-11  1.409046E-11  2.329708E-02  3.348061E-05  3.938917E-07  1.392660E-02  4.917745E-05  1.355751E-06  3.762479E-08  5.830746E-05  1.492798E-08  5.189804E-08  9.180224E-10  8.478239E-04  1.573072E-07  1.354703E-09  1.171402E-09  3.255197E-05  4.427221E-05  7.478261E-07  4.483964E-07  5.720113E-07  4.602537E-08
 2.931500E+02  3.366833E-03  3.032212E-07  7.726867E-12  1.020602E-11  1.137079E-11  1.363854E-11  2.321243E-02  3.267505E-05  3.662377E-07  1.388947E-02  4.810217E-05  1.265709E-06  3.632529E-08  5.703497E-05  1.405740E-08  4.901054E-08  8.782307E-10  8.323135E-04  1.490004E-07  1.304752E-09  1.127357E-09  3.181796E-05  4.327254E-05  6.975293E-07  4.176465E-07  5.329761E-07  4.344548E-08
 2.941500E+02  3.367129E-03  2.997878E-07  7.475006E-12  9.876243E-12  1.100408E-11  1.320232E-11  2.312844E-02  3.189447E-05  3.407020E-07  1.385238E-02  4.705645E-05  1.182164E-06  3.507842E-08  5.579627E-05  1.324268E-08  4.630061E-08  8.403537E-10  8.171435E-04  1.411760E-07  1.256850E-09  1.085154E-09  3.110512E-05  4.230179E-05  6.509156E-07  3.891955E-07  4.968467E-07  4.102454E-08
 2.951500E+02  3.367204E-03  2.963877E-07  7.232063E-12  9.558039E-12  1.065021E-11  1.278125E-11  2.304510E-02  3.113795E-05  3.171097E-07  1.381533E-02  4.603935E-05  1.104613E-06  3.388181E-08  5.459034E-05  1.247993E-08  4.375638E-08  8.042922E-10  8.023064E-04  1.338039E-07  1.210908E-09  1.044709E-09  3.041275E-05  4.135898E-05  6.076948E-07  3.628584E-07  4.633899E-07  3.875197E-08
 2.961500E+02  3.367064E-03  2.930215E-07  6.997718E-12  9.250996E-12  1.030874E-11  1.237480E-11  2.296241E-02  3.040461E-05  2.953012E-07  1.377832E-02  4.504997E-05  1.032593E-06  3.273315E-08  5.341622E-05  1.176556E-08  4.136686E-08  7.699520E-10  7.877944E-04  1.268558E-07  1.166839E-09  1.005944E-09  2.974014E-05  4.044315E-05  5.676011E-07  3.384659E-07  4.323927E-07  3.661794E-08
 2.971500E+02  3.366715E-03  2.896895E-07  6.771661E-12  8.954717E-12  9.979208E-12  1.198245E-11  2.288035E-02  2.969360E-05  2.751310E-07  1.374136E-02  4.408742E-05  9.656818E-07  3.163030E-08  5.227299E-05  1.109625E-08  3.912180E-08  7.372446E-10  7.736001E-04  1.203053E-07  1.124562E-09  9.687847E-10  2.908663E-05  3.955340E-05  5.303909E-07  3.158631E-07  4.036599E-07  3.461332E-08
 2.981500E+02  3.366163E-03  2.863921E-07  6.553592E-12  8.668816E-12  9.661200E-12  1.160371E-11  2.279892E-02  2.900411E-05  2.564663E-07  1.370445E-02  4.315087E-05  9.034886E-07  3.057120E-08  5.115973E-05  1.046892E-08  3.701173E-08  7.060857E-10  7.597163E-04  1.141279E-07  1.084000E-09  9.331591E-10  2.845157E-05  3.868883E-05  4.958408E-07  2.949085E-07  3.770131E-07  3.272960E-08
 2.991500E+02  3.365414E-03  2.831296E-07  6.343222E-12  8.392922E-12  9.354301E-12  1.123809E-11  2.271811E-02  2.833536E-05  2.391858E-07  1.366761E-02  4.223949E-05  8.456562E-07  2.955388E-08  5.007556E-05  9.880707E-09  3.502780E-08  6.763962E-10  7.461357E-04  1.083004E-07  1.045076E-09  8.989996E-10  2.783436E-05  3.784862E-05  4.637461E-07  2.754725E-07  3.522889E-07  3.095889E-08
 3.001500E+02  3.364474E-03  2.799023E-07  6.140271E-12  8.126675E-12  9.058113E-12  1.088512E-11  2.263792E-02  2.768660E-05  2.231786E-07  1.363082E-02  4.135249E-05  7.918555E-07  2.857649E-08  4.901964E-05  9.328972E-09  3.316182E-08  6.481009E-10  7.328515E-04  1.028016E-07  1.007721E-09  8.662411E-10  2.723440E-05  3.703194E-05  4.339185E-07  2.574362E-07  3.293376E-07  2.929385E-08
 3.011500E+02  3.363349E-03  2.767103E-07  5.944471E-12  7.869729E-12  8.772251E-12  1.054437E-11  2.255833E-02  2.705712E-05  2.083434E-07  1.359410E-02  4.048912E-05  7.417842E-07  2.763727E-08  4.799114E-05  8.811257E-09  3.140614E-08  6.211289E-10  7.198567E-04  9.761118E-08  9.718652E-10  8.348219E-10  2.665112E-05  3.623802E-05  4.061856E-07  2.406909E-07  3.080218E-07  2.772764E-08
 3.021500E+02  3.362043E-03  2.735539E-07  5.755559E-12  7.621747E-12  8.496344E-12  1.021539E-11  2.247934E-02  2.644624E-05  1.945874E-07  1.355745E-02  3.964864E-05  6.951640E-07  2.673452E-08  4.698927E-05  8.325285E-09  2.975367E-08  5.954129E-10  7.071446E-04  9.271053E-08  9.374449E-10  8.046829E-10  2.608396E-05  3.546610E-05  3.803886E-07  2.251368E-07  2.882158E-07  2.625389E-08
 3.031500E+02  3.360562E-03  2.704332E-07  5.573286E-12  7.382406E-12  8.230033E-12  9.897753E-12  2.240095E-02  2.585330E-05  1.818258E-07  1.352088E-02  3.883034E-05  6.517388E-07  2.586665E-08  4.601323E-05  7.868943E-09  2.819780E-08  5.708895E-10  6.947087E-04  8.808207E-08  9.043978E-10  7.757677E-10  2.553240E-05  3.471545E-05  3.563818E-07  2.106823E-07  2.698038E-07  2.486670E-08
 3.041500E+02  3.358911E-03  2.673482E-07  5.397409E-12  7.151393E-12  7.972972E-12  9.591067E-12  2.232315E-02  2.527766E-05  1.699809E-07  1.348438E-02  3.803355E-05  6.112728E-07  2.503213E-08  4.506230E-05  7.440266E-09  2.673236E-08  5.474986E-10  6.825425E-04  8.370941E-08  8.726646E-10  7.480228E-10  2.499593E-05  3.398539E-05  3.340312E-07  1.972436E-07  2.526800E-07  2.356054E-08
 3.051500E+02  3.357096E-03  2.642991E-07  5.227693E-12  6.928407E-12  7.724826E-12  9.294935E-12  2.224592E-02  2.471872E-05  1.589815E-07  1.344796E-02  3.725758E-05  5.735487E-07  2.422952E-08  4.413573E-05  7.037432E-09  2.535163E-08  5.251831E-10  6.706398E-04  7.957719E-08  8.421889E-10  7.213967E-10  2.447406E-05  3.327523E-05  3.132133E-07  1.847434E-07  2.367468E-07  2.233026E-08
 3.061500E+02  3.355122E-03  2.612858E-07  5.063913E-12  6.713156E-12  7.485274E-12  9.008978E-12  2.216927E-02  2.417591E-05  1.487622E-07  1.341162E-02  3.650182E-05  5.383663E-07  2.345743E-08  4.323282E-05  6.658747E-09  2.405026E-08  5.038894E-10  6.589943E-04  7.567106E-08  8.129166E-10  6.958408E-10  2.396631E-05  3.258434E-05  2.938148E-07  1.731110E-07  2.219147E-07  2.117109E-08
 3.071500E+02  3.352992E-03  2.583084E-07  4.905852E-12  6.505360E-12  7.254002E-12  8.732831E-12  2.209318E-02  2.364865E-05  1.392633E-07  1.337537E-02  3.576564E-05  5.055410E-07  2.271454E-08  4.235289E-05  6.302636E-09  2.282327E-08  4.835664E-10  6.476000E-04  7.197758E-08  7.847963E-10  6.713082E-10  2.347224E-05  3.191208E-05  2.757312E-07  1.622811E-07  2.081015E-07  2.007856E-08
 3.081500E+02  3.350713E-03  2.553669E-07  4.753301E-12  6.304749E-12  7.030713E-12  8.466142E-12  2.201766E-02  2.313643E-05  1.304296E-07  1.333920E-02  3.504844E-05  4.749025E-07  2.199961E-08  4.149528E-05  5.967634E-09  2.166603E-08  4.641659E-10  6.364512E-04  6.848416E-08  7.577787E-10  6.477545E-10  2.299139E-05  3.125787E-05  2.588660E-07  1.521938E-07  1.952313E-07  1.904849E-08
 3.091500E+02  3.348289E-03  2.524611E-07  4.606056E-12  6.111060E-12  6.815115E-12  8.208570E-12  2.194268E-02  2.263871E-05  1.222109E-07  1.330313E-02  3.434966E-05  4.462936E-07  2.131143E-08  4.065934E-05  5.652378E-09  2.057419E-08  4.456422E-10  6.255419E-04  6.517901E-08  7.318168E-10  6.251373E-10  2.252336E-05  3.062112E-05  2.431307E-07  1.427942E-07  1.832344E-07  1.807701E-08
 3.101500E+02  3.345725E-03  2.495911E-07  4.463924E-12  5.924043E-12  6.606930E-12  7.959788E-12  2.186826E-02  2.215502E-05  1.145607E-07  1.326715E-02  3.366873E-05  4.195693E-07  2.064888E-08  3.984445E-05  5.355601E-09  1.954373E-08  4.279520E-10  6.148666E-04  6.205110E-08  7.068657E-10  6.034160E-10  2.206773E-05  3.000129E-05  2.284433E-07  1.340314E-07  1.720468E-07  1.716049E-08
 3.111500E+02  3.343024E-03  2.467566E-07  4.326716E-12  5.743454E-12  6.405888E-12  7.719478E-12  2.179437E-02  2.168487E-05  1.074363E-07  1.323126E-02  3.300513E-05  3.945955E-07  2.001087E-08  3.905001E-05  5.076123E-09  1.857086E-08  4.110543E-10  6.044199E-04  5.909008E-08  6.828825E-10  5.825520E-10  2.162412E-05  2.939782E-05  2.147285E-07  1.258587E-07  1.616093E-07  1.629554E-08
 3.121500E+02  3.340191E-03  2.439575E-07  4.194252E-12  5.569060E-12  6.211731E-12  7.487336E-12  2.172103E-02  2.122781E-05  1.007988E-07  1.319548E-02  3.235833E-05  3.712485E-07  1.939637E-08  3.827544E-05  4.812844E-09  1.765207E-08  3.949102E-10  5.941962E-04  5.628625E-08  6.598264E-10  5.625084E-10  2.119213E-05  2.881020E-05  2.019165E-07  1.182332E-07  1.518674E-07  1.547901E-08
 3.131500E+02  3.337231E-03  2.411938E-07  4.066358E-12  5.400635E-12  6.024208E-12  7.263068E-12  2.164820E-02  2.078340E-05  9.461189E-08  1.315979E-02  3.172783E-05  3.494138E-07  1.880439E-08  3.752016E-05  4.564740E-09  1.678407E-08  3.794830E-10  5.841904E-04  5.363051E-08  6.376580E-10  5.432499E-10  2.077142E-05  2.823795E-05  1.899430E-07  1.111150E-07  1.427708E-07  1.470794E-08
 3.141500E+02  3.334147E-03  2.384652E-07  3.942866E-12  5.237962E-12  5.843079E-12  7.046389E-12  2.157591E-02  2.035122E-05  8.884250E-08  1.312421E-02  3.111314E-05  3.289855E-07  1.823399E-08  3.678363E-05  4.330858E-09  1.596378E-08  3.647379E-10  5.743974E-04  5.111434E-08  6.163402E-10  5.247429E-10  2.036163E-05  2.768057E-05  1.787487E-07  1.044677E-07  1.342733E-07  1.397957E-08
 3.151500E+02  3.330944E-03  2.357715E-07  3.823615E-12  5.080833E-12  5.668111E-12  6.837027E-12  2.150413E-02  1.993086E-05  8.346007E-08  1.308872E-02  3.051381E-05  3.098657E-07  1.768428E-08  3.606532E-05  4.110307E-09  1.518833E-08  3.506417E-10  5.648120E-04  4.872974E-08  5.958372E-10  5.069555E-10  1.996241E-05  2.713761E-05  1.682787E-07  9.825748E-08  1.263320E-07  1.329132E-08
 3.161500E+02  3.327625E-03  2.331126E-07  3.708449E-12  4.929044E-12  5.499080E-12  6.634719E-12  2.143286E-02  1.952193E-05  7.843642E-08  1.305335E-02  2.992937E-05  2.919639E-07  1.715440E-08  3.536471E-05  3.902257E-09  1.445503E-08  3.371631E-10  5.554296E-04  4.646919E-08  5.761148E-10  4.898568E-10  1.957345E-05  2.660861E-05  1.584821E-07  9.245318E-08  1.189074E-07  1.264079E-08
 3.171500E+02  3.324195E-03  2.304882E-07  3.597218E-12  4.782403E-12  5.335772E-12  6.439210E-12  2.136209E-02  1.912406E-05  7.374560E-08  1.301808E-02  2.935939E-05  2.751962E-07  1.664353E-08  3.468130E-05  3.705936E-09  1.376138E-08  3.242724E-10  5.462451E-04  4.432566E-08  5.571405E-10  4.734177E-10  1.919443E-05  2.609316E-05  1.493122E-07  8.702602E-08  1.119631E-07  1.202571E-08
 3.181500E+02  3.320657E-03  2.278980E-07  3.489779E-12  4.640722E-12  5.177979E-12  6.250255E-12  2.129183E-02  1.873689E-05  6.936367E-08  1.298292E-02  2.880345E-05  2.594848E-07  1.615091E-08  3.401460E-05  3.520619E-09  1.310502E-08  3.119414E-10  5.372541E-04  4.229253E-08  5.388832E-10  4.576103E-10  1.882504E-05  2.559082E-05  1.407254E-07  8.194942E-08  1.054654E-07  1.144398E-08
 3.191500E+02  3.317014E-03  2.253418E-07  3.385992E-12  4.503821E-12  5.025500E-12  6.067619E-12  2.122205E-02  1.836008E-05  6.526856E-08  1.294787E-02  2.826114E-05  2.447577E-07  1.567578E-08  3.336415E-05  3.345633E-09  1.248376E-08  3.001435E-10  5.284520E-04  4.036357E-08  5.213130E-10  4.424079E-10  1.846499E-05  2.510121E-05  1.326815E-07  7.719882E-08  9.938298E-08  1.089362E-08
 3.201500E+02  3.313271E-03  2.228194E-07  3.285724E-12  4.371527E-12  4.878144E-12  5.891075E-12  2.115277E-02  1.799327E-05  6.143985E-08  1.291293E-02  2.773206E-05  2.309481E-07  1.521743E-08  3.272949E-05  3.180349E-09  1.189553E-08  2.888532E-10  5.198342E-04  3.853297E-08  5.044015E-10  4.277850E-10  1.811399E-05  2.462393E-05  1.251434E-07  7.275148E-08  9.368714E-08  1.037278E-08
 3.211500E+02  3.309430E-03  2.203304E-07  3.188846E-12  4.243672E-12  4.735724E-12  5.720404E-12  2.108397E-02  1.763617E-05  5.785873E-08  1.287811E-02  2.721583E-05  2.179943E-07  1.477520E-08  3.211018E-05  3.024177E-09  1.133840E-08  2.780465E-10  5.113966E-04  3.679522E-08  4.881215E-10  4.137174E-10  1.777179E-05  2.415862E-05  1.180766E-07  6.858639E-08  8.835115E-08  9.879731E-09
 3.221500E+02  3.305496E-03  2.178747E-07  3.095235E-12  4.120097E-12  4.598064E-12  5.555396E-12  2.101565E-02  1.728845E-05  5.450780E-08  1.284340E-02  2.671208E-05  2.058387E-07  1.434842E-08  3.150579E-05  2.876568E-09  1.081057E-08  2.677006E-10  5.031347E-04  3.514519E-08  4.724472E-10  4.001818E-10  1.743810E-05  2.370491E-05  1.114490E-07  6.468409E-08  8.335031E-08  9.412853E-09
 3.231500E+02  3.301471E-03  2.154518E-07  3.004772E-12  4.000646E-12  4.464990E-12  5.395847E-12  2.094780E-02  1.694981E-05  5.137096E-08  1.280881E-02  2.622046E-05  1.944280E-07  1.393649E-08  3.091590E-05  2.737008E-09  1.031035E-08  2.577938E-10  4.950446E-04  3.357801E-08  4.573535E-10  3.871560E-10  1.711268E-05  2.326245E-05  1.052310E-07  6.102657E-08  7.866174E-08  8.970625E-09
 3.241500E+02  3.297358E-03  2.130615E-07  2.917341E-12  3.885170E-12  4.336338E-12  5.241562E-12  2.088041E-02  1.661998E-05  4.843335E-08  1.277433E-02  2.574061E-05  1.837129E-07  1.353881E-08  3.034012E-05  2.605016E-09  9.836150E-09  2.483056E-10  4.871222E-04  3.208914E-08  4.428167E-10  3.746189E-10  1.679527E-05  2.283091E-05  9.939527E-08  5.759714E-08  7.426424E-08  8.551622E-09
 3.251500E+02  3.293161E-03  2.107035E-07  2.832833E-12  3.773525E-12  4.211947E-12  5.092353E-12  2.081349E-02  1.629867E-05  4.568119E-08  1.273997E-02  2.527221E-05  1.736473E-07  1.315482E-08  2.977805E-05  2.480142E-09  9.386477E-09  2.392164E-10  4.793635E-04  3.067428E-08  4.288142E-10  3.625502E-10  1.648565E-05  2.240997E-05  9.391617E-08  5.438035E-08  7.013815E-08  8.154508E-09
 3.261500E+02  3.288882E-03  2.083774E-07  2.751142E-12  3.665575E-12  4.091666E-12  4.948038E-12  2.074702E-02  1.598562E-05  4.310176E-08  1.270573E-02  2.481492E-05  1.641885E-07  1.278398E-08  2.922931E-05  2.361966E-09  8.959939E-09  2.305077E-10  4.717647E-04  2.932940E-08  4.153242E-10  3.509305E-10  1.618359E-05  2.199931E-05  8.877005E-08  5.136185E-08  6.626527E-08  7.778031E-09
 3.271500E+02  3.284525E-03  2.060829E-07  2.672164E-12  3.561185E-12  3.975346E-12  4.808443E-12  2.068101E-02  1.568057E-05  4.068325E-08  1.267161E-02  2.436844E-05  1.552969E-07  1.242577E-08  2.869353E-05  2.250093E-09  8.555224E-09  2.221619E-10  4.643220E-04  2.805071E-08  4.023259E-10  3.397414E-10  1.588885E-05  2.159863E-05  8.393493E-08  4.852836E-08  6.262866E-08  7.421015E-09
 3.281500E+02  3.280093E-03  2.038197E-07  2.595803E-12  3.460228E-12  3.862844E-12  4.673400E-12  2.061544E-02  1.538327E-05  3.841474E-08  1.263761E-02  2.393246E-05  1.469356E-07  1.207970E-08  2.817037E-05  2.144156E-09  8.171104E-09  2.141623E-10  4.570319E-04  2.683463E-08  3.897996E-10  3.289652E-10  1.560123E-05  2.120763E-05  7.939039E-08  4.586753E-08  5.921266E-08  7.082357E-09
 3.291500E+02  3.275587E-03  2.015875E-07  2.521964E-12  3.362581E-12  3.754026E-12  4.542747E-12  2.055031E-02  1.509348E-05  3.628608E-08  1.260373E-02  2.350668E-05  1.390702E-07  1.174529E-08  2.765948E-05  2.043808E-09  7.806425E-09  2.064929E-10  4.498907E-04  2.567779E-08  3.777261E-10  3.185850E-10  1.532052E-05  2.082604E-05  7.511743E-08  4.336792E-08  5.600268E-08  6.761022E-09
 3.301500E+02  3.271011E-03  1.993859E-07  2.450555E-12  3.268125E-12  3.648757E-12  4.416327E-12  2.048562E-02  1.481098E-05  3.428790E-08  1.256998E-02  2.309083E-05  1.316688E-07  1.142210E-08  2.716052E-05  1.948725E-09  7.460101E-09  1.991387E-10  4.428949E-04  2.457704E-08  3.660873E-10  3.085846E-10  1.504652E-05  2.045359E-05  7.109842E-08  4.101888E-08  5.298520E-08  6.456037E-09
 3.311500E+02  3.266368E-03  1.972145E-07  2.381489E-12  3.176745E-12  3.546913E-12  4.293992E-12  2.042137E-02  1.453553E-05  3.241148E-08  1.253635E-02  2.268463E-05  1.247017E-07  1.110970E-08  2.667316E-05  1.858605E-09  7.131116E-09  1.920852E-10  4.360413E-04  2.352937E-08  3.548659E-10  2.989487E-10  1.477904E-05  2.009000E-05  6.731693E-08  3.881056E-08  5.014763E-08  6.166490E-09
 3.321500E+02  3.261660E-03  1.950730E-07  2.314682E-12  3.088334E-12  3.448370E-12  4.175596E-12  2.035754E-02  1.426694E-05  3.064872E-08  1.250284E-02  2.228780E-05  1.181412E-07  1.080766E-08  2.619709E-05  1.773162E-09  6.818510E-09  1.853189E-10  4.293264E-04  2.253197E-08  3.440451E-10  2.896625E-10  1.451788E-05  1.973502E-05  6.375769E-08  3.673376E-08  4.747829E-08  5.891522E-09
 3.331500E+02  3.256889E-03  1.929612E-07  2.250052E-12  3.002783E-12  3.353012E-12  4.061001E-12  2.029413E-02  1.400498E-05  2.899213E-08  1.246945E-02  2.190010E-05  1.119616E-07  1.051560E-08  2.573201E-05  1.692130E-09  6.521385E-09  1.788269E-10  4.227470E-04  2.158220E-08  3.336091E-10  2.807118E-10  1.426288E-05  1.938841E-05  6.040649E-08  3.477994E-08  4.496631E-08  5.630326E-09
 3.341500E+02  3.252059E-03  1.908785E-07  2.187523E-12  2.919993E-12  3.260726E-12  3.950072E-12  2.023114E-02  1.374947E-05  2.743474E-08  1.243619E-02  2.152127E-05  1.061387E-07  1.023314E-08  2.527762E-05  1.615259E-09  6.238895E-09  1.725966E-10  4.163001E-04  2.067755E-08  3.235426E-10  2.720832E-10  1.401385E-05  1.904994E-05  5.725009E-08  3.294119E-08  4.260158E-08  5.382145E-09
 3.351500E+02  3.247170E-03  1.888246E-07  2.127018E-12  2.839864E-12  3.171402E-12  3.842680E-12  2.016857E-02  1.350020E-05  2.597005E-08  1.240306E-02  2.115107E-05  1.006502E-07  9.959909E-09  2.483364E-05  1.542313E-09  5.970244E-09  1.666165E-10  4.099824E-04  1.981566E-08  3.138311E-10  2.637638E-10  1.377063E-05  1.871935E-05  5.427615E-08  3.121009E-08  4.037467E-08  5.146266E-09
 3.361500E+02  3.242226E-03  1.867993E-07  2.068465E-12  2.762303E-12  3.084936E-12  3.738701E-12  2.010640E-02  1.325700E-05  2.459206E-08  1.237005E-02  2.078927E-05  9.547526E-08  9.695563E-09  2.439978E-05  1.473072E-09  5.714682E-09  1.608753E-10  4.037911E-04  1.899431E-08  3.044605E-10  2.557412E-10  1.353304E-05  1.839645E-05  5.147320E-08  2.957980E-08  3.827683E-08  4.922018E-09
 3.371500E+02  3.237229E-03  1.848021E-07  2.011796E-12  2.687219E-12  3.001226E-12  3.638015E-12  2.004464E-02  1.301968E-05  2.329515E-08  1.233717E-02  2.043563E-05  9.059434E-08  9.439769E-09  2.397577E-05  1.407329E-09  5.471505E-09  1.553624E-10  3.977232E-04  1.821139E-08  2.954176E-10  2.480036E-10  1.330095E-05  1.808100E-05  4.883050E-08  2.804389E-08  3.629989E-08  4.708769E-09
 3.381500E+02  3.232181E-03  1.828327E-07  1.956942E-12  2.614524E-12  2.920177E-12  3.540508E-12  1.998329E-02  1.278807E-05  2.207413E-08  1.230441E-02  2.008993E-05  8.598927E-08  9.192210E-09  2.356135E-05  1.344889E-09  5.240050E-09  1.500677E-10  3.917759E-04  1.746493E-08  2.866894E-10  2.405397E-10  1.307418E-05  1.777281E-05  4.633809E-08  2.659641E-08  3.443624E-08  4.505927E-09
 3.391500E+02  3.227083E-03  1.808908E-07  1.903841E-12  2.544135E-12  2.841695E-12  3.446069E-12  1.992233E-02  1.256200E-05  2.092415E-08  1.227179E-02  1.975198E-05  8.164309E-08  8.952578E-09  2.315626E-05  1.285570E-09  5.019692E-09  1.449816E-10  3.859464E-04  1.675304E-08  2.782638E-10  2.333387E-10  1.285259E-05  1.747167E-05  4.398664E-08  2.523181E-08  3.267881E-08  4.312931E-09
 3.401500E+02  3.221939E-03  1.789759E-07  1.852429E-12  2.475971E-12  2.765689E-12  3.354589E-12  1.986176E-02  1.234132E-05  1.984068E-08  1.223929E-02  1.942154E-05  7.753994E-08  8.720581E-09  2.276027E-05  1.229199E-09  4.809842E-09  1.400950E-10  3.802319E-04  1.607398E-08  2.701291E-10  2.263902E-10  1.263604E-05  1.717738E-05  4.176746E-08  2.394490E-08  3.102097E-08  4.129255E-09
 3.411500E+02  3.216749E-03  1.770877E-07  1.802648E-12  2.409953E-12  2.692073E-12  3.265968E-12  1.980158E-02  1.212586E-05  1.881952E-08  1.220691E-02  1.909843E-05  7.366504E-08  8.495939E-09  2.237313E-05  1.175616E-09  4.609946E-09  1.353990E-10  3.746299E-04  1.542606E-08  2.622739E-10  2.196843E-10  1.242440E-05  1.688975E-05  3.967243E-08  2.273085E-08  2.945656E-08  3.954404E-09
 3.421500E+02  3.211517E-03  1.752258E-07  1.754440E-12  2.346006E-12  2.620763E-12  3.180105E-12  1.974178E-02  1.191548E-05  1.785677E-08  1.217467E-02  1.878245E-05  7.000454E-08  8.278382E-09  2.199460E-05  1.124667E-09  4.419481E-09  1.308855E-10  3.691377E-04  1.480771E-08  2.546875E-10  2.132115E-10  1.221751E-05  1.660861E-05  3.769398E-08  2.158516E-08  2.797983E-08  3.787910E-09
 3.431500E+02  3.206243E-03  1.733900E-07  1.707749E-12  2.284060E-12  2.551680E-12  3.096906E-12  1.968237E-02  1.171002E-05  1.694876E-08  1.214255E-02  1.847342E-05  6.654552E-08  8.067652E-09  2.162446E-05  1.076211E-09  4.237954E-09  1.265465E-10  3.637529E-04  1.421743E-08  2.473596E-10  2.069628E-10  1.201527E-05  1.633377E-05  3.582502E-08  2.050363E-08  2.658541E-08  3.629332E-09
 3.441500E+02  3.200930E-03  1.715798E-07  1.662523E-12  2.224043E-12  2.484746E-12  3.016278E-12  1.962333E-02  1.150935E-05  1.609210E-08  1.211056E-02  1.817114E-05  6.327590E-08  7.863502E-09  2.126249E-05  1.030113E-09  4.064900E-09  1.223744E-10  3.584730E-04  1.365383E-08  2.402803E-10  2.009295E-10  1.181753E-05  1.606507E-05  3.405893E-08  1.948232E-08  2.526827E-08  3.478254E-09
 3.451500E+02  3.195579E-03  1.697949E-07  1.618711E-12  2.165889E-12  2.419887E-12  2.938132E-12  1.956466E-02  1.131334E-05  1.528360E-08  1.207869E-02  1.787544E-05  6.018436E-08  7.665693E-09  2.090848E-05  9.862450E-10  3.899882E-09  1.183621E-10  3.532956E-04  1.311557E-08  2.334401E-10  1.951032E-10  1.162419E-05  1.580233E-05  3.238954E-08  1.851757E-08  2.402374E-08  3.334287E-09
 3.461500E+02  3.190192E-03  1.680350E-07  1.576262E-12  2.109534E-12  2.357031E-12  2.862385E-12  1.950636E-02  1.112184E-05  1.452030E-08  1.204696E-02  1.758615E-05  5.726032E-08  7.473998E-09  2.056223E-05  9.444891E-10  3.742485E-09  1.145027E-10  3.482184E-04  1.260139E-08  2.268300E-10  1.894759E-10  1.143511E-05  1.554539E-05  3.081107E-08  1.760595E-08  2.284743E-08  3.197059E-09
 3.471500E+02  3.184771E-03  1.662997E-07  1.535131E-12  2.054915E-12  2.296109E-12  2.788953E-12  1.944843E-02  1.093474E-05  1.379945E-08  1.201536E-02  1.730310E-05  5.449389E-08  7.288198E-09  2.022352E-05  9.047328E-10  3.592319E-09  1.107897E-10  3.432391E-04  1.211009E-08  2.204412E-10  1.840401E-10  1.125018E-05  1.529411E-05  2.931809E-08  1.674427E-08  2.173525E-08  3.066223E-09
 3.481500E+02  3.179317E-03  1.645886E-07  1.495271E-12  2.001974E-12  2.237054E-12  2.717758E-12  1.939086E-02  1.075191E-05  1.311845E-08  1.198388E-02  1.702614E-05  5.187580E-08  7.108083E-09  1.989217E-05  8.668701E-10  3.449015E-09  1.072169E-10  3.383555E-04  1.164055E-08  2.142654E-10  1.787883E-10  1.106931E-05  1.504833E-05  2.790555E-08  1.592953E-08  2.068339E-08  2.941449E-09
 3.491500E+02  3.173833E-03  1.629014E-07  1.456639E-12  1.950651E-12  2.179803E-12  2.648724E-12  1.933365E-02  1.057323E-05  1.247489E-08  1.195253E-02  1.675509E-05  4.939735E-08  6.933452E-09  1.956798E-05  8.308014E-10  3.312226E-09  1.037784E-10  3.335655E-04  1.119171E-08  2.082946E-10  1.737136E-10  1.089236E-05  1.480790E-05  2.656871E-08  1.515894E-08  1.968824E-08  2.822428E-09
 3.501500E+02  3.168318E-03  1.612378E-07  1.419191E-12  1.900892E-12  2.124294E-12  2.581776E-12  1.927679E-02  1.039858E-05  1.186652E-08  1.192131E-02  1.648982E-05  4.705043E-08  6.764110E-09  1.925078E-05  7.964327E-10  3.181622E-09  1.004684E-10  3.288668E-04  1.076255E-08  2.025211E-10  1.688092E-10  1.071925E-05  1.457268E-05  2.530314E-08  1.442987E-08  1.874647E-08  2.708865E-09
 3.511500E+02  3.162775E-03  1.595975E-07  1.382888E-12  1.852644E-12  2.070467E-12  2.516845E-12  1.922029E-02  1.022786E-05  1.129123E-08  1.189022E-02  1.623017E-05  4.482740E-08  6.599873E-09  1.894038E-05  7.636752E-10  3.056892E-09  9.728171E-11  3.242576E-04  1.035212E-08  1.969376E-10  1.640688E-10  1.054988E-05  1.434253E-05  2.410468E-08  1.373987E-08  1.785494E-08  2.600485E-09
 3.521500E+02  3.157206E-03  1.579800E-07  1.347690E-12  1.805855E-12  2.018266E-12  2.453862E-12  1.916413E-02  1.006095E-05  1.074705E-08  1.185925E-02  1.597600E-05  4.272113E-08  6.440562E-09  1.863662E-05  7.324455E-10  2.937744E-09  9.421304E-11  3.197357E-04  9.959509E-09  1.915371E-10  1.594861E-10  1.038413E-05  1.411732E-05  2.296943E-08  1.308666E-08  1.701071E-08  2.497024E-09
 3.531500E+02  3.151611E-03  1.563851E-07  1.313560E-12  1.760475E-12  1.967635E-12  2.392762E-12  1.910831E-02  9.897762E-06  1.023213E-08  1.182842E-02  1.572717E-05  4.072490E-08  6.286005E-09  1.833931E-05  7.026646E-10  2.823899E-09  9.125751E-11  3.152992E-04  9.583861E-09  1.863126E-10  1.550552E-10  1.022193E-05  1.389693E-05  2.189374E-08  1.246808E-08  1.621103E-08  2.398236E-09
 3.541500E+02  3.145992E-03  1.548125E-07  1.280461E-12  1.716458E-12  1.918522E-12  2.333482E-12  1.905283E-02  9.738180E-06  9.744753E-09  1.179771E-02  1.548354E-05  3.883244E-08  6.136037E-09  1.804831E-05  6.742580E-10  2.715096E-09  8.841045E-11  3.109463E-04  9.224364E-09  1.812579E-10  1.507704E-10  1.006317E-05  1.368122E-05  2.087420E-08  1.188212E-08  1.545332E-08  2.303888E-09
 3.551500E+02  3.140351E-03  1.532617E-07  1.248358E-12  1.673756E-12  1.870874E-12  2.275959E-12  1.899770E-02  9.582111E-06  9.283297E-09  1.176713E-02  1.524498E-05  3.703784E-08  5.990500E-09  1.776344E-05  6.471557E-10  2.611084E-09  8.566737E-11  3.066750E-04  8.880246E-09  1.763665E-10  1.466262E-10  9.907765E-06  1.347007E-05  1.990759E-08  1.132689E-08  1.473517E-08  2.213757E-09
 3.561500E+02  3.134688E-03  1.517326E-07  1.217217E-12  1.632326E-12  1.824644E-12  2.220137E-12  1.894289E-02  9.429460E-06  8.846253E-09  1.173668E-02  1.501137E-05  3.533557E-08  5.849242E-09  1.748457E-05  6.212910E-10  2.511631E-09  8.302400E-11  3.024835E-04  8.550778E-09  1.716326E-10  1.426176E-10  9.755635E-06  1.326337E-05  1.899091E-08  1.080063E-08  1.405431E-08  2.127636E-09
 3.571500E+02  3.129005E-03  1.502247E-07  1.187006E-12  1.592124E-12  1.779783E-12  2.165958E-12  1.888842E-02  9.280136E-06  8.432201E-09  1.170635E-02  1.478259E-05  3.372044E-08  5.712116E-09  1.721153E-05  5.966015E-10  2.416512E-09  8.047627E-11  2.983701E-04  8.235266E-09  1.670504E-10  1.387394E-10  9.606691E-06  1.306100E-05  1.812132E-08  1.030168E-08  1.340862E-08  2.045327E-09
 3.581500E+02  3.123303E-03  1.487377E-07  1.157693E-12  1.553111E-12  1.736245E-12  2.113367E-12  1.883427E-02  9.134050E-06  8.039816E-09  1.167616E-02  1.455850E-05  3.218756E-08  5.578982E-09  1.694418E-05  5.730279E-10  2.325519E-09  7.802028E-11  2.943331E-04  7.933055E-09  1.626143E-10  1.349868E-10  9.460853E-06  1.286285E-05  1.729619E-08  9.828491E-09  1.279610E-08  1.966642E-09
 3.591500E+02  3.117583E-03  1.472714E-07  1.129249E-12  1.515246E-12  1.693987E-12  2.062313E-12  1.878045E-02  8.991115E-06  7.667851E-09  1.164609E-02  1.433900E-05  3.073235E-08  5.449705E-09  1.668237E-05  5.505142E-10  2.238451E-09  7.565231E-11  2.903707E-04  7.643520E-09  1.583192E-10  1.313553E-10  9.318041E-06  1.266882E-05  1.651300E-08  9.379594E-09  1.221488E-08  1.891404E-09
 3.601500E+02  3.111846E-03  1.458255E-07  1.101645E-12  1.478491E-12  1.652967E-12  2.012744E-12  1.872695E-02  8.851248E-06  7.315140E-09  1.161614E-02  1.412397E-05  2.935050E-08  5.324154E-09  1.642599E-05  5.290076E-10  2.155120E-09  7.336879E-11  2.864813E-04  7.366071E-09  1.541599E-10  1.278404E-10  9.178179E-06  1.247880E-05  1.576943E-08  8.953624E-09  1.166320E-08  1.819445E-09
 3.611500E+02  3.106094E-03  1.443996E-07  1.074852E-12  1.442810E-12  1.613142E-12  1.964611E-12  1.867376E-02  8.714369E-06  6.980588E-09  1.158633E-02  1.391330E-05  2.803795E-08  5.202204E-09  1.617487E-05  5.084579E-10  2.075347E-09  7.116635E-11  2.826633E-04  7.100146E-09  1.501315E-10  1.244378E-10  9.041193E-06  1.229268E-05  1.506328E-08  8.549294E-09  1.113942E-08  1.750608E-09
 3.621500E+02  3.100327E-03  1.429934E-07  1.048843E-12  1.408166E-12  1.574474E-12  1.917868E-12  1.862089E-02  8.580399E-06  6.663167E-09  1.155664E-02  1.370688E-05  2.679091E-08  5.083736E-09  1.592891E-05  4.888181E-10  1.998962E-09  6.904172E-11  2.789152E-04  6.845213E-09  1.462294E-10  1.211436E-10  8.907010E-06  1.211037E-05  1.439248E-08  8.165398E-09  1.064198E-08  1.684742E-09
 3.631500E+02  3.094547E-03  1.416066E-07  1.023593E-12  1.374526E-12  1.536925E-12  1.872469E-12  1.856834E-02  8.449261E-06  6.361913E-09  1.152707E-02  1.350461E-05  2.560578E-08  4.968632E-09  1.568797E-05  4.700432E-10  1.925805E-09  6.699180E-11  2.752354E-04  6.600767E-09  1.424490E-10  1.179537E-10  8.775559E-06  1.193178E-05  1.375509E-08  7.800801E-09  1.016944E-08  1.621703E-09
 3.641500E+02  3.088754E-03  1.402390E-07  9.990758E-13  1.341857E-12  1.500458E-12  1.828370E-12  1.851609E-02  8.320883E-06  6.075922E-09  1.149763E-02  1.330639E-05  2.447920E-08  4.856781E-09  1.545192E-05  4.520910E-10  1.855724E-09  6.501363E-11  2.716225E-04  6.366326E-09  1.387861E-10  1.148644E-10  8.646774E-06  1.175681E-05  1.314928E-08  7.454437E-09  9.720407E-09  1.561358E-09
 3.651500E+02  3.082949E-03  1.388902E-07  9.752681E-13  1.310126E-12  1.465038E-12  1.785529E-12  1.846415E-02  8.195193E-06  5.804341E-09  1.146832E-02  1.311212E-05  2.340799E-08  4.748077E-09  1.522066E-05  4.349213E-10  1.788574E-09  6.310438E-11  2.680750E-04  6.141435E-09  1.352365E-10  1.118721E-10  8.520587E-06  1.158537E-05  1.257334E-08  7.125303E-09  9.293609E-09  1.503578E-09
 3.661500E+02  3.077134E-03  1.375600E-07  9.521464E-13  1.279304E-12  1.430630E-12  1.743905E-12  1.841251E-02  8.072122E-06  5.546374E-09  1.143913E-02  1.292171E-05  2.238918E-08  4.642415E-09  1.499406E-05  4.184963E-10  1.724219E-09  6.126131E-11  2.645914E-04  5.925659E-09  1.317961E-10  1.089734E-10  8.396935E-06  1.141737E-05  1.202564E-08  6.812458E-09  8.887832E-09  1.448242E-09
 3.671500E+02  3.071309E-03  1.362480E-07  9.296881E-13  1.249361E-12  1.397202E-12  1.703459E-12  1.836117E-02  7.951602E-06  5.301268E-09  1.141007E-02  1.273506E-05  2.141994E-08  4.539696E-09  1.477201E-05  4.027800E-10  1.662527E-09  5.948184E-11  2.611704E-04  5.718588E-09  1.284612E-10  1.061649E-10  8.275755E-06  1.125273E-05  1.150467E-08  6.515014E-09  8.501936E-09  1.395235E-09
 3.681500E+02  3.065476E-03  1.349541E-07  9.078718E-13  1.220268E-12  1.364722E-12  1.664152E-12  1.831013E-02  7.833569E-06  5.068318E-09  1.138113E-02  1.255208E-05  2.049763E-08  4.439825E-09  1.455440E-05  3.877384E-10  1.603377E-09  5.776349E-11  2.578107E-04  5.519830E-09  1.252281E-10  1.034434E-10  8.156987E-06  1.109137E-05  1.100898E-08  6.232138E-09  8.134850E-09  1.344448E-09
 3.691500E+02  3.059634E-03  1.336779E-07  8.866764E-13  1.191998E-12  1.333159E-12  1.625950E-12  1.825938E-02  7.717960E-06  4.846860E-09  1.135232E-02  1.237268E-05  1.961976E-08  4.342709E-09  1.434113E-05  3.733392E-10  1.546652E-09  5.610388E-11  2.545109E-04  5.329011E-09  1.220932E-10  1.008058E-10  8.040571E-06  1.093321E-05  1.053724E-08  5.963044E-09  7.785564E-09  1.295777E-09
 3.701500E+02  3.053785E-03  1.324191E-07  8.660819E-13  1.164525E-12  1.302484E-12  1.588815E-12  1.820893E-02  7.604713E-06  4.636270E-09  1.132363E-02  1.219678E-05  1.878398E-08  4.248258E-09  1.413208E-05  3.595519E-10  1.492238E-09  5.450073E-11  2.512697E-04  5.145779E-09  1.190531E-10  9.824925E-11  7.926452E-06  1.077817E-05  1.008817E-08  5.706994E-09  7.453126E-09  1.249124E-09
 3.711500E+02  3.047930E-03  1.311775E-07  8.460689E-13  1.137822E-12  1.272668E-12  1.552714E-12  1.815877E-02  7.493768E-06  4.435961E-09  1.129506E-02  1.202430E-05  1.798807E-08  4.156389E-09  1.392717E-05  3.463475E-10  1.440033E-09  5.295187E-11  2.480859E-04  4.969797E-09  1.161046E-10  9.577084E-11  7.814572E-06  1.062617E-05  9.660570E-09  5.463290E-09  7.136643E-09  1.204396E-09
 3.721500E+02  3.042069E-03  1.299528E-07  8.266186E-13  1.111865E-12  1.243684E-12  1.517615E-12  1.810889E-02  7.385068E-06  4.245379E-09  1.126662E-02  1.185515E-05  1.722993E-08  4.067017E-09  1.372628E-05  3.336986E-10  1.389934E-09  5.145521E-11  2.449583E-04  4.800743E-09  1.132444E-10  9.336784E-11  7.704879E-06  1.047714E-05  9.253311E-09  5.231278E-09  6.835270E-09  1.161505E-09
 3.731500E+02  3.036203E-03  1.287448E-07  8.077130E-13  1.086631E-12  1.215506E-12  1.483485E-12  1.805929E-02  7.278558E-06  4.064003E-09  1.123830E-02  1.168926E-05  1.650761E-08  3.980063E-09  1.352933E-05  3.215790E-10  1.341848E-09  5.000876E-11  2.418857E-04  4.638314E-09  1.104697E-10  9.103766E-11  7.597320E-06  1.033101E-05  8.865328E-09  5.010340E-09  6.548213E-09  1.120365E-09
 3.741500E+02  3.030333E-03  1.275532E-07  7.893348E-13  1.062096E-12  1.188108E-12  1.450294E-12  1.800998E-02  7.174182E-06  3.891344E-09  1.121010E-02  1.152655E-05  1.581923E-08  3.895451E-09  1.333623E-05  3.099642E-10  1.295683E-09  4.861060E-11  2.388669E-04  4.482218E-09  1.077773E-10  8.877775E-11  7.491843E-06  1.018771E-05  8.495618E-09  4.799893E-09  6.274720E-09  1.080898E-09
 3.751500E+02  3.024459E-03  1.263777E-07  7.714670E-13  1.038238E-12  1.161465E-12  1.418012E-12  1.796095E-02  7.071888E-06  3.726940E-09  1.118202E-02  1.136694E-05  1.516305E-08  3.813107E-09  1.314687E-05  2.988306E-10  1.251353E-09  4.725890E-11  2.359008E-04  4.332181E-09  1.051646E-10  8.658570E-11  7.388400E-06  1.004717E-05  8.143232E-09  4.599389E-09  6.014086E-09  1.043028E-09
 3.761500E+02  3.018583E-03  1.252181E-07  7.540935E-13  1.015036E-12  1.135553E-12  1.386611E-12  1.791219E-02  6.971624E-06  3.570355E-09  1.115407E-02  1.121037E-05  1.453741E-08  3.732958E-09  1.296118E-05  2.881560E-10  1.208777E-09  4.595191E-11  2.329863E-04  4.187939E-09  1.026288E-10  8.445918E-11  7.286942E-06  9.909331E-06  7.807277E-09  4.408308E-09  5.765644E-09  1.006682E-09
 3.771500E+02  3.012705E-03  1.240742E-07  7.371987E-13  9.924687E-13  1.110349E-12  1.356064E-12  1.786371E-02  6.873342E-06  3.421179E-09  1.112623E-02  1.105676E-05  1.394075E-08  3.654938E-09  1.277907E-05  2.779192E-10  1.167877E-09  4.468795E-11  2.301222E-04  4.049241E-09  1.001674E-10  8.239595E-11  7.187422E-06  9.774123E-06  7.486908E-09  4.226163E-09  5.528764E-09  9.717923E-10
 3.781500E+02  3.006826E-03  1.229457E-07  7.207674E-13  9.705171E-13  1.085832E-12  1.326343E-12  1.781550E-02  6.776992E-06  3.279024E-09  1.109852E-02  1.090605E-05  1.337158E-08  3.578979E-09  1.260046E-05  2.681003E-10  1.128578E-09  4.346541E-11  2.273076E-04  3.915849E-09  9.777783E-11  8.039384E-11  7.089795E-06  9.641487E-06  7.181327E-09  4.052494E-09  5.302852E-09  9.382931E-10
 3.791500E+02  3.000945E-03  1.218324E-07  7.047851E-13  9.491616E-13  1.061980E-12  1.297423E-12  1.776756E-02  6.682527E-06  3.143527E-09  1.107092E-02  1.075816E-05  1.282852E-08  3.505017E-09  1.242525E-05  2.586801E-10  1.090811E-09  4.228274E-11  2.245413E-04  3.787536E-09  9.545768E-11  7.845078E-11  6.994016E-06  9.511362E-06  6.889784E-09  3.886863E-09  5.087348E-09  9.061229E-10
 3.801500E+02  2.995065E-03  1.207340E-07  6.892376E-13  9.283835E-13  1.038772E-12  1.269280E-12  1.771988E-02  6.589903E-06  3.014343E-09  1.104345E-02  1.061304E-05  1.231024E-08  3.432990E-09  1.225339E-05  2.496406E-10  1.054508E-09  4.113846E-11  2.218225E-04  3.664085E-09  9.320464E-11  7.656478E-11  6.900043E-06  9.383690E-06  6.611566E-09  3.728862E-09  4.881723E-09  8.752225E-10
 3.811500E+02  2.989184E-03  1.196503E-07  6.741115E-13  9.081650E-13  1.016188E-12  1.241889E-12  1.767247E-02  6.499074E-06  2.891146E-09  1.101609E-02  1.047062E-05  1.181550E-08  3.362840E-09  1.208478E-05  2.409646E-10  1.019606E-09  4.003116E-11  2.191500E-04  3.545289E-09  9.101650E-11  7.473391E-11  6.807833E-06  9.258413E-06  6.346002E-09  3.578102E-09  4.685475E-09  8.455360E-10
 3.821500E+02  2.983305E-03  1.185810E-07  6.593936E-13  8.884888E-13  9.942084E-13  1.215227E-12  1.762532E-02  6.409998E-06  2.773631E-09  1.098886E-02  1.033084E-05  1.134313E-08  3.294508E-09  1.191935E-05  2.326357E-10  9.860442E-10  3.895947E-11  2.165231E-04  3.430952E-09  8.889109E-11  7.295632E-11  6.717346E-06  9.135476E-06  6.092456E-09  3.434217E-09  4.498133E-09  8.170101E-10
 3.831500E+02  2.977427E-03  1.175261E-07  6.450713E-13  8.693381E-13  9.728155E-13  1.189272E-12  1.757843E-02  6.322633E-06  2.661508E-09  1.096174E-02  1.019363E-05  1.089200E-08  3.227939E-09  1.175704E-05  2.246384E-10  9.537643E-10  3.792208E-11  2.139406E-04  3.320886E-09  8.682636E-11  7.123024E-11  6.628541E-06  9.014826E-06  5.850329E-09  3.296860E-09  4.319249E-09  7.895939E-10
 3.841500E+02  2.971551E-03  1.164852E-07  6.311323E-13  8.506968E-13  9.519907E-13  1.164002E-12  1.753180E-02  6.236938E-06  2.554503E-09  1.093474E-02  1.005895E-05  1.046106E-08  3.163079E-09  1.159776E-05  2.169579E-10  9.227115E-10  3.691775E-11  2.114017E-04  3.214912E-09  8.482029E-11  6.955394E-11  6.541382E-06  8.896410E-06  5.619053E-09  3.165703E-09  4.148402E-09  7.632391E-10
 3.851500E+02  2.965678E-03  1.154580E-07  6.175648E-13  8.325492E-13  9.317169E-13  1.139397E-12  1.748542E-02  6.152873E-06  2.452358E-09  1.090785E-02  9.926731E-06  1.004933E-08  3.099877E-09  1.144146E-05  2.095802E-10  8.928333E-10  3.594527E-11  2.089055E-04  3.112860E-09  8.287099E-11  6.792577E-11  6.455829E-06  8.780176E-06  5.398090E-09  3.040439E-09  3.985193E-09  7.378998E-10
 3.861500E+02  2.959808E-03  1.144445E-07  6.043575E-13  8.148804E-13  9.119772E-13  1.115436E-12  1.743930E-02  6.070401E-06  2.354829E-09  1.088109E-02  9.796922E-06  9.655842E-09  3.038284E-09  1.128806E-05  2.024919E-10  8.640797E-10  3.500349E-11  2.064511E-04  3.014566E-09  8.097659E-11  6.634415E-11  6.371847E-06  8.666075E-06  5.186933E-09  2.920774E-09  3.829243E-09  7.135321E-10
 3.871500E+02  2.953941E-03  1.134444E-07  5.914993E-13  7.976758E-13  8.927554E-13  1.092100E-12  1.739343E-02  5.989483E-06  2.261685E-09  1.085444E-02  9.669468E-06  9.279720E-09  2.978249E-09  1.113750E-05  1.956803E-10  8.364032E-10  3.409130E-11  2.040377E-04  2.919874E-09  7.913531E-11  6.480755E-11  6.289399E-06  8.554059E-06  4.985102E-09  2.806431E-09  3.680195E-09  6.900942E-10
 3.881500E+02  2.948078E-03  1.124575E-07  5.789796E-13  7.809213E-13  8.740357E-13  1.069371E-12  1.734780E-02  5.910084E-06  2.172708E-09  1.082790E-02  9.544318E-06  8.920114E-09  2.919728E-09  1.098971E-05  1.891333E-10  8.097583E-10  3.320764E-11  2.016645E-04  2.828638E-09  7.734544E-11  6.331448E-11  6.208451E-06  8.444081E-06  4.792140E-09  2.697148E-09  3.537712E-09  6.675465E-10
 3.891500E+02  2.942220E-03  1.114835E-07  5.667881E-13  7.646033E-13  8.558032E-13  1.047229E-12  1.730243E-02  5.832169E-06  2.087692E-09  1.080149E-02  9.421419E-06  8.576224E-09  2.862675E-09  1.084463E-05  1.828393E-10  7.841017E-10  3.235149E-11  1.993305E-04  2.740714E-09  7.560531E-11  6.186353E-11  6.128970E-06  8.336095E-06  4.607617E-09  2.592678E-09  3.401473E-09  6.458509E-10
 3.901500E+02  2.936366E-03  1.105223E-07  5.549149E-13  7.487087E-13  8.380431E-13  1.025657E-12  1.725729E-02  5.755702E-06  2.006441E-09  1.077518E-02  9.300723E-06  8.247290E-09  2.807047E-09  1.070220E-05  1.767875E-10  7.593921E-10  3.152187E-11  1.970351E-04  2.655968E-09  7.391334E-11  6.045333E-11  6.050923E-06  8.230055E-06  4.431125E-09  2.492787E-09  3.271176E-09  6.249714E-10
 3.911500E+02  2.930518E-03  1.095737E-07  5.433503E-13  7.332248E-13  8.207412E-13  1.004639E-12  1.721240E-02  5.680650E-06  1.928770E-09  1.074899E-02  9.182180E-06  7.932596E-09  2.752801E-09  1.056237E-05  1.709673E-10  7.355901E-10  3.071784E-11  1.947775E-04  2.574271E-09  7.226798E-11  5.908256E-11  5.974277E-06  8.125920E-06  4.262277E-09  2.397251E-09  3.146532E-09  6.048735E-10
 3.921500E+02  2.924676E-03  1.086375E-07  5.320852E-13  7.181394E-13  8.038840E-13  9.841582E-13  1.716775E-02  5.606982E-06  1.854506E-09  1.072292E-02  9.065744E-06  7.631459E-09  2.699897E-09  1.042507E-05  1.653688E-10  7.126581E-10  2.993850E-11  1.925568E-04  2.495499E-09  7.066775E-11  5.774994E-11  5.899002E-06  8.023646E-06  4.100708E-09  2.305861E-09  3.027271E-09  5.855244E-10
 3.931500E+02  2.918839E-03  1.077135E-07  5.211105E-13  7.034405E-13  7.874581E-13  9.641981E-13  1.712334E-02  5.534665E-06  1.783482E-09  1.069695E-02  8.951369E-06  7.343235E-09  2.648295E-09  1.029025E-05  1.599826E-10  6.905604E-10  2.918298E-11  1.903724E-04  2.419534E-09  6.911122E-11  5.645425E-11  5.825066E-06  7.923193E-06  3.946069E-09  2.218418E-09  2.913135E-09  5.668928E-10
 3.941500E+02  2.913009E-03  1.068015E-07  5.104176E-13  6.891166E-13  7.714509E-13  9.447437E-13  1.707916E-02  5.463668E-06  1.715542E-09  1.067110E-02  8.839010E-06  7.067311E-09  2.597959E-09  1.015785E-05  1.547996E-10  6.692626E-10  2.845044E-11  1.882236E-04  2.346263E-09  6.759701E-11  5.519431E-11  5.752442E-06  7.824520E-06  3.798032E-09  2.134732E-09  2.803879E-09  5.489487E-10
 3.951500E+02  2.907186E-03  1.059013E-07  4.999981E-13  6.751569E-13  7.558499E-13  9.257802E-13  1.703522E-02  5.393962E-06  1.650537E-09  1.064537E-02  8.728624E-06  6.803107E-09  2.548851E-09  1.002783E-05  1.498111E-10  6.487320E-10  2.774008E-11  1.861095E-04  2.275580E-09  6.612378E-11  5.396897E-11  5.681100E-06  7.727588E-06  3.656284E-09  2.054625E-09  2.699273E-09  5.316637E-10
 3.961500E+02  2.901370E-03  1.050127E-07  4.898439E-13  6.615504E-13  7.406432E-13  9.072931E-13  1.699151E-02  5.325517E-06  1.588326E-09  1.061974E-02  8.620167E-06  6.550072E-09  2.500935E-09  9.900122E-06  1.450091E-10  6.289376E-10  2.705114E-11  1.840296E-04  2.207381E-09  6.469025E-11  5.277715E-11  5.611011E-06  7.632359E-06  3.520531E-09  1.977927E-09  2.599097E-09  5.150106E-10
 3.971500E+02  2.895561E-03  1.041356E-07  4.799472E-13  6.482868E-13  7.258193E-13  8.892686E-13  1.694803E-02  5.258306E-06  1.528777E-09  1.059423E-02  8.513598E-06  6.307684E-09  2.454178E-09  9.774685E-06  1.403856E-10  6.098494E-10  2.638287E-11  1.819832E-04  2.141567E-09  6.329518E-11  5.161777E-11  5.542149E-06  7.538796E-06  3.390490E-09  1.904478E-09  2.503142E-09  4.989634E-10
 3.981500E+02  2.889761E-03  1.032698E-07  4.703003E-13  6.353561E-13  7.113669E-13  8.716933E-13  1.690478E-02  5.192300E-06  1.471763E-09  1.056882E-02  8.408878E-06  6.075448E-09  2.408546E-09  9.651467E-06  1.359332E-10  5.914391E-10  2.573456E-11  1.799696E-04  2.078045E-09  6.193738E-11  5.048982E-11  5.474487E-06  7.446863E-06  3.265896E-09  1.834124E-09  2.411212E-09  4.834972E-10
 3.991500E+02  2.883968E-03  1.024151E-07  4.608961E-13  6.227486E-13  6.972753E-13  8.545542E-13  1.686175E-02  5.127472E-06  1.417164E-09  1.054353E-02  8.305965E-06  5.852892E-09  2.364007E-09  9.530421E-06  1.316447E-10  5.736794E-10  2.510552E-11  1.779881E-04  2.016725E-09  6.061568E-11  4.939231E-11  5.408000E-06  7.356524E-06  3.146495E-09  1.766721E-09  2.323119E-09  4.685885E-10
