#         T/K     Cv/J*K^-1     Cp/J*K^-1
 2.731500E+02  4.887280E+01  5.914380E+01
 2.741500E+02  4.892622E+01  5.918696E+01
 2.751500E+02  4.897988E+01  5.922011E+01
 2.761500E+02  4.903379E+01  5.925346E+01
 2.771500E+02  4.908794E+01  5.928704E+01
 2.781500E+02  4.914232E+01  5.932084E+01
 2.791500E+02  4.919694E+01  5.935487E+01
 2.801500E+02  4.925178E+01  5.938913E+01
 2.811500E+02  4.930685E+01  5.942365E+01
 2.821500E+02  4.936215E+01  5.945842E+01
 2.831500E+02  4.941766E+01  5.949344E+01
 2.841500E+02  4.947338E+01  5.952873E+01
 2.851500E+02  4.952931E+01  5.956428E+01
 2.861500E+02  4.958544E+01  5.960011E+01
 2.871500E+02  4.964178E+01  5.963622E+01
 2.881500E+02  4.969831E+01  5.967261E+01
 2.891500E+02  4.975504E+01  5.970928E+01
 2.901500E+02  4.981195E+01  5.974624E+01
 2.911500E+02  4.986905E+01  5.978349E+01
 2.921500E+02  4.992632E+01  5.982104E+01
 2.931500E+02  4.998377E+01  5.985888E+01
 2.941500E+02  5.004139E+01  5.989701E+01
 2.951500E+02  5.009918E+01  5.993545E+01
 2.961500E+02  5.015713E+01  5.997418E+01
 2.971500E+02  5.021523E+01  6.001322E+01
 2.981500E+02  5.027349E+01  6.005255E+01
 2.991500E+02  5.033190E+01  6.009219E+01
 3.001500E+02  5.039045E+01  6.013212E+01
 3.011500E+02  5.044915E+01  6.017236E+01
 3.021500E+02  5.050797E+01  6.021290E+01
 3.031500E+02  5.056693E+01  6.025373E+01
 3.041500E+02  5.062602E+01  6.029486E+01
 3.051500E+02  5.068523E+01  6.033629E+01
 3.061500E+02  5.074456E+01  6.037801E+01
 3.071500E+02  5.080400E+01  6.042002E+01
 3.081500E+02  5.086356E+01  6.046232E+01
 3.091500E+02  5.092322E+01  6.050490E+01
 3.101500E+02  5.098298E+01  6.054778E+01
 3.111500E+02  5.104284E+01  6.059093E+01
 3.121500E+02  5.110279E+01  6.063436E+01
 3.131500E+02  5.116283E+01  6.067807E+01
 3.141500E+02  5.122296E+01  6.072205E+01
 3.151500E+02  5.128318E+01  6.076630E+01
 3.161500E+02  5.134347E+01  6.081082E+01
 3.171500E+02  5.140383E+01  6.085560E+01
 3.181500E+02  5.146427E+01  6.090064E+01
 3.191500E+02  5.152477E+01  6.094593E+01
 3.201500E+02  5.158533E+01  6.099147E+01
 3.211500E+02  5.164596E+01  6.103726E+01
 3.221500E+02  5.170664E+01  6.108330E+01
 3.231500E+02  5.176737E+01  6.112957E+01
 3.241500E+02  5.182815E+01  6.117608E+01
 3.251500E+02  5.188898E+01  6.122281E+01
 3.261500E+02  5.194985E+01  6.126978E+01
 3.271500E+02  5.201076E+01  6.131696E+01
 3.281500E+02  5.207170E+01  6.136437E+01
 3.291500E+02  5.213268E+01  6.141198E+01
 3.301500E+02  5.219368E+01  6.145981E+01
 3.311500E+02  5.225471E+01  6.150784E+01
 3.321500E+02  5.231576E+01  6.155607E+01
 3.331500E+02  5.237683E+01  6.160449E+01
 3.341500E+02  5.243792E+01  6.165311E+01
 3.351500E+02  5.249902E+01  6.170191E+01
 3.361500E+02  5.256013E+01  6.175090E+01
 3.371500E+02  5.262125E+01  6.180006E+01
 3.381500E+02  5.268238E+01  6.184940E+01
 3.391500E+02  5.274350E+01  6.189890E+01
 3.401500E+02  5.280463E+01  6.194857E+01
 3.411500E+02  5.286575E+01  6.199840E+01
 3.421500E+02  5.292687E+01  6.204839E+01
 3.431500E+02  5.298798E+01  6.209852E+01
 3.441500E+02  5.304907E+01  6.214881E+01
 3.451500E+02  5.311016E+01  6.219923E+01
 3.461500E+02  5.317122E+01  6.224980E+01
 3.471500E+02  5.323227E+01  6.230050E+01
 3.481500E+02  5.329330E+01  6.235132E+01
 3.491500E+02  5.335430E+01  6.240228E+01
 3.501500E+02  5.341528E+01  6.245335E+01
 3.511500E+02  5.347623E+01  6.250455E+01
 3.521500E+02  5.353715E+01  6.255585E+01
 3.531500E+02  5.359804E+01  6.260727E+01
 3.541500E+02  5.365890E+01  6.265879E+01
 3.551500E+02  5.371972E+01  6.271042E+01
 3.561500E+02  5.378050E+01  6.276214E+01
 3.571500E+02  5.384124E+01  6.281395E+01
 3.581500E+02  5.390194E+01  6.286586E+01
 3.591500E+02  5.396259E+01  6.291785E+01
 3.601500E+02  5.402320E+01  6.296993E+01
 3.611500E+02  5.408376E+01  6.302208E+01
 3.621500E+02  5.414427E+01  6.307431E+01
 3.631500E+02  5.420473E+01  6.312662E+01
 3.641500E+02  5.426514E+01  6.317899E+01
 3.651500E+02  5.432549E+01  6.323142E+01
 3.661500E+02  5.438579E+01  6.328392E+01
 3.671500E+02  5.444603E+01  6.333648E+01
 3.681500E+02  5.450621E+01  6.338909E+01
 3.691500E+02  5.456633E+01  6.344175E+01
 3.701500E+02  5.462638E+01  6.349446E+01
 3.711500E+02  5.468637E+01  6.354722E+01
 3.721500E+02  5.474630E+01  6.360002E+01
 3.731500E+02  5.480616E+01  6.365286E+01
 3.741500E+02  5.486596E+01  6.370574E+01
 3.751500E+02  5.492568E+01  6.375865E+01
 3.761500E+02  5.498533E+01  6.381159E+01
 3.771500E+02  5.504491E+01  6.386456E+01
 3.781500E+02  5.510442E+01  6.391755E+01
 3.791500E+02  5.516385E+01  6.397057E+01
 3.801500E+02  5.522321E+01  6.402360E+01
 3.811500E+02  5.528249E+01  6.407666E+01
 3.821500E+02  5.534170E+01  6.412973E+01
 3.831500E+02  5.540082E+01  6.418281E+01
 3.841500E+02  5.545986E+01  6.423589E+01
 3.851500E+02  5.551883E+01  6.428899E+01
 3.861500E+02  5.557771E+01  6.434209E+01
 3.871500E+02  5.563651E+01  6.439519E+01
 3.881500E+02  5.569522E+01  6.444830E+01
 3.891500E+02  5.575385E+01  6.450140E+01
 3.901500E+02  5.581239E+01  6.455449E+01
 3.911500E+02  5.587085E+01  6.460758E+01
 3.921500E+02  5.592922E+01  6.466066E+01
 3.931500E+02  5.598750E+01  6.471373E+01
 3.941500E+02  5.604569E+01  6.476678E+01
 3.951500E+02  5.610379E+01  6.481982E+01
 3.961500E+02  5.616180E+01  6.487285E+01
 3.971500E+02  5.621972E+01  6.492585E+01
 3.981500E+02  5.627755E+01  6.497883E+01
 3.991500E+02  5.633528E+01  6.503416E+01
