#         T/K        V/dm^3  V(excl)/dm^3    alpha/K^-1        status
 2.731500E+02  4.626237E-02  4.371365E-02  1.046438E-03                                 112
 2.741500E+02  4.631078E-02  4.371365E-02  1.043511E-03                                 112
 2.751500E+02  4.635902E-02  4.371365E-02  1.037673E-03                                 112
 2.761500E+02  4.640699E-02  4.371365E-02  1.029796E-03                                 112
 2.771500E+02  4.645460E-02  4.371365E-02  1.020079E-03                                 112
 2.781500E+02  4.650177E-02  4.371365E-02  1.008666E-03                                 112
 2.791500E+02  4.654841E-02  4.371365E-02  9.957193E-04                                 112
 2.801500E+02  4.659447E-02  4.371365E-02  9.814115E-04                                 112
 2.811500E+02  4.663987E-02  4.371365E-02  9.659248E-04                                 112
 2.821500E+02  4.668457E-02  4.371365E-02  9.494448E-04                                 112
 2.831500E+02  4.672852E-02  4.371365E-02  9.321572E-04                                 112
 2.841500E+02  4.677168E-02  4.371365E-02  9.142440E-04                                 112
 2.851500E+02  4.681404E-02  4.371365E-02  8.958804E-04                                 112
 2.861500E+02  4.685556E-02  4.371365E-02  8.772101E-04                                 112
 2.871500E+02  4.689624E-02  4.371365E-02  8.584365E-04                                 112
 2.881500E+02  4.693608E-02  4.371365E-02  8.396965E-04                                 112
 2.891500E+02  4.697507E-02  4.371365E-02  8.210689E-04                                 112
 2.901500E+02  4.701322E-02  4.371365E-02  8.026937E-04                                 112
 2.911500E+02  4.705054E-02  4.371365E-02  7.846690E-04                                 112
 2.921500E+02  4.708706E-02  4.371365E-02  7.670786E-04                                 112
 2.931500E+02  4.712278E-02  4.371365E-02  7.499924E-04                                 112
 2.941500E+02  4.715774E-02  4.371365E-02  7.334669E-04                                 112
 2.951500E+02  4.719196E-02  4.371365E-02  7.175467E-04                                 112
 2.961500E+02  4.722547E-02  4.371365E-02  7.022648E-04                                 112
 2.971500E+02  4.725829E-02  4.371365E-02  6.876446E-04                                 112
 2.981500E+02  4.729046E-02  4.371365E-02  6.737004E-04                                 112
 2.991500E+02  4.732201E-02  4.371365E-02  6.604388E-04                                 112
 3.001500E+02  4.735297E-02  4.371365E-02  6.478596E-04                                 112
 3.011500E+02  4.738336E-02  4.371365E-02  6.359572E-04                                 112
 3.021500E+02  4.741323E-02  4.371365E-02  6.247212E-04                                 112
 3.031500E+02  4.744260E-02  4.371365E-02  6.141372E-04                                 112
 3.041500E+02  4.747151E-02  4.371365E-02  6.041881E-04                                 112
 3.051500E+02  4.749997E-02  4.371365E-02  5.948543E-04                                 112
 3.061500E+02  4.752802E-02  4.371365E-02  5.861076E-04                                 112
 3.071500E+02  4.755568E-02  4.371365E-02  5.779399E-04                                 112
 3.081500E+02  4.758299E-02  4.371365E-02  5.703270E-04                                 112
 3.091500E+02  4.760996E-02  4.371365E-02  5.632308E-04                                 112
 3.101500E+02  4.763662E-02  4.371365E-02  5.566355E-04                                 112
 3.111500E+02  4.766299E-02  4.371365E-02  5.505173E-04                                 112
 3.121500E+02  4.768910E-02  4.371365E-02  5.448533E-04                                 112
 3.131500E+02  4.771496E-02  4.371365E-02  5.396207E-04                                 112
 3.141500E+02  4.774059E-02  4.371365E-02  5.347977E-04                                 112
 3.151500E+02  4.776602E-02  4.371365E-02  5.303631E-04                                 112
 3.161500E+02  4.779126E-02  4.371365E-02  5.262967E-04                                 112
 3.171500E+02  4.781632E-02  4.371365E-02  5.225789E-04                                 112
 3.181500E+02  4.784123E-02  4.371365E-02  5.191913E-04                                 112
 3.191500E+02  4.786600E-02  4.371365E-02  5.161161E-04                                 112
 3.201500E+02  4.789064E-02  4.371365E-02  5.133367E-04                                 112
 3.211500E+02  4.791517E-02  4.371365E-02  5.108371E-04                                 112
 3.221500E+02  4.793960E-02  4.371365E-02  5.086023E-04                                 112
 3.231500E+02  4.796393E-02  4.371365E-02  5.066181E-04                                 112
 3.241500E+02  4.798819E-02  4.371365E-02  5.048711E-04                                 112
 3.251500E+02  4.801239E-02  4.371365E-02  5.033487E-04                                 112
 3.261500E+02  4.803653E-02  4.371365E-02  5.020389E-04                                 112
 3.271500E+02  4.806062E-02  4.371365E-02  5.009304E-04                                 112
 3.281500E+02  4.808468E-02  4.371365E-02  5.000128E-04                                 112
 3.291500E+02  4.810871E-02  4.371365E-02  4.992759E-04                                 112
 3.301500E+02  4.813272E-02  4.371365E-02  4.987103E-04                                 112
 3.311500E+02  4.815672E-02  4.371365E-02  4.983071E-04                                 112
 3.321500E+02  4.818071E-02  4.371365E-02  4.980579E-04                                 112
 3.331500E+02  4.820471E-02  4.371365E-02  4.979548E-04                                 112
 3.341500E+02  4.822872E-02  4.371365E-02  4.979901E-04                                 112
 3.351500E+02  4.825274E-02  4.371365E-02  4.981568E-04                                 112
 3.361500E+02  4.827679E-02  4.371365E-02  4.984482E-04                                 112
 3.371500E+02  4.830087E-02  4.371365E-02  4.988577E-04                                 112
 3.381500E+02  4.832498E-02  4.371365E-02  4.993793E-04                                 112
 3.391500E+02  4.834914E-02  4.371365E-02  5.000071E-04                                 112
 3.401500E+02  4.837333E-02  4.371365E-02  5.007357E-04                                 112
 3.411500E+02  4.839758E-02  4.371365E-02  5.015597E-04                                 112
 3.421500E+02  4.842188E-02  4.371365E-02  5.024740E-04                                 112
 3.431500E+02  4.844624E-02  4.371365E-02  5.034738E-04                                 112
 3.441500E+02  4.847067E-02  4.371365E-02  5.045544E-04                                 112
 3.451500E+02  4.849515E-02  4.371365E-02  5.057113E-04                                 112
 3.461500E+02  4.851971E-02  4.371365E-02  5.069402E-04                                 112
 3.471500E+02  4.854435E-02  4.371365E-02  5.082369E-04                                 112
 3.481500E+02  4.856906E-02  4.371365E-02  5.095973E-04                                 112
 3.491500E+02  4.859385E-02  4.371365E-02  2.786866E+02                                 112
 3.501500E+02  2.713348E+01  4.371365E-02  5.008452E-01                                 111
 3.511500E+02  2.722794E+01  4.371365E-02  3.466165E-03                                 111
 3.521500E+02  2.732224E+01  4.371365E-02  3.448306E-03                                 111
 3.531500E+02  2.741637E+01  4.371365E-02  3.430672E-03                                 111
 3.541500E+02  2.751035E+01  4.371365E-02  3.413259E-03                                 111
 3.551500E+02  2.760417E+01  4.371365E-02  3.396063E-03                                 111
 3.561500E+02  2.769784E+01  4.371365E-02  3.379082E-03                                 111
 3.571500E+02  2.779136E+01  4.371365E-02  3.362310E-03                                 111
 3.581500E+02  2.788473E+01  4.371365E-02  3.345745E-03                                 111
 3.591500E+02  2.797795E+01  4.371365E-02  3.329382E-03                                 111
 3.601500E+02  2.807102E+01  4.371365E-02  3.313219E-03                                 111
 3.611500E+02  2.816396E+01  4.371365E-02  3.297253E-03                                 111
 3.621500E+02  2.825675E+01  4.371365E-02  3.281478E-03                                 111
 3.631500E+02  2.834941E+01  4.371365E-02  3.265894E-03                                 111
 3.641500E+02  2.844192E+01  4.371365E-02  3.250495E-03                                 111
 3.651500E+02  2.853431E+01  4.371365E-02  3.235280E-03                                 111
 3.661500E+02  2.862656E+01  4.371365E-02  3.220245E-03                                 111
 3.671500E+02  2.871868E+01  4.371365E-02  3.205386E-03                                 111
 3.681500E+02  2.881067E+01  4.371365E-02  3.190701E-03                                 111
 3.691500E+02  2.890253E+01  4.371365E-02  3.176188E-03                                 111
 3.701500E+02  2.899427E+01  4.371365E-02  3.161842E-03                                 111
 3.711500E+02  2.908588E+01  4.371365E-02  3.147662E-03                                 111
 3.721500E+02  2.917737E+01  4.371365E-02  3.133644E-03                                 111
 3.731500E+02  2.926874E+01  4.371365E-02  3.119785E-03                                 111
 3.741500E+02  2.936000E+01  4.371365E-02  3.106084E-03                                 111
 3.751500E+02  2.945113E+01  4.371365E-02  3.092538E-03                                 111
 3.761500E+02  2.954215E+01  4.371365E-02  3.079143E-03                                 111
 3.771500E+02  2.963306E+01  4.371365E-02  3.065897E-03                                 111
 3.781500E+02  2.972386E+01  4.371365E-02  3.052798E-03                                 111
 3.791500E+02  2.981454E+01  4.371365E-02  3.039844E-03                                 111
 3.801500E+02  2.990512E+01  4.371365E-02  3.027031E-03                                 111
 3.811500E+02  2.999559E+01  4.371365E-02  3.014358E-03                                 111
 3.821500E+02  3.008595E+01  4.371365E-02  3.001823E-03                                 111
 3.831500E+02  3.017622E+01  4.371365E-02  2.989422E-03                                 111
 3.841500E+02  3.026637E+01  4.371365E-02  2.977154E-03                                 111
 3.851500E+02  3.035643E+01  4.371365E-02  2.965017E-03                                 111
 3.861500E+02  3.044639E+01  4.371365E-02  2.953009E-03                                 111
 3.871500E+02  3.053625E+01  4.371365E-02  2.941127E-03                                 111
 3.881500E+02  3.062601E+01  4.371365E-02  2.929369E-03                                 111
 3.891500E+02  3.071568E+01  4.371365E-02  2.917734E-03                                 111
 3.901500E+02  3.080525E+01  4.371365E-02  2.906219E-03                                 111
 3.911500E+02  3.089473E+01  4.371365E-02  2.894823E-03                                 111
 3.921500E+02  3.098412E+01  4.371365E-02  2.883543E-03                                 111
 3.931500E+02  3.107342E+01  4.371365E-02  2.872378E-03                                 111
 3.941500E+02  3.116263E+01  4.371365E-02  2.861326E-03                                 111
 3.951500E+02  3.125175E+01  4.371365E-02  2.850384E-03                                 111
 3.961500E+02  3.134079E+01  4.371365E-02  2.839553E-03                                 111
 3.971500E+02  3.142974E+01  4.371365E-02  2.828828E-03                                 111
 3.981500E+02  3.151861E+01  4.371365E-02  2.818210E-03                                 111
 3.991500E+02  3.160739E+01  4.371365E-02  2.808985E-03                                 111
