#         T/K        V/dm^3  V(excl)/dm^3    alpha/K^-1        status
 2.731500E+02  3.805813E-02  3.697062E-02  2.446195E-04                                 112
 2.741500E+02  3.806744E-02  3.697062E-02  2.462278E-04                                 112
 2.751500E+02  3.807688E-02  3.697062E-02  2.494690E-04                                 112
 2.761500E+02  3.808644E-02  3.697062E-02  2.526572E-04                                 112
 2.771500E+02  3.809612E-02  3.697062E-02  2.558065E-04                                 112
 2.781500E+02  3.810593E-02  3.697062E-02  2.589119E-04                                 112
 2.791500E+02  3.811586E-02  3.697062E-02  2.619685E-04                                 112
 2.801500E+02  3.812590E-02  3.697062E-02  2.649716E-04                                 112
 2.811500E+02  3.813606E-02  3.697062E-02  2.679170E-04                                 112
 2.821500E+02  3.814633E-02  3.697062E-02  2.708005E-04                                 112
 2.831500E+02  3.815672E-02  3.697062E-02  2.736181E-04                                 112
 2.841500E+02  3.816722E-02  3.697062E-02  2.763666E-04                                 112
 2.851500E+02  3.817782E-02  3.697062E-02  2.790426E-04                                 112
 2.861500E+02  3.818852E-02  3.697062E-02  2.816434E-04                                 112
 2.871500E+02  3.819933E-02  3.697062E-02  2.841667E-04                                 112
 2.881500E+02  3.821023E-02  3.697062E-02  2.866104E-04                                 112
 2.891500E+02  3.822123E-02  3.697062E-02  2.889731E-04                                 112
 2.901500E+02  3.823232E-02  3.697062E-02  2.912534E-04                                 112
 2.911500E+02  3.824350E-02  3.697062E-02  2.934509E-04                                 112
 2.921500E+02  3.825477E-02  3.697062E-02  2.955652E-04                                 112
 2.931500E+02  3.826611E-02  3.697062E-02  2.975964E-04                                 112
 2.941500E+02  3.827754E-02  3.697062E-02  2.995452E-04                                 112
 2.951500E+02  3.828905E-02  3.697062E-02  3.014125E-04                                 112
 2.961500E+02  3.830062E-02  3.697062E-02  3.031999E-04                                 112
 2.971500E+02  3.831227E-02  3.697062E-02  3.049091E-04                                 112
 2.981500E+02  3.832399E-02  3.697062E-02  3.065422E-04                                 112
 2.991500E+02  3.833577E-02  3.697062E-02  3.081018E-04                                 112
 3.001500E+02  3.834761E-02  3.697062E-02  3.095909E-04                                 112
 3.011500E+02  3.835951E-02  3.697062E-02  3.110125E-04                                 112
 3.021500E+02  3.837147E-02  3.697062E-02  3.123701E-04                                 112
 3.031500E+02  3.838348E-02  3.697062E-02  3.136675E-04                                 112
 3.041500E+02  3.839555E-02  3.697062E-02  3.149086E-04                                 112
 3.051500E+02  3.840767E-02  3.697062E-02  3.160976E-04                                 112
 3.061500E+02  3.841983E-02  3.697062E-02  3.172388E-04                                 112
 3.071500E+02  3.843204E-02  3.697062E-02  3.183368E-04                                 112
 3.081500E+02  3.844430E-02  3.697062E-02  3.193961E-04                                 112
 3.091500E+02  3.845660E-02  3.697062E-02  3.204215E-04                                 112
 3.101500E+02  3.846894E-02  3.697062E-02  3.214179E-04                                 112
 3.111500E+02  3.848133E-02  3.697062E-02  3.223900E-04                                 112
 3.121500E+02  3.849376E-02  3.697062E-02  3.233428E-04                                 112
 3.131500E+02  3.850622E-02  3.697062E-02  3.242813E-04                                 112
 3.141500E+02  3.851873E-02  3.697062E-02  3.252103E-04                                 112
 3.151500E+02  3.853128E-02  3.697062E-02  3.261348E-04                                 112
 3.161500E+02  3.854386E-02  3.697062E-02  3.270596E-04                                 112
 3.171500E+02  3.855649E-02  3.697062E-02  3.279895E-04                                 112
 3.181500E+02  3.856916E-02  3.697062E-02  3.289294E-04                                 112
 3.191500E+02  3.858186E-02  3.697062E-02  3.298837E-04                                 112
 3.201500E+02  3.859461E-02  3.697062E-02  3.308572E-04                                 112
 3.211500E+02  3.860740E-02  3.697062E-02  3.318543E-04                                 112
 3.221500E+02  3.862023E-02  3.697062E-02  3.328794E-04                                 112
 3.231500E+02  3.863311E-02  3.697062E-02  3.339369E-04                                 112
 3.241500E+02  3.864604E-02  3.697062E-02  3.350308E-04                                 112
 3.251500E+02  3.865901E-02  3.697062E-02  3.361652E-04                                 112
 3.261500E+02  3.867203E-02  3.697062E-02  3.373441E-04                                 112
 3.271500E+02  3.868510E-02  3.697062E-02  3.385714E-04                                 112
 3.281500E+02  3.869822E-02  3.697062E-02  3.398507E-04                                 112
 3.291500E+02  3.871140E-02  3.697062E-02  3.411856E-04                                 112
 3.301500E+02  3.872464E-02  3.697062E-02  3.425797E-04                                 112
 3.311500E+02  3.873793E-02  3.697062E-02  3.440362E-04                                 112
 3.321500E+02  3.875129E-02  3.697062E-02  3.455585E-04                                 112
 3.331500E+02  3.876472E-02  3.697062E-02  3.471498E-04                                 112
 3.341500E+02  3.877821E-02  3.697062E-02  3.488130E-04                                 112
 3.351500E+02  3.879177E-02  3.697062E-02  3.505511E-04                                 112
 3.361500E+02  3.880540E-02  3.697062E-02  3.523671E-04                                 112
 3.371500E+02  3.881912E-02  3.697062E-02  3.542637E-04                                 112
 3.381500E+02  3.883291E-02  3.697062E-02  3.562436E-04                                 112
 3.391500E+02  3.884678E-02  3.697062E-02  3.583094E-04                                 112
 3.401500E+02  3.886075E-02  3.697062E-02  3.604636E-04                                 112
 3.411500E+02  3.887480E-02  3.697062E-02  3.627088E-04                                 112
 3.421500E+02  3.888895E-02  3.697062E-02  3.650474E-04                                 112
 3.431500E+02  3.890319E-02  3.697062E-02  3.674817E-04                                 112
 3.441500E+02  3.891754E-02  3.697062E-02  3.604605E+02                                 112
 3.451500E+02  2.809537E+01  3.697062E-02  5.008111E-01                                 111
 3.461500E+02  2.817987E+01  3.697062E-02  2.997723E-03                                 111
 3.471500E+02  2.826432E+01  3.697062E-02  2.987393E-03                                 111
 3.481500E+02  2.834874E+01  3.697062E-02  2.977156E-03                                 111
 3.491500E+02  2.843312E+01  3.697062E-02  2.967009E-03                                 111
 3.501500E+02  2.851746E+01  3.697062E-02  2.956951E-03                                 111
 3.511500E+02  2.860177E+01  3.697062E-02  2.946981E-03                                 111
 3.521500E+02  2.868604E+01  3.697062E-02  2.937098E-03                                 111
 3.531500E+02  2.877028E+01  3.697062E-02  2.927299E-03                                 111
 3.541500E+02  2.885448E+01  3.697062E-02  2.917584E-03                                 111
 3.551500E+02  2.893865E+01  3.697062E-02  2.907951E-03                                 111
 3.561500E+02  2.902278E+01  3.697062E-02  2.898399E-03                                 111
 3.571500E+02  2.910689E+01  3.697062E-02  2.888927E-03                                 111
 3.581500E+02  2.919096E+01  3.697062E-02  2.879533E-03                                 111
 3.591500E+02  2.927500E+01  3.697062E-02  2.870217E-03                                 111
 3.601500E+02  2.935901E+01  3.697062E-02  2.860976E-03                                 111
 3.611500E+02  2.944299E+01  3.697062E-02  2.851810E-03                                 111
 3.621500E+02  2.952694E+01  3.697062E-02  2.842718E-03                                 111
 3.631500E+02  2.961086E+01  3.697062E-02  2.833699E-03                                 111
 3.641500E+02  2.969476E+01  3.697062E-02  2.824751E-03                                 111
 3.651500E+02  2.977862E+01  3.697062E-02  2.815873E-03                                 111
 3.661500E+02  2.986246E+01  3.697062E-02  2.807065E-03                                 111
 3.671500E+02  2.994628E+01  3.697062E-02  2.798325E-03                                 111
 3.681500E+02  3.003006E+01  3.697062E-02  2.789652E-03                                 111
 3.691500E+02  3.011382E+01  3.697062E-02  2.781046E-03                                 111
 3.701500E+02  3.019756E+01  3.697062E-02  2.772506E-03                                 111
 3.711500E+02  3.028127E+01  3.697062E-02  2.764030E-03                                 111
 3.721500E+02  3.036495E+01  3.697062E-02  2.755617E-03                                 111
 3.731500E+02  3.044862E+01  3.697062E-02  2.747267E-03                                 111
 3.741500E+02  3.053226E+01  3.697062E-02  2.738979E-03                                 111
 3.751500E+02  3.061587E+01  3.697062E-02  2.730753E-03                                 111
 3.761500E+02  3.069946E+01  3.697062E-02  2.722586E-03                                 111
 3.771500E+02  3.078304E+01  3.697062E-02  2.714478E-03                                 111
 3.781500E+02  3.086658E+01  3.697062E-02  2.706429E-03                                 111
 3.791500E+02  3.095011E+01  3.697062E-02  2.698438E-03                                 111
 3.801500E+02  3.103362E+01  3.697062E-02  2.690504E-03                                 111
 3.811500E+02  3.111710E+01  3.697062E-02  2.682626E-03                                 111
 3.821500E+02  3.120057E+01  3.697062E-02  2.674803E-03                                 111
 3.831500E+02  3.128401E+01  3.697062E-02  2.667035E-03                                 111
 3.841500E+02  3.136744E+01  3.697062E-02  2.659321E-03                                 111
 3.851500E+02  3.145085E+01  3.697062E-02  2.651660E-03                                 111
 3.861500E+02  3.153423E+01  3.697062E-02  2.644052E-03                                 111
 3.871500E+02  3.161760E+01  3.697062E-02  2.636496E-03                                 111
 3.881500E+02  3.170095E+01  3.697062E-02  2.628992E-03                                 111
 3.891500E+02  3.178429E+01  3.697062E-02  2.621538E-03                                 111
 3.901500E+02  3.186760E+01  3.697062E-02  2.614133E-03                                 111
 3.911500E+02  3.195090E+01  3.697062E-02  2.606779E-03                                 111
 3.921500E+02  3.203418E+01  3.697062E-02  2.599473E-03                                 111
 3.931500E+02  3.211744E+01  3.697062E-02  2.592215E-03                                 111
 3.941500E+02  3.220069E+01  3.697062E-02  2.585005E-03                                 111
 3.951500E+02  3.228392E+01  3.697062E-02  2.577842E-03                                 111
 3.961500E+02  3.236714E+01  3.697062E-02  2.570725E-03                                 111
 3.971500E+02  3.245033E+01  3.697062E-02  2.563655E-03                                 111
 3.981500E+02  3.253352E+01  3.697062E-02  2.556629E-03                                 111
 3.991500E+02  3.261669E+01  3.697062E-02  2.549878E-03                                 111
