#         T/K          A/kJ          G/kJ
  2.731500000000E+02  -8.240813344237E+00  -8.236824573288E+00
  2.741500000000E+02  -8.379547633227E+00  -8.375555619495E+00
  2.751500000000E+02  -8.519003925680E+00  -8.515008708898E+00
  2.761500000000E+02  -8.659165183396E+00  -8.655166810240E+00
  2.771500000000E+02  -8.800013485103E+00  -8.796012008124E+00
  2.781500000000E+02  -8.941530205060E+00  -8.937525682119E+00
  2.791500000000E+02  -9.083696203977E+00  -9.079688696780E+00
  2.801500000000E+02  -9.226492003774E+00  -9.222481577713E+00
  2.811500000000E+02  -9.369897970845E+00  -9.365884693911E+00
  2.821500000000E+02  -9.513894481318E+00  -9.509878423280E+00
  2.831500000000E+02  -9.658462074228E+00  -9.654443305849E+00
  2.841500000000E+02  -9.803581588548E+00  -9.799560180860E+00
  2.851500000000E+02  -9.949234282462E+00  -9.945210306114E+00
  2.861500000000E+02  -1.009540193408E+01  -1.009137545875E+01
  2.871500000000E+02  -1.024206692356E+01  -1.023803801747E+01
  2.881500000000E+02  -1.038921229715E+01  -1.038518102663E+01
  2.891500000000E+02  -1.053682181439E+01  -1.053278824356E+01
  2.901500000000E+02  -1.068487997973E+01  -1.068084417022E+01
  2.911500000000E+02  -1.083337206059E+01  -1.082933407136E+01
  2.921500000000E+02  -1.098228409306E+01  -1.097824398023E+01
  2.931500000000E+02  -1.113160287794E+01  -1.112756069477E+01
  2.941500000000E+02  -1.128131596738E+01  -1.127727176426E+01
  2.951500000000E+02  -1.143141164897E+01  -1.142736547324E+01
  2.961500000000E+02  -1.158187891639E+01  -1.157783081259E+01
  2.971500000000E+02  -1.173270744470E+01  -1.172865745454E+01
  2.981500000000E+02  -1.188388755877E+01  -1.187983572125E+01
  2.991500000000E+02  -1.203541020084E+01  -1.203135655232E+01
  3.001500000000E+02  -1.218726689720E+01  -1.218321147152E+01
  3.011500000000E+02  -1.233944972497E+01  -1.233539255354E+01
  3.021500000000E+02  -1.249195127874E+01  -1.248789239072E+01
  3.031500000000E+02  -1.264476463857E+01  -1.264070406091E+01
  3.041500000000E+02  -1.279788333862E+01  -1.279382109624E+01
  3.051500000000E+02  -1.295130133719E+01  -1.294723745307E+01
  3.061500000000E+02  -1.310501298847E+01  -1.310094748378E+01
  3.071500000000E+02  -1.325901301506E+01  -1.325494590925E+01
  3.081500000000E+02  -1.341329648304E+01  -1.340922779396E+01
  3.091500000000E+02  -1.356785877788E+01  -1.356378852184E+01
  3.101500000000E+02  -1.372269558214E+01  -1.371862377408E+01
  3.111500000000E+02  -1.387780285472E+01  -1.387372950824E+01
  3.121500000000E+02  -1.403317681154E+01  -1.402910193897E+01
  3.131500000000E+02  -1.418881390742E+01  -1.418473751997E+01
  3.141500000000E+02  -1.434471081962E+01  -1.434063292737E+01
  3.151500000000E+02  -1.450086443230E+01  -1.449678504432E+01
  3.161500000000E+02  -1.465727182219E+01  -1.465319094659E+01
  3.171500000000E+02  -1.481393024600E+01  -1.480984788998E+01
  3.181500000000E+02  -1.497083712709E+01  -1.496675329699E+01
  3.191500000000E+02  -1.512799004535E+01  -1.512390474673E+01
  3.201500000000E+02  -1.528538672636E+01  -1.528129996401E+01
  3.211500000000E+02  -1.544302503185E+01  -1.543893680987E+01
  3.221500000000E+02  -1.560090295086E+01  -1.559681327265E+01
  3.231500000000E+02  -1.575901859202E+01  -1.575492746036E+01
  3.241500000000E+02  -1.591737017513E+01  -1.591327759218E+01
  3.251500000000E+02  -1.607595602512E+01  -1.607186199251E+01
  3.261500000000E+02  -1.623477456528E+01  -1.623067908405E+01
  3.271500000000E+02  -1.639382431134E+01  -1.638972738205E+01
  3.281500000000E+02  -1.655310386601E+01  -1.654900548870E+01
  3.291500000000E+02  -1.671261191420E+01  -1.670851208847E+01
  3.301500000000E+02  -1.687234721779E+01  -1.686824594277E+01
  3.311500000000E+02  -1.703230861185E+01  -1.702820588625E+01
  3.321500000000E+02  -1.719249500040E+01  -1.718839082251E+01
  3.331500000000E+02  -1.735290535263E+01  -1.734879972036E+01
  3.341500000000E+02  -1.751353869995E+01  -1.750943161081E+01
  3.351500000000E+02  -1.767439413187E+01  -1.767028558300E+01
  3.361500000000E+02  -1.783547079392E+01  -1.783136078213E+01
  3.371500000000E+02  -1.799676788408E+01  -1.799265640581E+01
  3.381500000000E+02  -1.815828465221E+01  -1.815417170360E+01
  3.391500000000E+02  -1.832002039471E+01  -1.831590597153E+01
  3.401500000000E+02  -1.848197445364E+01  -1.847785855138E+01
  3.411500000000E+02  -1.864414621565E+01  -1.864002882949E+01
  3.421500000000E+02  -1.880653510890E+01  -1.880241623370E+01
  3.431500000000E+02  -1.896914060150E+01  -1.896502023185E+01
  3.441500000000E+02  -1.913196219992E+01  -1.912784033010E+01
  3.451500000000E+02  -1.929499944738E+01  -1.929087607142E+01
  3.461500000000E+02  -1.945825192238E+01  -1.945412703401E+01
  3.471500000000E+02  -1.962171923733E+01  -1.961759283002E+01
  3.481500000000E+02  -1.978540103725E+01  -1.978127310419E+01
  3.491500000000E+02  -1.994929699860E+01  -1.994516753274E+01
  3.501500000000E+02  -2.011340682806E+01  -2.010927582207E+01
  3.511500000000E+02  -2.027773026150E+01  -2.027359770780E+01
  3.521500000000E+02  -2.044226706289E+01  -2.043813295364E+01
  3.531500000000E+02  -2.060701702385E+01  -2.060288135097E+01
  3.541500000000E+02  -2.077197996164E+01  -2.076784271679E+01
  3.551500000000E+02  -2.093715571943E+01  -2.093301689403E+01
  3.561500000000E+02  -2.110254416505E+01  -2.109840375026E+01
  3.571500000000E+02  -2.126814519003E+01  -2.126400317678E+01
  3.581500000000E+02  -2.143395870919E+01  -2.142981508816E+01
  3.591500000000E+02  -2.159998465982E+01  -2.159583942146E+01
  3.601500000000E+02  -2.464789792681E+01  -2.180502674424E+01
  3.611500000000E+02  -2.489775366278E+01  -2.204547506167E+01
  3.621500000000E+02  -2.514774907682E+01  -2.228607696309E+01
  3.631500000000E+02  -2.539788372614E+01  -2.252683181359E+01
  3.641500000000E+02  -2.564815717420E+01  -2.276773898690E+01
  3.651500000000E+02  -2.589856899050E+01  -2.300879786514E+01
  3.661500000000E+02  -2.614911875046E+01  -2.325000783872E+01
  3.671500000000E+02  -2.639980603526E+01  -2.349136830614E+01
  3.681500000000E+02  -2.665063043169E+01  -2.373287867386E+01
  3.691500000000E+02  -2.690159153298E+01  -2.397453835705E+01
  3.701500000000E+02  -2.715268893470E+01  -2.421634677571E+01
  3.711500000000E+02  -2.740392224064E+01  -2.445830336017E+01
  3.721500000000E+02  -2.765529105860E+01  -2.470040754716E+01
  3.731500000000E+02  -2.790679500133E+01  -2.494265878060E+01
  3.741500000000E+02  -2.815843368636E+01  -2.518505651150E+01
  3.751500000000E+02  -2.841020673592E+01  -2.542760019777E+01
  3.761500000000E+02  -2.866211377680E+01  -2.567028930413E+01
  3.771500000000E+02  -2.891415444023E+01  -2.591312330197E+01
  3.781500000000E+02  -2.916632836179E+01  -2.615610166921E+01
  3.791500000000E+02  -2.941863518128E+01  -2.639922389019E+01
  3.801500000000E+02  -2.967107454264E+01  -2.664248945554E+01
  3.811500000000E+02  -2.992364609385E+01  -2.688589786206E+01
  3.821500000000E+02  -3.017634948679E+01  -2.712944861261E+01
  3.831500000000E+02  -3.042918437720E+01  -2.737314121597E+01
  3.841500000000E+02  -3.068215042457E+01  -2.761697518679E+01
  3.851500000000E+02  -3.093524729202E+01  -2.786095004539E+01
  3.861500000000E+02  -3.118847464625E+01  -2.810506531775E+01
  3.871500000000E+02  -3.144183215746E+01  -2.834932053532E+01
  3.881500000000E+02  -3.169531949924E+01  -2.859371523496E+01
  3.891500000000E+02  -3.194893634849E+01  -2.883824895885E+01
  3.901500000000E+02  -3.220268238540E+01  -2.908292125436E+01
  3.911500000000E+02  -3.245655729329E+01  -2.932773167398E+01
  3.921500000000E+02  -3.271056075862E+01  -2.957267977520E+01
  3.931500000000E+02  -3.296469247084E+01  -2.981776512044E+01
  3.941500000000E+02  -3.321895212241E+01  -3.006298727695E+01
  3.951500000000E+02  -3.347333940865E+01  -3.030834581673E+01
  3.961500000000E+02  -3.372785402774E+01  -3.055384031643E+01
  3.971500000000E+02  -3.398249568063E+01  -3.079947035727E+01
  3.981500000000E+02  -3.423726407096E+01  -3.104523552497E+01
  3.991500000000E+02  -3.449215890487E+01  -3.129113540946E+01
