#         T/K     Cv/J*K^-1     Cp/J*K^-1
 2.731500E+02  4.760522E+01  4.760654E+01
 2.741500E+02  4.766224E+01  4.766356E+01
 2.751500E+02  4.771887E+01  4.772020E+01
 2.761500E+02  4.777513E+01  4.777648E+01
 2.771500E+02  4.783104E+01  4.783240E+01
 2.781500E+02  4.788661E+01  4.788799E+01
 2.791500E+02  4.794187E+01  4.794326E+01
 2.801500E+02  4.799684E+01  4.799823E+01
 2.811500E+02  4.805152E+01  4.805292E+01
 2.821500E+02  4.810594E+01  4.810735E+01
 2.831500E+02  4.816012E+01  4.816154E+01
 2.841500E+02  4.821407E+01  4.821549E+01
 2.851500E+02  4.826780E+01  4.826924E+01
 2.861500E+02  4.832135E+01  4.832279E+01
 2.871500E+02  4.837471E+01  4.837616E+01
 2.881500E+02  4.842791E+01  4.842936E+01
 2.891500E+02  4.848097E+01  4.848242E+01
 2.901500E+02  4.853389E+01  4.853534E+01
 2.911500E+02  4.858669E+01  4.858815E+01
 2.921500E+02  4.863938E+01  4.864084E+01
 2.931500E+02  4.869197E+01  4.869344E+01
 2.941500E+02  4.874449E+01  4.874595E+01
 2.951500E+02  4.879693E+01  4.879839E+01
 2.961500E+02  4.884931E+01  4.885077E+01
 2.971500E+02  4.890163E+01  4.890310E+01
 2.981500E+02  4.895391E+01  4.895538E+01
 2.991500E+02  4.900616E+01  4.900762E+01
 3.001500E+02  4.905837E+01  4.905984E+01
 3.011500E+02  4.911056E+01  4.911203E+01
 3.021500E+02  4.916274E+01  4.916420E+01
 3.031500E+02  4.921491E+01  4.921637E+01
 3.041500E+02  4.926706E+01  4.926852E+01
 3.051500E+02  4.931922E+01  4.932068E+01
 3.061500E+02  4.937137E+01  4.937283E+01
 3.071500E+02  4.942353E+01  4.942499E+01
 3.081500E+02  4.947569E+01  4.947715E+01
 3.091500E+02  4.952786E+01  4.952931E+01
 3.101500E+02  4.958004E+01  4.958149E+01
 3.111500E+02  4.963222E+01  4.963367E+01
 3.121500E+02  4.968441E+01  4.968586E+01
 3.131500E+02  4.973661E+01  4.973805E+01
 3.141500E+02  4.978881E+01  4.979025E+01
 3.151500E+02  4.984101E+01  4.984245E+01
 3.161500E+02  4.989322E+01  4.989465E+01
 3.171500E+02  4.994542E+01  4.994686E+01
 3.181500E+02  4.999762E+01  4.999906E+01
 3.191500E+02  5.004981E+01  5.005125E+01
 3.201500E+02  5.010200E+01  5.010343E+01
 3.211500E+02  5.015417E+01  5.015560E+01
 3.221500E+02  5.020632E+01  5.020775E+01
 3.231500E+02  5.025845E+01  5.025988E+01
 3.241500E+02  5.031055E+01  5.031198E+01
 3.251500E+02  5.036261E+01  5.036405E+01
 3.261500E+02  5.041464E+01  5.041608E+01
 3.271500E+02  5.046663E+01  5.046806E+01
 3.281500E+02  5.051857E+01  5.052001E+01
 3.291500E+02  5.057046E+01  5.057189E+01
 3.301500E+02  5.062228E+01  5.062372E+01
 3.311500E+02  5.067405E+01  5.067548E+01
 3.321500E+02  5.072573E+01  5.072718E+01
 3.331500E+02  5.077735E+01  5.077879E+01
 3.341500E+02  5.082887E+01  5.083032E+01
 3.351500E+02  5.088031E+01  5.088176E+01
 3.361500E+02  5.093165E+01  5.093310E+01
 3.371500E+02  5.098289E+01  5.098434E+01
 3.381500E+02  5.103401E+01  5.103547E+01
 3.391500E+02  5.108502E+01  5.108649E+01
 3.401500E+02  5.113590E+01  5.113738E+01
 3.411500E+02  5.118666E+01  5.118813E+01
 3.421500E+02  5.123727E+01  5.123876E+01
 3.431500E+02  5.128775E+01  5.128923E+01
 3.441500E+02  5.133807E+01  5.133956E+01
 3.451500E+02  5.138823E+01  5.138973E+01
 3.461500E+02  5.143823E+01  5.143974E+01
 3.471500E+02  5.148805E+01  5.148957E+01
 3.481500E+02  5.153770E+01  5.153922E+01
 3.491500E+02  5.158716E+01  5.158869E+01
 3.501500E+02  5.163643E+01  5.163797E+01
 3.511500E+02  5.168549E+01  5.168705E+01
 3.521500E+02  5.173435E+01  5.173591E+01
 3.531500E+02  5.178300E+01  5.178457E+01
 3.541500E+02  5.183142E+01  5.183301E+01
 3.551500E+02  5.187962E+01  5.188122E+01
 3.561500E+02  5.192758E+01  5.192919E+01
 3.571500E+02  5.197530E+01  5.197692E+01
 3.581500E+02  5.202278E+01  5.202441E+01
 3.591500E+02  5.206999E+01  5.207164E+01
 3.601500E+02  5.211695E+01  5.211861E+01
 3.611500E+02  5.216363E+01  1.523942E+03
 3.621500E+02  4.010015E+01  1.516287E+03
 3.631500E+02  4.014528E+01  4.896034E+01
 3.641500E+02  4.019047E+01  4.899863E+01
 3.651500E+02  4.023573E+01  4.903710E+01
 3.661500E+02  4.028105E+01  4.907574E+01
 3.671500E+02  4.032642E+01  4.911455E+01
 3.681500E+02  4.037186E+01  4.915352E+01
 3.691500E+02  4.041735E+01  4.919264E+01
 3.701500E+02  4.046289E+01  4.923193E+01
 3.711500E+02  4.050848E+01  4.927136E+01
 3.721500E+02  4.055413E+01  4.931094E+01
 3.731500E+02  4.059982E+01  4.935066E+01
 3.741500E+02  4.064555E+01  4.939052E+01
 3.751500E+02  4.069133E+01  4.943051E+01
 3.761500E+02  4.073715E+01  4.947064E+01
 3.771500E+02  4.078301E+01  4.951090E+01
 3.781500E+02  4.082890E+01  4.955129E+01
 3.791500E+02  4.087483E+01  4.959180E+01
 3.801500E+02  4.092080E+01  4.963242E+01
 3.811500E+02  4.096680E+01  4.967317E+01
 3.821500E+02  4.101283E+01  4.971402E+01
 3.831500E+02  4.105889E+01  4.975499E+01
 3.841500E+02  4.110497E+01  4.979606E+01
 3.851500E+02  4.115109E+01  4.983724E+01
 3.861500E+02  4.119722E+01  4.987851E+01
 3.871500E+02  4.124338E+01  4.991989E+01
 3.881500E+02  4.128956E+01  4.996136E+01
 3.891500E+02  4.133576E+01  5.000292E+01
 3.901500E+02  4.138198E+01  5.004458E+01
 3.911500E+02  4.142821E+01  5.008632E+01
 3.921500E+02  4.147446E+01  5.012814E+01
 3.931500E+02  4.152073E+01  5.017005E+01
 3.941500E+02  4.156701E+01  5.021203E+01
 3.951500E+02  4.161329E+01  5.025410E+01
 3.961500E+02  4.165959E+01  5.029623E+01
 3.971500E+02  4.170590E+01  5.033844E+01
 3.981500E+02  4.175221E+01  5.038072E+01
 3.991500E+02  4.179853E+01  5.042503E+01
