#         T/K            c1          c2-1          c3-4          c3-5          c3-7          c3-9            m1          m2-1          m3-1            w1            w2          w3-1          w3-2          c1m1        c1m2-1        c1m2-7        c2m1-1        c1w1-2        c1w2-1        c2w1-1        c2w1-9        m1w1-1        m1w1-4        m1w2-1        m2w1-1        m2w1-3      c1m1w1-1
 2.731500E+02  1.383045E-02  6.619348E-06  1.118381E-09  1.467902E-09  1.633158E-09  1.947338E-09  2.088047E-02  3.834535E-05  1.013405E-06  6.962407E-03  1.739490E-05  5.893699E-07  8.269489E-09  3.159655E-04  1.470605E-07  4.825522E-07  3.251621E-08  2.428581E-03  4.446483E-07  2.378212E-08  2.088322E-08  2.053842E-05  2.795833E-05  5.825944E-07  6.326305E-07  8.012350E-07  2.453891E-07
 2.741500E+02  1.380935E-02  6.506667E-06  1.069555E-09  1.404292E-09  1.562503E-09  1.863678E-09  2.079330E-02  3.726674E-05  9.313239E-07  6.967677E-03  1.708156E-05  5.506338E-07  8.026221E-09  3.073337E-04  1.368718E-07  4.505746E-07  3.075805E-08  2.381115E-03  4.198877E-07  2.275846E-08  1.996710E-08  2.007426E-05  2.732474E-05  5.416056E-07  5.848603E-07  7.410284E-07  2.299198E-07
 2.751500E+02  1.378782E-02  6.396383E-06  1.023136E-09  1.343797E-09  1.495303E-09  1.784084E-09  2.070687E-02  3.622631E-05  8.564366E-07  6.972350E-03  1.677382E-05  5.145944E-07  7.790351E-09  2.989925E-04  1.274557E-07  4.209264E-07  2.910600E-08  2.334706E-03  3.966131E-07  2.178375E-08  1.909557E-08  1.962259E-05  2.670830E-05  5.037040E-07  5.409780E-07  6.857002E-07  2.155116E-07
 2.761500E+02  1.376587E-02  6.288442E-06  9.789939E-10  1.286249E-09  1.431373E-09  1.708337E-09  2.062119E-02  3.522250E-05  7.880684E-07  6.976443E-03  1.647161E-05  4.810554E-07  7.561675E-09  2.909306E-04  1.187487E-07  3.934240E-07  2.755306E-08  2.289334E-03  3.747301E-07  2.085545E-08  1.826628E-08  1.918307E-05  2.610852E-05  4.686434E-07  5.006462E-07  6.348288E-07  2.020866E-07
 2.771500E+02  1.374352E-02  6.182790E-06  9.370060E-10  1.231491E-09  1.370536E-09  1.636234E-09  2.053625E-02  3.425378E-05  7.256114E-07  6.979970E-03  1.617490E-05  4.498352E-07  7.339994E-09  2.831373E-04  1.106934E-07  3.678991E-07  2.609274E-08  2.244974E-03  3.541505E-07  1.997118E-08  1.747703E-08  1.875534E-05  2.552489E-05  4.361983E-07  4.635584E-07  5.880311E-07  1.895727E-07
 2.781500E+02  1.372078E-02  6.079373E-06  8.970569E-10  1.179374E-09  1.312630E-09  1.567582E-09  2.045204E-02  3.331874E-05  6.685181E-07  6.982946E-03  1.588361E-05  4.207658E-07  7.125111E-09  2.756021E-04  1.032369E-07  3.441977E-07  2.471898E-08  2.201606E-03  3.347920E-07  1.912869E-08  1.672572E-08  1.833905E-05  2.495696E-05  4.061617E-07  4.294361E-07  5.449587E-07  1.779036E-07
 2.791500E+02  1.369768E-02  5.978141E-06  8.590378E-10  1.129759E-09  1.257498E-09  1.502199E-09  2.036855E-02  3.241600E-05  6.162947E-07  6.985385E-03  1.559769E-05  3.936918E-07  6.916833E-09  2.683154E-04  9.633126E-08  3.221785E-07  2.342618E-08  2.159207E-03  3.165775E-07  1.832584E-08  1.601039E-08  1.793387E-05  2.440426E-05  3.783442E-07  3.980261E-07  5.052950E-07  1.670179E-07
 2.801500E+02  1.367422E-02  5.879043E-06  8.228461E-10  1.082512E-09  1.204995E-09  1.439915E-09  2.028579E-02  3.154424E-05  5.684958E-07  6.987302E-03  1.531708E-05  3.684696E-07  6.714971E-09  2.612675E-04  8.993242E-08  3.017121E-07  2.220910E-08  2.117756E-03  2.994354E-07  1.756061E-08  1.532918E-08  1.753948E-05  2.386634E-05  3.525718E-07  3.690982E-07  4.687516E-07  1.568593E-07
 2.811500E+02  1.365042E-02  5.782030E-06  7.883852E-10  1.037510E-09  1.154983E-09  1.380566E-09  2.020374E-02  3.070223E-05  5.247193E-07  6.988710E-03  1.504170E-05  3.449661E-07  6.519338E-09  2.544495E-04  8.400017E-08  2.826796E-07  2.106290E-08  2.077231E-03  2.832985E-07  1.683110E-08  1.468031E-08  1.715557E-05  2.334277E-05  3.286849E-07  3.424427E-07  4.350661E-07  1.473753E-07
 2.821500E+02  1.362629E-02  5.687054E-06  7.555640E-10  9.946345E-10  1.107331E-09  1.324001E-09  2.012241E-02  2.988878E-05  4.846019E-07  6.989624E-03  1.477150E-05  3.230585E-07  6.329753E-09  2.478526E-04  7.849770E-08  2.649720E-07  1.998304E-08  2.037613E-03  2.681041E-07  1.613549E-08  1.406213E-08  1.678182E-05  2.283313E-05  3.065371E-07  3.178688E-07  4.039996E-07  1.385180E-07
 2.831500E+02  1.360184E-02  5.594069E-06  7.242964E-10  9.537756E-10  1.061916E-09  1.270076E-09  2.004177E-02  2.910273E-05  4.478153E-07  6.990056E-03  1.450640E-05  3.026327E-07  6.146037E-09  2.414687E-04  7.339130E-08  2.484891E-07  1.896531E-08  1.998880E-03  2.537936E-07  1.547209E-08  1.347306E-08  1.641795E-05  2.233701E-05  2.859937E-07  2.952027E-07  3.753342E-07  1.302426E-07
 2.841500E+02  1.357710E-02  5.503027E-06  6.945015E-10  9.148285E-10  1.018624E-09  1.218656E-09  1.996183E-02  2.834301E-05  4.140625E-07  6.990019E-03  1.424633E-05  2.835834E-07  5.968016E-09  2.352896E-04  6.865010E-08  2.331389E-07  1.800580E-08  1.961013E-03  2.403123E-07  1.483926E-08  1.291161E-08  1.606367E-05  2.185402E-05  2.669314E-07  2.742859E-07  3.488713E-07  1.225080E-07
 2.851500E+02  1.355206E-02  5.413886E-06  6.661028E-10  8.776945E-10  9.773435E-10  1.169610E-09  1.988258E-02  2.760858E-05  3.830749E-07  6.989528E-03  1.399123E-05  2.658129E-07  5.795520E-09  2.293078E-04  6.424582E-08  2.188369E-07  1.710084E-08  1.923992E-03  2.276089E-07  1.423548E-08  1.237638E-08  1.571870E-05  2.138377E-05  2.492365E-07  2.549740E-07  3.244297E-07  1.152763E-07
 2.861500E+02  1.352675E-02  5.326600E-06  6.390280E-10  8.422804E-10  9.379724E-10  1.122819E-09  1.980401E-02  2.689844E-05  3.546088E-07  6.988595E-03  1.374102E-05  2.492309E-07  5.628382E-09  2.235160E-04  6.015250E-08  2.055051E-07  1.624703E-08  1.887797E-03  2.156355E-07  1.365930E-08  1.186604E-08  1.538276E-05  2.092588E-05  2.328047E-07  2.371350E-07  3.018440E-07  1.085120E-07
 2.871500E+02  1.350118E-02  5.241127E-06  6.132091E-10  8.084982E-10  9.004130E-10  1.078168E-09  1.972612E-02  2.621164E-05  3.284437E-07  6.987231E-03  1.349562E-05  2.337535E-07  5.466440E-09  2.179071E-04  5.634635E-08  1.930720E-07  1.544120E-08  1.852411E-03  2.043474E-07  1.310934E-08  1.137933E-08  1.505560E-05  2.048001E-05  2.175401E-07  2.206487E-07  2.809634E-07  1.021827E-07
 2.881500E+02  1.347536E-02  5.157425E-06  5.885816E-10  7.762649E-10  8.645731E-10  1.035549E-09  1.964889E-02  2.554729E-05  3.043797E-07  6.985450E-03  1.325497E-05  2.193032E-07  5.309535E-09  2.124745E-04  5.280551E-08  1.814717E-07  1.468038E-08  1.817813E-03  1.937028E-07  1.258431E-08  1.091505E-08  1.473696E-05  2.004578E-05  2.033543E-07  2.054052E-07  2.616497E-07  9.625820E-08
 2.891500E+02  1.344929E-02  5.075454E-06  5.650849E-10  7.455018E-10  8.303656E-10  9.948593E-10  1.957233E-02  2.490451E-05  2.822351E-07  6.983263E-03  1.301899E-05  2.058082E-07  5.157513E-09  2.072117E-04  4.950992E-08  1.706434E-07  1.396180E-08  1.783987E-03  1.836623E-07  1.208298E-08  1.047208E-08  1.442660E-05  1.962288E-05  1.901662E-07  1.913040E-07  2.437769E-07  9.071053E-08
 2.901500E+02  1.342299E-02  4.995174E-06  5.426614E-10  7.161348E-10  7.977083E-10  9.560023E-10  1.949642E-02  2.428247E-05  2.618453E-07  6.980682E-03  1.278760E-05  1.932016E-07  5.010223E-09  2.021125E-04  4.644114E-08  1.605311E-07  1.328288E-08  1.750914E-03  1.741893E-07  1.160417E-08  1.004936E-08  1.412427E-05  1.921096E-05  1.779010E-07  1.782534E-07  2.272298E-07  8.551383E-08
 2.911500E+02  1.339648E-02  4.916546E-06  5.212569E-10  6.880938E-10  7.665234E-10  9.188865E-10  1.942115E-02  2.368037E-05  2.430605E-07  6.977719E-03  1.256074E-05  1.814219E-07  4.867519E-09  1.971710E-04  4.358223E-08  1.510834E-07  1.264122E-08  1.718577E-03  1.652496E-07  1.114678E-08  9.645873E-09  1.382974E-05  1.880971E-05  1.664898E-07  1.661694E-07  2.119027E-07  8.064411E-08
 2.921500E+02  1.336976E-02  4.839532E-06  5.008201E-10  6.613124E-10  7.367373E-10  8.834257E-10  1.934652E-02  2.309747E-05  2.257447E-07  6.974385E-03  1.233832E-05  1.704115E-07  4.729258E-09  1.923815E-04  4.091758E-08  1.422525E-07  1.203456E-08  1.686958E-03  1.568109E-07  1.070978E-08  9.260663E-09  1.354278E-05  1.841882E-05  1.558692E-07  1.549752E-07  1.976992E-07  7.607914E-08
 2.931500E+02  1.334284E-02  4.764095E-06  4.813026E-10  6.357279E-10  7.082806E-10  8.495378E-10  1.927253E-02  2.253304E-05  2.097742E-07  6.970690E-03  1.212027E-05  1.601175E-07  4.595301E-09  1.877385E-04  3.843286E-08  1.339945E-07  1.146080E-08  1.656041E-03  1.488432E-07  1.029215E-08  8.892827E-09  1.326319E-05  1.803798E-05  1.459807E-07  1.446005E-07  1.845308E-07  7.179830E-08
 2.941500E+02  1.331573E-02  4.690198E-06  4.626586E-10  6.112809E-10  6.810873E-10  8.171455E-10  1.919916E-02  2.198638E-05  1.950362E-07  6.966647E-03  1.190651E-05  1.504905E-07  4.465514E-09  1.832369E-04  3.611487E-08  1.262690E-07  1.091797E-08  1.625809E-03  1.413182E-07  9.892968E-09  8.541508E-09  1.299074E-05  1.766691E-05  1.367705E-07  1.349808E-07  1.723164E-07  6.778247E-08
 2.951500E+02  1.328845E-02  4.617806E-06  4.448446E-10  5.879154E-10  6.550952E-10  7.861754E-10  1.912641E-02  2.145682E-05  1.814284E-07  6.962265E-03  1.169698E-05  1.414847E-07  4.339763E-09  1.788715E-04  3.395142E-08  1.190384E-07  1.040423E-08  1.596247E-03  1.342097E-07  9.511337E-09  8.205895E-09  1.272523E-05  1.730532E-05  1.281889E-07  1.260572E-07  1.609819E-07  6.401389E-08
 2.961500E+02  1.326100E-02  4.546885E-06  4.278196E-10  5.655782E-10  6.302454E-10  7.565583E-10  1.905427E-02  2.094373E-05  1.688571E-07  6.957554E-03  1.149159E-05  1.330578E-07  4.217924E-09  1.746376E-04  3.193132E-08  1.122682E-07  9.917858E-09  1.567339E-03  1.274928E-07  9.146411E-09  7.885217E-09  1.246646E-05  1.695294E-05  1.201901E-07  1.177754E-07  1.504590E-07  6.047609E-08
 2.971500E+02  1.323339E-02  4.477402E-06  4.115448E-10  5.442191E-10  6.064821E-10  7.282284E-10  1.898273E-02  2.044650E-05  1.572373E-07  6.952525E-03  1.129028E-05  1.251701E-07  4.099870E-09  1.705305E-04  3.004422E-08  1.059262E-07  9.457251E-09  1.539069E-03  1.211444E-07  8.797388E-09  7.578748E-09  1.221423E-05  1.660951E-05  1.127317E-07  1.100860E-07  1.406852E-07  5.715376E-08
 2.981500E+02  1.320562E-02  4.409322E-06  3.959835E-10  5.237904E-10  5.837525E-10  7.011235E-10  1.891179E-02  1.996454E-05  1.464912E-07  6.947188E-03  1.109296E-05  1.177853E-07  3.985482E-09  1.665457E-04  2.828060E-08  9.998301E-08  9.020897E-09  1.511422E-03  1.151427E-07  8.463508E-09  7.285796E-09  1.196837E-05  1.627476E-05  1.057747E-07  1.029432E-07  1.316033E-07  5.403268E-08
 2.991500E+02  1.317772E-02  4.342614E-06  3.811009E-10  5.042470E-10  5.620066E-10  6.751846E-10  1.884143E-02  1.949730E-05  1.365480E-07  6.941552E-03  1.089957E-05  1.108692E-07  3.874643E-09  1.626791E-04  2.663165E-08  9.441108E-08  8.607385E-09  1.484384E-03  1.094675E-07  8.144049E-09  7.005706E-09  1.172869E-05  1.594844E-05  9.928303E-08  9.630539E-08  1.231605E-07  5.109964E-08
 3.001500E+02  1.314968E-02  4.277247E-06  3.668641E-10  4.855462E-10  5.411969E-10  6.503558E-10  1.877166E-02  1.904424E-05  1.273428E-07  6.935627E-03  1.071003E-05  1.043903E-07  3.767240E-09  1.589264E-04  2.508925E-08  8.918509E-08  8.215394E-09  1.457939E-03  1.040995E-07  7.838326E-09  6.737860E-09  1.149501E-05  1.563033E-05  9.322343E-08  9.013408E-08  1.153083E-07  4.834235E-08
 3.011500E+02  1.312152E-02  4.213189E-06  3.532418E-10  4.676475E-10  5.212786E-10  6.265842E-10  1.870246E-02  1.860485E-05  1.188166E-07  6.929421E-03  1.052427E-05  9.831925E-08  3.663162E-09  1.552838E-04  2.364589E-08  8.428154E-08  7.843684E-09  1.432075E-03  9.902082E-08  7.545689E-09  6.481667E-09  1.126716E-05  1.532017E-05  8.756507E-08  8.439398E-08  1.080024E-07  4.574938E-08
 3.021500E+02  1.309325E-02  4.150412E-06  3.402045E-10  4.505127E-10  5.022091E-10  6.038197E-10  1.863383E-02  1.817863E-05  1.109151E-07  6.922945E-03  1.034222E-05  9.262872E-08  3.562303E-09  1.517475E-04  2.229465E-08  7.967867E-08  7.491094E-09  1.406777E-03  9.421474E-08  7.265523E-09  6.236571E-09  1.104498E-05  1.501775E-05  8.227952E-08  7.905266E-08  1.012017E-07  4.331012E-08
 3.031500E+02  1.306486E-02  4.088885E-06  3.277242E-10  4.341053E-10  4.839481E-10  5.820145E-10  1.856576E-02  1.776511E-05  1.035889E-07  6.916206E-03  1.016381E-05  8.729339E-08  3.464559E-09  1.483137E-04  2.102910E-08  7.535628E-08  7.156535E-09  1.382032E-03  8.966544E-08  6.997242E-09  6.002043E-09  1.082830E-05  1.472284E-05  7.734044E-08  7.408028E-08  9.486862E-08  4.101466E-08
 3.041500E+02  1.303637E-02  4.028581E-06  3.157744E-10  4.183909E-10  4.664572E-10  5.611236E-10  1.849825E-02  1.736385E-05  9.679281E-08  6.909213E-03  9.988971E-06  8.228966E-08  3.369831E-09  1.449791E-04  1.984332E-08  7.129566E-08  6.838986E-09  1.357826E-03  8.535814E-08  6.740289E-09  5.777580E-09  1.061698E-05  1.443523E-05  7.272350E-08  6.944937E-08  8.896848E-08  3.885379E-08
 3.051500E+02  1.300779E-02  3.969471E-06  3.043299E-10  4.033368E-10  4.497003E-10  5.411041E-10  1.843128E-02  1.697439E-05  9.048525E-08  6.901974E-03  9.817628E-06  7.759560E-08  3.278020E-09  1.417402E-04  1.873182E-08  6.747945E-08  6.537487E-09  1.334147E-03  8.127893E-08  6.494137E-09  5.562706E-09  1.041085E-05  1.415471E-05  6.840616E-08  6.513465E-08  8.346938E-08  3.681895E-08
 3.061500E+02  1.297911E-02  3.911529E-06  2.933668E-10  3.889120E-10  4.336430E-10  5.219155E-10  1.836485E-02  1.659634E-05  8.462826E-08  6.894498E-03  9.649716E-06  7.319081E-08  3.189033E-09  1.385937E-04  1.768951E-08  6.389151E-08  6.251140E-09  1.310983E-03  7.741477E-08  6.258285E-09  5.356970E-09  1.020977E-05  1.388109E-05  6.436757E-08  6.111286E-08  7.834191E-08  3.490213E-08
 3.071500E+02  1.295036E-02  3.854727E-06  2.828625E-10  3.750871E-10  4.182525E-10  5.035191E-10  1.829896E-02  1.622928E-05  7.918701E-08  6.886793E-03  9.485168E-06  6.905629E-08  3.102779E-09  1.355367E-04  1.671170E-08  6.051687E-08  5.979100E-09  1.288321E-03  7.375340E-08  6.032256E-09  5.159942E-09  1.001360E-05  1.361417E-05  6.058841E-08  5.736254E-08  7.355897E-08  3.309590E-08
 3.081500E+02  1.292153E-02  3.799041E-06  2.727955E-10  3.618343E-10  4.034979E-10  4.858782E-10  1.823359E-02  1.587283E-05  7.412956E-08  6.878866E-03  9.323917E-06  6.517437E-08  3.019168E-09  1.325661E-04  1.579403E-08  5.734163E-08  5.720574E-09  1.266148E-03  7.028333E-08  5.815599E-09  4.971215E-09  9.822210E-06  1.335375E-05  5.705079E-08  5.386392E-08  6.909557E-08  3.139330E-08
 3.091500E+02  1.289264E-02  3.744444E-06  2.631455E-10  3.491269E-10  3.893497E-10  4.689583E-10  1.816875E-02  1.552664E-05  6.942659E-08  6.870725E-03  9.165896E-06  6.152859E-08  2.938116E-09  1.296790E-04  1.493244E-08  5.435286E-08  5.474815E-09  1.244455E-03  6.699374E-08  5.607883E-09  4.790403E-09  9.635456E-06  1.309967E-05  5.373813E-08  5.059877E-08  6.492867E-08  2.978788E-08
 3.101500E+02  1.286368E-02  3.690912E-06  2.538931E-10  3.369399E-10  3.757802E-10  4.527262E-10  1.810442E-02  1.519033E-05  6.505120E-08  6.862377E-03  9.011042E-06  5.810363E-08  2.859540E-09  1.268726E-04  1.412319E-08  5.153853E-08  5.241124E-09  1.223228E-03  6.387446E-08  5.408700E-09  4.617138E-09  9.453211E-06  1.285173E-05  5.063507E-08  4.755026E-08  6.103698E-08  2.827358E-08
 3.111500E+02  1.283467E-02  3.638422E-06  2.450200E-10  3.252493E-10  3.627627E-10  4.371507E-10  1.804059E-02  1.486358E-05  6.097866E-08  6.853829E-03  8.859290E-06  5.488520E-08  2.783358E-09  1.241442E-04  1.336281E-08  4.888748E-08  5.018842E-09  1.202457E-03  6.091596E-08  5.217661E-09  4.451072E-09  9.275352E-06  1.260977E-05  4.772734E-08  4.470287E-08  5.740087E-08  2.684478E-08
 3.121500E+02  1.280561E-02  3.586948E-06  2.365088E-10  3.140326E-10  3.502720E-10  4.222018E-10  1.797727E-02  1.454605E-05  5.718626E-08  6.845089E-03  8.710578E-06  5.186001E-08  2.709495E-09  1.214914E-04  1.264805E-08  4.638928E-08  4.807350E-09  1.182131E-03  5.810923E-08  5.034397E-09  4.291873E-09  9.101755E-06  1.237362E-05  4.500172E-08  4.204228E-08  5.400220E-08  2.549621E-08
 3.131500E+02  1.277650E-02  3.536470E-06  2.283429E-10  3.032681E-10  3.382843E-10  4.078514E-10  1.791445E-02  1.423744E-05  5.365311E-08  6.836162E-03  8.564843E-06  4.901565E-08  2.637874E-09  1.189116E-04  1.197594E-08  4.403426E-08  4.606065E-09  1.162240E-03  5.544586E-08  4.858558E-09  4.139226E-09  8.932303E-06  1.214312E-05  4.244595E-08  3.955522E-08  5.082420E-08  2.422296E-08
 3.141500E+02  1.274736E-02  3.486964E-06  2.205065E-10  2.929354E-10  3.267768E-10  3.940724E-10  1.785211E-02  1.393744E-05  5.035999E-08  6.827057E-03  8.422025E-06  4.634058E-08  2.568423E-09  1.164025E-04  1.134367E-08  4.181339E-08  4.414438E-09  1.142773E-03  5.291788E-08  4.689808E-09  3.992833E-09  8.766881E-06  1.191812E-05  4.004864E-08  3.722947E-08  4.785137E-08  2.302043E-08
 3.151500E+02  1.271818E-02  3.438408E-06  2.129849E-10  2.830150E-10  3.157279E-10  3.808394E-10  1.779026E-02  1.364576E-05  4.728921E-08  6.817778E-03  8.282063E-06  4.382402E-08  2.501071E-09  1.139617E-04  1.074867E-08  3.971828E-08  4.231955E-09  1.123720E-03  5.051783E-08  4.527831E-09  3.852409E-09  8.605379E-06  1.169846E-05  3.779920E-08  3.505372E-08  4.506939E-08  2.188435E-08
 3.161500E+02  1.268897E-02  3.390782E-06  2.057636E-10  2.734885E-10  3.051170E-10  3.681280E-10  1.772888E-02  1.336213E-05  4.442448E-08  6.808333E-03  8.144898E-06  4.145592E-08  2.435750E-09  1.115870E-04  1.018852E-08  3.774108E-08  4.058128E-09  1.105071E-03  4.823868E-08  4.372324E-09  3.717684E-09  8.447689E-06  1.148399E-05  3.568783E-08  3.301749E-08  4.246500E-08  2.081071E-08
 3.171500E+02  1.265973E-02  3.344064E-06  1.988294E-10  2.643382E-10  2.949246E-10  3.559150E-10  1.766798E-02  1.308628E-05  4.175080E-08  6.798728E-03  8.010474E-06  3.922690E-08  2.372395E-09  1.092764E-04  9.660989E-09  3.587450E-08  3.892501E-09  1.086816E-03  4.607382E-08  4.223000E-09  3.588400E-09  8.293706E-06  1.127457E-05  3.370538E-08  3.111110E-08  4.002592E-08  1.979575E-08
 3.181500E+02  1.263048E-02  3.298234E-06  1.921693E-10  2.555475E-10  2.851322E-10  3.441785E-10  1.760754E-02  1.281794E-05  3.925433E-08  6.788967E-03  7.878731E-06  3.712821E-08  2.310942E-09  1.070277E-04  9.163992E-09  3.411171E-08  3.734641E-09  1.068947E-03  4.401700E-08  4.079585E-09  3.464314E-09  8.143330E-06  1.107007E-05  3.184337E-08  2.932560E-08  3.774078E-08  1.883598E-08
 3.191500E+02  1.260122E-02  3.253273E-06  1.857711E-10  2.471004E-10  2.757221E-10  3.328975E-10  1.754756E-02  1.255688E-05  3.692232E-08  6.779059E-03  7.749616E-06  3.515169E-08  2.251329E-09  1.048390E-04  8.695591E-09  3.244637E-08  3.584144E-09  1.051454E-03  4.206236E-08  3.941819E-09  3.345192E-09  7.996461E-06  1.087035E-05  3.009393E-08  2.765268E-08  3.559907E-08  1.792811E-08
 3.201500E+02  1.257194E-02  3.209160E-06  1.796233E-10  2.389817E-10  2.666774E-10  3.220521E-10  1.748804E-02  1.230285E-05  3.474300E-08  6.769007E-03  7.623071E-06  3.328972E-08  2.193497E-09  1.027085E-04  8.253980E-09  3.087254E-08  3.440624E-09  1.034327E-03  4.020439E-08  3.809453E-09  3.230813E-09  7.853005E-06  1.067528E-05  2.844969E-08  2.608466E-08  3.359103E-08  1.706907E-08
 3.211500E+02  1.254266E-02  3.165878E-06  1.737148E-10  2.311772E-10  2.579821E-10  3.116233E-10  1.742896E-02  1.205563E-05  3.270551E-08  6.758817E-03  7.499045E-06  3.153517E-08  2.137388E-09  1.006342E-04  7.837476E-09  2.938467E-08  3.303722E-09  1.017560E-03  3.843787E-08  3.682252E-09  3.120968E-09  7.712870E-06  1.048473E-05  2.690385E-08  2.461440E-08  3.170761E-08  1.625599E-08
 3.221500E+02  1.251337E-02  3.123408E-06  1.680351E-10  2.236731E-10  2.496211E-10  3.015930E-10  1.737033E-02  1.181499E-05  3.079980E-08  6.748495E-03  7.377483E-06  2.988140E-08  2.082946E-09  9.861433E-05  7.444513E-09  2.797760E-08  3.173097E-09  1.001142E-03  3.675789E-08  3.559990E-09  3.015455E-09  7.575966E-06  1.029858E-05  2.545004E-08  2.323530E-08  2.994043E-08  1.548619E-08
 3.231500E+02  1.248409E-02  3.081732E-06  1.625742E-10  2.164563E-10  2.415798E-10  2.919441E-10  1.731214E-02  1.158073E-05  2.901663E-08  6.738046E-03  7.258333E-06  2.832219E-08  2.030118E-09  9.664729E-05  7.073628E-09  2.664647E-08  3.048426E-09  9.850653E-04  3.515984E-08  3.442453E-09  2.914084E-09  7.442205E-06  1.011671E-05  2.408235E-08  2.194124E-08  2.828171E-08  1.475713E-08
 3.241500E+02  1.245481E-02  3.040832E-06  1.573226E-10  2.095144E-10  2.338444E-10  2.826602E-10  1.725438E-02  1.135263E-05  2.734741E-08  6.727475E-03  7.141545E-06  2.685173E-08  1.978852E-09  9.473140E-05  6.723459E-09  2.538678E-08  2.929407E-09  9.693225E-04  3.363937E-08  3.329437E-09  2.816674E-09  7.311504E-06  9.939006E-06  2.279527E-08  2.072652E-08  2.672422E-08  1.406645E-08
 3.251500E+02  1.242554E-02  3.000692E-06  1.522713E-10  2.028356E-10  2.264018E-10  2.737256E-10  1.719704E-02  1.113051E-05  2.578422E-08  6.716786E-03  7.027069E-06  2.546461E-08  1.929096E-09  9.286507E-05  6.392733E-09  2.419428E-08  2.815753E-09  9.539054E-04  3.219235E-08  3.220748E-09  2.723051E-09  7.183780E-06  9.765358E-06  2.158367E-08  1.958586E-08  2.526126E-08  1.341195E-08
 3.261500E+02  1.239629E-02  2.961294E-06  1.474116E-10  1.964087E-10  2.192395E-10  2.651255E-10  1.714013E-02  1.091417E-05  2.431974E-08  6.705986E-03  6.914855E-06  2.415573E-08  1.880803E-09  9.104677E-05  6.080263E-09  2.306502E-08  2.707193E-09  9.388062E-04  3.081491E-08  3.116200E-09  2.633051E-09  7.058955E-06  9.595657E-06  2.044275E-08  1.851437E-08  2.388660E-08  1.279154E-08
 3.271500E+02  1.236705E-02  2.922622E-06  1.427352E-10  1.902228E-10  2.123454E-10  2.568458E-10  1.708364E-02  1.070343E-05  2.294717E-08  6.695077E-03  6.804855E-06  2.292036E-08  1.833926E-09  8.927503E-05  5.784940E-09  2.199529E-08  2.603471E-09  9.240175E-04  2.950341E-08  3.015617E-09  2.546517E-09  6.936950E-06  9.429796E-06  1.936807E-08  1.750750E-08  2.259445E-08  1.220328E-08
 3.281500E+02  1.233783E-02  2.884661E-06  1.382345E-10  1.842677E-10  2.057083E-10  2.488728E-10  1.702756E-02  1.049811E-05  2.166025E-08  6.684065E-03  6.697022E-06  2.175405E-08  1.788419E-09  8.754841E-05  5.505730E-09  2.098164E-08  2.504347E-09  9.095321E-04  2.825439E-08  2.918830E-09  2.463300E-09  6.817692E-06  9.267674E-06  1.835546E-08  1.656101E-08  2.137943E-08  1.164534E-08
 3.291500E+02  1.230864E-02  2.847395E-06  1.339018E-10  1.785338E-10  1.993172E-10  2.411938E-10  1.697188E-02  1.029805E-05  2.045314E-08  6.672954E-03  6.591310E-06  2.065265E-08  1.744237E-09  8.586556E-05  5.241664E-09  2.002080E-08  2.409592E-09  8.953426E-04  2.706459E-08  2.825678E-09  2.383258E-09  6.701107E-06  9.109192E-06  1.740104E-08  1.567097E-08  2.023653E-08  1.111601E-08
 3.301500E+02  1.227947E-02  2.810809E-06  1.297302E-10  1.730116E-10  1.931619E-10  2.337964E-10  1.691661E-02  1.010309E-05  1.932046E-08  6.661748E-03  6.487673E-06  1.961227E-08  1.701340E-09  8.422514E-05  4.991838E-09  1.910974E-08  2.318990E-09  8.814423E-04  2.593095E-08  2.736008E-09  2.306253E-09  6.587126E-06  8.954253E-06  1.650120E-08  1.483372E-08  1.916111E-08  1.061367E-08
 3.311500E+02  1.225033E-02  2.774888E-06  1.257128E-10  1.676923E-10  1.872325E-10  2.266689E-10  1.686174E-02  9.913055E-06  1.825721E-08  6.650452E-03  6.386067E-06  1.862927E-08  1.659685E-09  8.262587E-05  4.755406E-09  1.824560E-08  2.232336E-09  8.678244E-04  2.485056E-08  2.649675E-09  2.232159E-09  6.475679E-06  8.802764E-06  1.565255E-08  1.404585E-08  1.814883E-08  1.013681E-08
 3.321500E+02  1.222122E-02  2.739618E-06  1.218431E-10  1.625675E-10  1.815196E-10  2.198002E-10  1.680726E-02  9.727806E-06  1.725874E-08  6.639069E-03  6.286449E-06  1.770024E-08  1.619233E-09  8.106652E-05  4.531577E-09  1.742571E-08  2.149439E-09  8.544822E-04  2.382068E-08  2.566538E-09  2.160850E-09  6.366701E-06  8.654635E-06  1.485194E-08  1.330421E-08  1.719566E-08  9.684015E-09
 3.331500E+02  1.219215E-02  2.704984E-06  1.181150E-10  1.576291E-10  1.760142E-10  2.131796E-10  1.675316E-02  9.547193E-06  1.632075E-08  6.627604E-03  6.188776E-06  1.682198E-08  1.579946E-09  7.954590E-05  4.319610E-09  1.664756E-08  2.070114E-09  8.414093E-04  2.283873E-08  2.486464E-09  2.092209E-09  6.260127E-06  8.509777E-06  1.409643E-08  1.260583E-08  1.629784E-08  9.253948E-09
 3.341500E+02  1.216311E-02  2.670973E-06  1.145227E-10  1.528694E-10  1.707077E-10  2.067968E-10  1.669945E-02  9.371077E-06  1.543925E-08  6.616060E-03  6.093006E-06  1.599150E-08  1.541787E-09  7.806284E-05  4.118812E-09  1.590880E-08  1.994190E-09  8.285994E-04  2.190226E-08  2.409328E-09  2.026125E-09  6.155894E-06  8.368106E-06  1.338325E-08  1.194798E-08  1.545187E-08  8.845356E-09
 3.351500E+02  1.213412E-02  2.637572E-06  1.110604E-10  1.482811E-10  1.655920E-10  2.006422E-10  1.664612E-02  9.199321E-06  1.461052E-08  6.604440E-03  5.999099E-06  1.520599E-08  1.504719E-09  7.661625E-05  3.928533E-09  1.520723E-08  1.921502E-09  8.160465E-04  2.100897E-08  2.335006E-09  1.962489E-09  6.053942E-06  8.229538E-06  1.270984E-08  1.132810E-08  1.465450E-08  8.457057E-09
 3.361500E+02  1.210516E-02  2.604767E-06  1.077229E-10  1.438570E-10  1.606593E-10  1.947065E-10  1.659317E-02  9.031792E-06  1.383112E-08  6.592749E-03  5.907014E-06  1.446284E-08  1.468709E-09  7.520504E-05  3.748166E-09  1.454076E-08  1.851896E-09  8.037444E-04  2.015666E-08  2.263385E-09  1.901201E-09  5.954212E-06  8.093993E-06  1.207379E-08  1.074380E-08  1.390268E-08  8.087944E-09
 3.371500E+02  1.207626E-02  2.572546E-06  1.045050E-10  1.395907E-10  1.559021E-10  1.889809E-10  1.654059E-02  8.868366E-06  1.309784E-08  6.580990E-03  5.816712E-06  1.375956E-08  1.433722E-09  7.382818E-05  3.577141E-09  1.390744E-08  1.785224E-09  7.916876E-04  1.934327E-08  2.194352E-09  1.842163E-09  5.856646E-06  7.961392E-06  1.147286E-08  1.019285E-08  1.319358E-08  7.736973E-09
 3.381500E+02  1.204739E-02  2.540896E-06  1.014019E-10  1.354755E-10  1.513134E-10  1.834568E-10  1.648837E-02  8.708919E-06  1.240770E-08  6.569166E-03  5.728156E-06  1.309386E-08  1.399727E-09  7.248467E-05  3.414924E-09  1.330546E-08  1.721348E-09  7.798702E-04  1.856685E-08  2.127804E-09  1.785281E-09  5.761189E-06  7.831661E-06  1.090493E-08  9.673182E-09  1.252455E-08  7.403161E-09
 3.391500E+02  1.201858E-02  2.509804E-06  9.840893E-11  1.315055E-10  1.468863E-10  1.781262E-10  1.643651E-02  8.553333E-06  1.175794E-08  6.557280E-03  5.641307E-06  1.246355E-08  1.366692E-09  7.117352E-05  3.261013E-09  1.273309E-08  1.660135E-09  7.682867E-04  1.782556E-08  2.063638E-09  1.730467E-09  5.667787E-06  7.704726E-06  1.036804E-08  9.182863E-09  1.189312E-08  7.085585E-09
 3.401500E+02  1.198982E-02  2.479260E-06  9.552159E-11  1.276749E-10  1.426143E-10  1.729813E-10  1.638501E-02  8.401495E-06  1.114596E-08  6.545336E-03  5.556129E-06  1.186661E-08  1.334587E-09  6.989382E-05  3.114939E-09  1.218872E-08  1.601460E-09  7.569317E-04  1.711765E-08  2.001758E-09  1.677637E-09  5.576387E-06  7.580514E-06  9.860355E-09  8.720085E-09  1.129700E-08  6.783374E-09
 3.411500E+02  1.196111E-02  2.449252E-06  9.273566E-11  1.239779E-10  1.384913E-10  1.680149E-10  1.633387E-02  8.253294E-06  1.056937E-08  6.533337E-03  5.472586E-06  1.130113E-08  1.303382E-09  6.864464E-05  2.976260E-09  1.167082E-08  1.545206E-09  7.458000E-04  1.644146E-08  1.942074E-09  1.626708E-09  5.486939E-06  7.458957E-06  9.380137E-09  8.283161E-09  1.073402E-08  6.495709E-09
 3.421500E+02  1.193246E-02  2.419768E-06  9.004707E-11  1.204094E-10  1.345114E-10  1.632197E-10  1.628307E-02  8.108624E-06  1.002593E-08  6.521286E-03  5.390642E-06  1.076531E-08  1.273051E-09  6.742511E-05  2.844563E-09  1.117796E-08  1.491258E-09  7.348865E-04  1.579544E-08  1.884495E-09  1.577605E-09  5.399392E-06  7.339987E-06  8.925775E-09  7.870515E-09  1.020218E-08  6.221817E-09
 3.431500E+02  1.190387E-02  2.390797E-06  8.745196E-11  1.169642E-10  1.306688E-10  1.585891E-10  1.623262E-02  7.967383E-06  9.513552E-09  6.509185E-03  5.310265E-06  1.025746E-08  1.243564E-09  6.623439E-05  2.719459E-09  1.070881E-08  1.439512E-09  7.241862E-04  1.517809E-08  1.828940E-09  1.530252E-09  5.313700E-06  7.223538E-06  8.495756E-09  7.480677E-09  9.699592E-09  5.960972E-09
 3.441500E+02  1.187533E-02  2.362328E-06  8.494660E-11  1.136375E-10  1.269581E-10  1.541167E-10  1.618251E-02  7.829471E-06  9.030302E-09  6.497038E-03  5.231419E-06  9.776013E-09  1.214897E-09  6.507166E-05  2.600582E-09  1.026209E-08  1.389865E-09  7.136941E-04  1.458802E-08  1.775326E-09  1.484580E-09  5.229815E-06  7.109547E-06  8.088660E-09  7.112270E-09  9.224506E-09  5.712486E-09
 3.451500E+02  1.184686E-02  2.334351E-06  8.252746E-11  1.104245E-10  1.233742E-10  1.497961E-10  1.613274E-02  7.694792E-06  8.574366E-09  6.484847E-03  5.154072E-06  9.319474E-09  1.187023E-09  6.393613E-05  2.487590E-09  9.836610E-09  1.342222E-09  7.034056E-04  1.402390E-08  1.723578E-09  1.440522E-09  5.147691E-06  6.997953E-06  7.703158E-09  6.764008E-09  8.775275E-09  5.475714E-09
 3.461500E+02  1.181844E-02  2.306856E-06  8.019115E-11  1.073209E-10  1.199122E-10  1.456217E-10  1.608331E-02  7.563254E-06  8.144053E-09  6.472614E-03  5.078192E-06  8.886447E-09  1.159918E-09  6.282702E-05  2.380160E-09  9.431250E-09  1.296490E-09  6.933160E-04  1.348447E-08  1.673621E-09  1.398012E-09  5.067286E-06  6.888694E-06  7.338004E-09  6.434689E-09  8.350364E-09  5.250045E-09
 3.471500E+02  1.179009E-02  2.279832E-06  7.793443E-11  1.043225E-10  1.165672E-10  1.415876E-10  1.603420E-02  7.434767E-06  7.737788E-09  6.460344E-03  5.003747E-06  8.475621E-09  1.133558E-09  6.174359E-05  2.277989E-09  9.044950E-09  1.252584E-09  6.834208E-04  1.296854E-08  1.625386E-09  1.356989E-09  4.988555E-06  6.781713E-06  6.992028E-09  6.123187E-09  7.948332E-09  5.034905E-09
 3.481500E+02  1.176181E-02  2.253270E-06  7.575419E-11  1.014250E-10  1.133348E-10  1.376885E-10  1.598542E-02  7.309245E-06  7.354099E-09  6.448037E-03  4.930708E-06  8.085761E-09  1.107920E-09  6.068514E-05  2.180792E-09  8.676714E-09  1.210422E-09  6.737155E-04  1.247498E-08  1.578805E-09  1.317394E-09  4.911458E-06  6.676953E-06  6.664133E-09  5.828450E-09  7.567835E-09  4.829750E-09
 3.491500E+02  1.173359E-02  2.227160E-06  7.364748E-11  9.862467E-11  1.102106E-10  1.339192E-10  1.593697E-02  7.186604E-06  6.991612E-09  6.435696E-03  4.859042E-06  7.715705E-09  1.082982E-09  5.965095E-05  2.088300E-09  8.325601E-09  1.169924E-09  6.641960E-04  1.200272E-08  1.533814E-09  1.279171E-09  4.835954E-06  6.574359E-06  6.353290E-09  5.549490E-09  7.207609E-09  4.634067E-09
 3.501500E+02  1.170545E-02  2.201493E-06  7.161145E-11  9.591775E-11  1.071904E-10  1.302747E-10  1.588883E-02  7.066763E-06  6.649043E-09  6.423324E-03  4.788723E-06  7.364363E-09  1.058723E-09  5.864037E-05  2.000261E-09  7.990724E-09  1.131017E-09  6.548580E-04  1.155075E-08  1.490351E-09  1.242265E-09  4.762003E-06  6.473877E-06  6.058532E-09  5.285385E-09  6.866475E-09  4.447374E-09
 3.511500E+02  1.167737E-02  2.176259E-06  6.964338E-11  9.330066E-11  1.042704E-10  1.267504E-10  1.584101E-02  6.949644E-06  6.325192E-09  6.410923E-03  4.719719E-06  7.030706E-09  1.035121E-09  5.765274E-05  1.916437E-09  7.671248E-09  1.093630E-09  6.456974E-04  1.111810E-08  1.448357E-09  1.206627E-09  4.689567E-06  6.375456E-06  5.778951E-09  5.035270E-09  6.543325E-09  4.269213E-09
 3.521500E+02  1.164936E-02  2.151451E-06  6.774068E-11  9.076998E-11  1.014467E-10  1.233416E-10  1.579351E-02  6.835170E-06  6.018940E-09  6.398495E-03  4.652004E-06  6.713768E-09  1.012156E-09  5.668743E-05  1.836604E-09  7.366383E-09  1.057696E-09  6.367102E-04  1.070385E-08  1.407776E-09  1.172205E-09  4.618610E-06  6.279044E-06  5.513697E-09  4.798334E-09  6.237121E-09  4.099152E-09
 3.531500E+02  1.162142E-02  2.127058E-06  6.590086E-11  8.832245E-11  9.871560E-11  1.200441E-10  1.574631E-02  6.723270E-06  5.729237E-09  6.386043E-03  4.585550E-06  6.412638E-09  9.898091E-10  5.574383E-05  1.760552E-09  7.075385E-09  1.023151E-09  6.278926E-04  1.030715E-08  1.368554E-09  1.138953E-09  4.549095E-06  6.184592E-06  5.261966E-09  4.573818E-09  5.946891E-09  3.936783E-09
 3.541500E+02  1.159356E-02  2.103073E-06  6.412154E-11  8.595492E-11  9.607367E-11  1.168536E-10  1.569942E-02  6.613872E-06  5.455103E-09  6.373568E-03  4.520330E-06  6.126460E-09  9.680615E-10  5.482134E-05  1.688082E-09  6.797550E-09  9.899336E-10  6.192408E-04  9.927174E-09  1.330639E-09  1.106826E-09  4.480986E-06  6.092054E-06  5.023008E-09  4.361008E-09  5.671722E-09  3.781722E-09
 3.551500E+02  1.156577E-02  2.079487E-06  6.240043E-11  8.366439E-11  9.351756E-11  1.137662E-10  1.565283E-02  6.506907E-06  5.195619E-09  6.361072E-03  4.456318E-06  5.854426E-09  9.468949E-10  5.391941E-05  1.619005E-09  6.532214E-09  9.579867E-10  6.107510E-04  9.563136E-09  1.293981E-09  1.075781E-09  4.414251E-06  6.001381E-06  4.796115E-09  4.159237E-09  5.410758E-09  3.633603E-09
 3.561500E+02  1.153806E-02  2.056292E-06  6.073534E-11  8.144799E-11  9.104407E-11  1.107780E-10  1.560654E-02  6.402309E-06  4.949926E-09  6.348558E-03  4.393489E-06  5.595776E-09  9.262917E-10  5.303747E-05  1.553147E-09  6.278751E-09  9.272550E-10  6.024198E-04  9.214299E-09  1.258534E-09  1.045775E-09  4.348855E-06  5.912530E-06  4.580621E-09  3.967877E-09  5.163196E-09  3.492082E-09
 3.571500E+02  1.151042E-02  2.033480E-06  5.912419E-11  7.930295E-11  8.865012E-11  1.078853E-10  1.556054E-02  6.300014E-06  4.717220E-09  6.336026E-03  4.331816E-06  5.349794E-09  9.062349E-10  5.217498E-05  1.490340E-09  6.036566E-09  8.976861E-10  5.942435E-04  8.879959E-09  1.224250E-09  1.016770E-09  4.284767E-06  5.825455E-06  4.375901E-09  3.786340E-09  4.928281E-09  3.356834E-09
 3.581500E+02  1.148286E-02  2.011043E-06  5.756496E-11  7.722664E-11  8.633277E-11  1.050847E-10  1.551484E-02  6.199960E-06  4.496748E-09  6.323480E-03  4.271276E-06  5.115803E-09  8.867081E-10  5.133143E-05  1.430427E-09  5.805100E-09  8.692301E-10  5.862187E-04  8.559449E-09  1.191088E-09  9.887270E-10  4.221954E-06  5.740115E-06  4.181367E-09  3.614074E-09  4.705305E-09  3.227549E-09
 3.591500E+02  1.145538E-02  1.988975E-06  5.605573E-11  7.521652E-11  8.408920E-11  1.023728E-10  1.546943E-02  6.102085E-06  4.287802E-09  6.310921E-03  4.211844E-06  4.893168E-09  8.676954E-10  5.050630E-05  1.373260E-09  5.583823E-09  8.418394E-10  5.783422E-04  8.252134E-09  1.159004E-09  9.616104E-10  4.160387E-06  5.656468E-06  3.996464E-09  3.450560E-09  4.493602E-09  3.103936E-09
 3.601500E+02  1.142797E-02  1.967267E-06  5.459465E-11  7.327017E-11  8.191672E-11  9.974634E-11  1.542430E-02  6.006333E-06  4.089722E-09  6.298350E-03  4.153498E-06  4.681287E-09  8.491813E-10  4.969913E-05  1.318698E-09  5.372234E-09  8.154688E-10  5.706106E-04  7.957413E-09  1.127960E-09  9.353849E-10  4.100036E-06  5.574472E-06  3.820671E-09  3.295309E-09  4.292548E-09  2.985718E-09
 3.611500E+02  1.140065E-02  1.945912E-06  5.317996E-11  7.138524E-11  7.981271E-11  9.720219E-11  1.537946E-02  5.912646E-06  3.901885E-09  6.285770E-03  4.096214E-06  4.479596E-09  8.311510E-10  4.890941E-05  1.266611E-09  5.169859E-09  7.900752E-10  5.630208E-04  7.674712E-09  1.097915E-09  9.100172E-10  4.040871E-06  5.494090E-06  3.653497E-09  3.147865E-09  4.101554E-09  2.872635E-09
 3.621500E+02  1.137341E-02  1.924903E-06  5.180996E-11  6.955952E-11  7.777470E-11  9.473740E-11  1.533490E-02  5.820969E-06  3.723710E-09  6.273181E-03  4.039970E-06  4.287560E-09  8.135902E-10  4.813671E-05  1.216872E-09  4.976250E-09  7.656174E-10  5.555696E-04  7.403488E-09  1.068835E-09  8.854753E-10  3.982865E-06  5.415283E-06  3.494480E-09  3.007796E-09  3.920068E-09  2.764438E-09
 3.631500E+02  1.134625E-02  1.904233E-06  5.048302E-11  6.779085E-11  7.580030E-11  9.234912E-11  1.529062E-02  5.731250E-06  3.554650E-09  6.260586E-03  3.984744E-06  4.104674E-09  7.964848E-10  4.738057E-05  1.169364E-09  4.790981E-09  7.420562E-10  5.482540E-04  7.143223E-09  1.040683E-09  8.617286E-10  3.925991E-06  5.338013E-06  3.343184E-09  2.874698E-09  3.747571E-09  2.660892E-09
 3.641500E+02  1.131917E-02  1.883896E-06  4.919759E-11  6.607718E-11  7.388721E-11  9.003459E-11  1.524661E-02  5.643437E-06  3.394193E-09  6.247986E-03  3.930514E-06  3.930463E-09  7.798213E-10  4.664057E-05  1.123976E-09  4.613651E-09  7.193542E-10  5.410712E-04  6.893425E-09  1.013425E-09  8.387475E-10  3.870221E-06  5.262244E-06  3.199199E-09  2.748189E-09  3.583573E-09  2.561776E-09
 3.651500E+02  1.129217E-02  1.863885E-06  4.795216E-11  6.441653E-11  7.203325E-11  8.779120E-11  1.520288E-02  5.557480E-06  3.241857E-09  6.235382E-03  3.877260E-06  3.764479E-09  7.635869E-10  4.591628E-05  1.080603E-09  4.443879E-09  6.974759E-10  5.340182E-04  6.653626E-09  9.870294E-10  8.165039E-10  3.815530E-06  5.187942E-06  3.062138E-09  2.627912E-09  3.427614E-09  2.466879E-09
 3.661500E+02  1.126526E-02  1.844194E-06  4.674530E-11  6.280702E-11  7.023629E-11  8.561641E-11  1.515941E-02  5.473332E-06  3.097189E-09  6.222776E-03  3.824962E-06  3.606297E-09  7.477688E-10  4.520729E-05  1.039143E-09  4.281305E-09  6.763871E-10  5.270921E-04  6.423381E-09  9.614644E-10  7.949707E-10  3.761893E-06  5.115071E-06  2.931636E-09  2.513530E-09  3.279261E-09  2.376001E-09
 3.671500E+02  1.123843E-02  1.824815E-06  4.557563E-11  6.124681E-11  6.849432E-11  8.350779E-11  1.511622E-02  5.390944E-06  2.959766E-09  6.210169E-03  3.773599E-06  3.455516E-09  7.323548E-10  4.451322E-05  9.995046E-10  4.125587E-09  6.560555E-10  5.202903E-04  6.202267E-09  9.367000E-10  7.741220E-10  3.709285E-06  5.043599E-06  2.807349E-09  2.404725E-09  3.138108E-09  2.288951E-09
 3.681500E+02  1.121168E-02  1.805744E-06  4.444183E-11  5.973417E-11  6.680539E-11  8.146303E-11  1.507328E-02  5.310272E-06  2.829187E-09  6.197563E-03  3.723152E-06  3.311759E-09  7.173331E-10  4.383368E-05  9.615971E-10  3.976400E-09  6.364501E-10  5.136101E-04  5.989881E-09  9.127077E-10  7.539329E-10  3.657682E-06  4.973492E-06  2.688953E-09  2.301198E-09  3.003768E-09  2.205552E-09
 3.691500E+02  1.118502E-02  1.786974E-06  4.334263E-11  5.826742E-11  6.516763E-11  7.947988E-11  1.503061E-02  5.231272E-06  2.705077E-09  6.184958E-03  3.673602E-06  3.174668E-09  7.026923E-10  4.316831E-05  9.253366E-10  3.833439E-09  6.175413E-10  5.070489E-04  5.785839E-09  8.894598E-10  7.343794E-10  3.607061E-06  4.904720E-06  2.576141E-09  2.202667E-09  2.875881E-09  2.125632E-09
 3.701500E+02  1.115845E-02  1.768499E-06  4.227679E-11  5.684494E-11  6.357925E-11  7.755618E-11  1.498819E-02  5.153900E-06  2.587083E-09  6.172357E-03  3.624930E-06  3.043904E-09  6.884212E-10  4.251673E-05  8.906431E-10  3.696412E-09  5.993009E-10  5.006041E-04  5.589776E-09  8.669299E-10  7.154387E-10  3.557399E-06  4.837252E-06  2.468625E-09  2.108869E-09  2.754106E-09  2.049030E-09
 3.711500E+02  1.113196E-02  1.750313E-06  4.124317E-11  5.546520E-11  6.203853E-11  7.568989E-11  1.494603E-02  5.078117E-06  2.474873E-09  6.159760E-03  3.577117E-06  2.919149E-09  6.745093E-10  4.187861E-05  8.574412E-10  3.565042E-09  5.817020E-10  4.942733E-04  5.401345E-09  8.450924E-10  6.970888E-10  3.508675E-06  4.771057E-06  2.366132E-09  2.019552E-09  2.638121E-09  1.975591E-09
 3.721500E+02  1.110556E-02  1.732412E-06  4.024062E-11  5.412670E-11  6.054380E-11  7.387901E-11  1.490413E-02  5.003880E-06  2.368135E-09  6.147168E-03  3.530147E-06  2.800101E-09  6.609461E-10  4.125359E-05  8.256592E-10  3.439068E-09  5.647189E-10  4.880539E-04  5.220214E-09  8.239229E-10  6.793084E-10  3.460867E-06  4.706107E-06  2.268405E-09  1.934481E-09  2.527623E-09  1.905171E-09
 3.731500E+02  1.107924E-02  1.714788E-06  3.926806E-11  5.282802E-11  5.909348E-11  7.212163E-11  1.486247E-02  4.931152E-06  2.266574E-09  6.134583E-03  3.484002E-06  2.686473E-09  6.477215E-10  4.064137E-05  7.952293E-10  3.318241E-09  5.483269E-10  4.819438E-04  5.046069E-09  8.033979E-10  6.620774E-10  3.413954E-06  4.642372E-06  2.175199E-09  1.853434E-09  2.422327E-09  1.837632E-09
 3.741500E+02  1.105301E-02  1.697438E-06  3.832447E-11  5.156778E-11  5.768604E-11  7.041592E-11  1.482107E-02  4.859894E-06  2.169913E-09  6.122005E-03  3.438665E-06  2.577996E-09  6.348259E-10  4.004161E-05  7.660873E-10  3.202325E-09  5.325026E-10  4.759404E-04  4.878608E-09  7.834949E-10  6.453763E-10  3.367915E-06  4.579827E-06  2.086286E-09  1.776202E-09  2.321962E-09  1.772840E-09
 3.751500E+02  1.102687E-02  1.680355E-06  3.740882E-11  5.034466E-11  5.632000E-11  6.876012E-11  1.477991E-02  4.790070E-06  2.077892E-09  6.109437E-03  3.394118E-06  2.474415E-09  6.222498E-10  3.945400E-05  7.381722E-10  3.091096E-09  5.172235E-10  4.700417E-04  4.717545E-09  7.641922E-10  6.291863E-10  3.322732E-06  4.518442E-06  2.001448E-09  1.702586E-09  2.226274E-09  1.710673E-09
 3.761500E+02  1.100082E-02  1.663535E-06  3.652018E-11  4.915740E-11  5.499396E-11  6.715253E-11  1.473899E-02  4.721645E-06  1.990265E-09  6.096877E-03  3.350347E-06  2.375486E-09  6.099840E-10  3.887825E-05  7.114263E-10  2.984341E-09  5.024682E-10  4.642453E-04  4.562607E-09  7.454690E-10  6.134894E-10  3.278384E-06  4.458193E-06  1.920479E-09  1.632401E-09  2.135024E-09  1.651011E-09
 3.771500E+02  1.097485E-02  1.646972E-06  3.565761E-11  4.800478E-11  5.370656E-11  6.559152E-11  1.469832E-02  4.654582E-06  1.906801E-09  6.084329E-03  3.307334E-06  2.280981E-09  5.980199E-10  3.831405E-05  6.857948E-10  2.881858E-09  4.882161E-10  4.585492E-04  4.413535E-09  7.273053E-10  5.982685E-10  3.234853E-06  4.399054E-06  1.843187E-09  1.565469E-09  2.047983E-09  1.593741E-09
 3.781500E+02  1.094897E-02  1.630662E-06  3.482022E-11  4.688561E-11  5.245648E-11  6.407552E-11  1.465788E-02  4.588850E-06  1.827281E-09  6.071792E-03  3.265065E-06  2.190684E-09  5.863488E-10  3.776114E-05  6.612259E-10  2.783455E-09  4.744476E-10  4.529513E-04  4.270080E-09  7.096817E-10  5.835069E-10  3.192121E-06  4.340999E-06  1.769387E-09  1.501626E-09  1.964938E-09  1.538756E-09
 3.791500E+02  1.092318E-02  1.614600E-06  3.400716E-11  4.579878E-11  5.124247E-11  6.260303E-11  1.461768E-02  4.524415E-06  1.751499E-09  6.059268E-03  3.223524E-06  2.104388E-09  5.749624E-10  3.721923E-05  6.376701E-10  2.688949E-09  4.611439E-10  4.474494E-04  4.132006E-09  6.925798E-10  5.691886E-10  3.150169E-06  4.284005E-06  1.698906E-09  1.440713E-09  1.885687E-09  1.485955E-09
 3.801500E+02  1.089748E-02  1.598782E-06  3.321762E-11  4.474319E-11  5.006332E-11  6.117258E-11  1.457772E-02  4.461246E-06  1.679261E-09  6.046758E-03  3.182697E-06  2.021900E-09  5.638527E-10  3.668805E-05  6.150808E-10  2.598166E-09  4.482871E-10  4.420416E-04  3.999086E-09  6.759817E-10  5.552984E-10  3.108981E-06  4.228049E-06  1.631580E-09  1.382583E-09  1.810039E-09  1.435240E-09
 3.811500E+02  1.087187E-02  1.583202E-06  3.245079E-11  4.371780E-11  4.891786E-11  5.978279E-11  1.453798E-02  4.399311E-06  1.610385E-09  6.034261E-03  3.142569E-06  1.943035E-09  5.530120E-10  3.616734E-05  5.934135E-10  2.510942E-09  4.358600E-10  4.367260E-04  3.871106E-09  6.598704E-10  5.418215E-10  3.068539E-06  4.173106E-06  1.567252E-09  1.327095E-09  1.737812E-09  1.386519E-09
 3.821500E+02  1.084635E-02  1.567856E-06  3.170593E-11  4.272162E-11  4.780498E-11  5.843230E-11  1.449848E-02  4.338582E-06  1.544696E-09  6.021780E-03  3.103125E-06  1.867618E-09  5.424327E-10  3.565686E-05  5.726262E-10  2.427120E-09  4.238462E-10  4.315007E-04  3.747861E-09  6.442293E-10  5.287437E-10  3.028828E-06  4.119155E-06  1.505777E-09  1.274116E-09  1.668836E-09  1.339705E-09
 3.831500E+02  1.082091E-02  1.552739E-06  3.098229E-11  4.175366E-11  4.672360E-11  5.711983E-11  1.445920E-02  4.279028E-06  1.482033E-09  6.009315E-03  3.064353E-06  1.795484E-09  5.321075E-10  3.515635E-05  5.526787E-10  2.346550E-09  4.122298E-10  4.263637E-04  3.629153E-09  6.290427E-10  5.160514E-10  2.989830E-06  4.066173E-06  1.447015E-09  1.223522E-09  1.602949E-09  1.294714E-09
 3.841500E+02  1.079557E-02  1.537849E-06  3.027918E-11  4.081299E-11  4.567267E-11  5.584412E-11  1.442015E-02  4.220623E-06  1.422241E-09  5.996867E-03  3.026238E-06  1.726476E-09  5.220293E-10  3.466557E-05  5.335330E-10  2.269090E-09  4.009959E-10  4.213133E-04  3.514797E-09  6.142953E-10  5.037315E-10  2.951530E-06  4.014140E-06  1.390834E-09  1.175195E-09  1.539999E-09  1.251466E-09
 3.851500E+02  1.077031E-02  1.523179E-06  2.959591E-11  3.989873E-11  4.465120E-11  5.460397E-11  1.438133E-02  4.163337E-06  1.365175E-09  5.984436E-03  2.988767E-06  1.660445E-09  5.121913E-10  3.418430E-05  5.151530E-10  2.194605E-09  3.901300E-10  4.163476E-04  3.404613E-09  5.999723E-10  4.917714E-10  2.913914E-06  3.963035E-06  1.337109E-09  1.129021E-09  1.479840E-09  1.209886E-09
 3.861500E+02  1.074515E-02  1.508727E-06  2.893184E-11  3.901001E-11  4.365823E-11  5.339824E-11  1.434272E-02  4.107145E-06  1.310697E-09  5.972023E-03  2.951927E-06  1.597250E-09  5.025869E-10  3.371230E-05  4.975044E-10  2.122967E-09  3.796182E-10  4.114651E-04  3.298430E-09  5.860597E-10  4.801589E-10  2.876966E-06  3.912837E-06  1.285721E-09  1.084894E-09  1.422337E-09  1.169902E-09
 3.871500E+02  1.072007E-02  1.494487E-06  2.828633E-11  3.814599E-11  4.269282E-11  5.222579E-11  1.430434E-02  4.052021E-06  1.258677E-09  5.959630E-03  2.915706E-06  1.536757E-09  4.932095E-10  3.324936E-05  4.805546E-10  2.054051E-09  3.694473E-10  4.066639E-04  3.196087E-09  5.725438E-10  4.688825E-10  2.840671E-06  3.863528E-06  1.236560E-09  1.042716E-09  1.367359E-09  1.131445E-09
 3.881500E+02  1.069509E-02  1.480457E-06  2.765879E-11  3.730587E-11  4.175409E-11  5.108556E-11  1.426617E-02  3.997940E-06  1.208993E-09  5.947255E-03  2.880091E-06  1.478839E-09  4.840531E-10  3.279527E-05  4.642723E-10  1.987743E-09  3.596047E-10  4.019424E-04  3.097427E-09  5.594116E-10  4.579308E-10  2.805016E-06  3.815086E-06  1.189517E-09  1.002390E-09  1.314784E-09  1.094450E-09
 3.891500E+02  1.067019E-02  1.466633E-06  2.704862E-11  3.648888E-11  4.084118E-11  4.997652E-11  1.422821E-02  3.944877E-06  1.161528E-09  5.934902E-03  2.845071E-06  1.423376E-09  4.751115E-10  3.234981E-05  4.486283E-10  1.923931E-09  3.500781E-10  3.972991E-04  3.002301E-09  5.466505E-10  4.472930E-10  2.769986E-06  3.767495E-06  1.144493E-09  9.638262E-10  1.264495E-09  1.058854E-09
 3.901500E+02  1.064538E-02  1.453009E-06  2.645527E-11  3.569428E-11  3.995325E-11  4.889767E-11  1.419047E-02  3.892808E-06  1.116173E-09  5.922569E-03  2.810632E-06  1.370252E-09  4.663788E-10  3.191279E-05  4.335943E-10  1.862508E-09  3.408560E-10  3.927322E-04  2.910567E-09  5.342482E-10  4.369588E-10  2.735569E-06  3.720735E-06  1.101392E-09  9.269401E-10  1.216383E-09  1.024598E-09
 3.911500E+02  1.062067E-02  1.439584E-06  2.587819E-11  3.492136E-11  3.908951E-11  4.784804E-11  1.415294E-02  3.841710E-06  1.072824E-09  5.910257E-03  2.776765E-06  1.319360E-09  4.578495E-10  3.148400E-05  4.191437E-10  1.803374E-09  3.319270E-10  3.882404E-04  2.822090E-09  5.221932E-10  4.269181E-10  2.701751E-06  3.674790E-06  1.060123E-09  8.916506E-10  1.170344E-09  9.916258E-10
 3.921500E+02  1.059604E-02  1.426353E-06  2.531686E-11  3.416941E-11  3.824918E-11  4.682671E-11  1.411562E-02  3.791561E-06  1.031382E-09  5.897968E-03  2.743457E-06  1.270596E-09  4.495179E-10  3.106326E-05  4.052510E-10  1.746432E-09  3.232806E-10  3.838220E-04  2.736740E-09  5.104741E-10  4.171612E-10  2.668519E-06  3.629640E-06  1.020601E-09  8.578814E-10  1.126277E-09  9.598829E-10
 3.931500E+02  1.057150E-02  1.413313E-06  2.477079E-11  3.343778E-11  3.743153E-11  4.583279E-11  1.407851E-02  3.742339E-06  9.917544E-10  5.885701E-03  2.710697E-06  1.223862E-09  4.413787E-10  3.065038E-05  3.918920E-10  1.691591E-09  3.149063E-10  3.794757E-04  2.654392E-09  4.990801E-10  4.076790E-10  2.635861E-06  3.585270E-06  9.827426E-10  8.255599E-10  1.084091E-09  9.293181E-10
 3.941500E+02  1.054705E-02  1.400460E-06  2.423948E-11  3.272582E-11  3.663583E-11  4.486542E-11  1.404160E-02  3.694023E-06  9.538534E-10  5.873457E-03  2.678475E-06  1.179065E-09  4.334268E-10  3.024519E-05  3.790437E-10  1.638763E-09  3.067945E-10  3.751999E-04  2.574927E-09  4.880007E-10  3.984623E-10  2.603766E-06  3.541664E-06  9.464718E-10  7.946175E-10  1.043696E-09  8.998821E-10
 3.951500E+02  1.052269E-02  1.387791E-06  2.372248E-11  3.203291E-11  3.586140E-11  4.392376E-11  1.400490E-02  3.646591E-06  9.175954E-10  5.861237E-03  2.646780E-06  1.136116E-09  4.256571E-10  2.984749E-05  3.666840E-10  1.587864E-09  2.989355E-10  3.709934E-04  2.498233E-09  4.772258E-10  3.895027E-10  2.572220E-06  3.498804E-06  9.117147E-10  7.649890E-10  1.005008E-09  8.715282E-10
 3.961500E+02  1.049842E-02  1.375303E-06  2.321932E-11  3.135846E-11  3.510757E-11  4.300702E-11  1.396840E-02  3.600024E-06  8.829013E-10  5.849041E-03  2.615602E-06  1.094932E-09  4.180647E-10  2.945714E-05  3.547922E-10  1.538815E-09  2.913204E-10  3.668546E-04  2.424201E-09  4.667457E-10  3.807917E-10  2.541212E-06  3.456675E-06  8.784015E-10  7.366125E-10  9.679461E-10  8.442115E-10
 3.971500E+02  1.047424E-02  1.362992E-06  2.272957E-11  3.070188E-11  3.437371E-11  4.211442E-11  1.393210E-02  3.554302E-06  8.496965E-10  5.836870E-03  2.584930E-06  1.055433E-09  4.106450E-10  2.907394E-05  3.433483E-10  1.491540E-09  2.839404E-10  3.627823E-04  2.352726E-09  4.565511E-10  3.723214E-10  2.510732E-06  3.415262E-06  8.464657E-10  7.094295E-10  9.324355E-10  8.178896E-10
 3.981500E+02  1.045015E-02  1.350855E-06  2.225282E-11  3.006264E-11  3.365918E-11  4.124522E-11  1.389599E-02  3.509406E-06  8.179098E-10  5.824724E-03  2.554755E-06  1.017541E-09  4.033933E-10  2.869775E-05  3.323332E-10  1.445967E-09  2.767871E-10  3.587751E-04  2.283709E-09  4.466328E-10  3.640841E-10  2.480767E-06  3.374550E-06  8.158444E-10  6.833843E-10  8.984040E-10  7.925215E-10
 3.991500E+02  1.042615E-02  1.338890E-06  2.178867E-11  2.944018E-11  3.296340E-11  4.039869E-11  1.386008E-02  3.465317E-06  7.874741E-10  5.812603E-03  2.525067E-06  9.811865E-10  3.963052E-10  2.832841E-05  3.217290E-10  1.402025E-09  2.698525E-10  3.548319E-04  2.217055E-09  4.369822E-10  3.560722E-10  2.451308E-06  3.334525E-06  7.864777E-10  6.584241E-10  8.657832E-10  7.680685E-10
