#         T/K          A/kJ          G/kJ
  2.731500000000E+02   1.475268539169E+01   1.475534364785E+01
  2.741500000000E+02   1.465968327596E+01   1.466234199416E+01
  2.751500000000E+02   1.456644215184E+01   1.456910133614E+01
  2.761500000000E+02   1.447296181146E+01   1.447562146584E+01
  2.771500000000E+02   1.437924207897E+01   1.438190220737E+01
  2.781500000000E+02   1.428528281220E+01   1.428794341850E+01
  2.791500000000E+02   1.419108390280E+01   1.419374499083E+01
  2.801500000000E+02   1.409664527645E+01   1.409930684996E+01
  2.811500000000E+02   1.400196689299E+01   1.400462895568E+01
  2.821500000000E+02   1.390704874635E+01   1.390971130185E+01
  2.831500000000E+02   1.381189086449E+01   1.381455391635E+01
  2.841500000000E+02   1.371649330891E+01   1.371915686063E+01
  2.851500000000E+02   1.362085617470E+01   1.362352022969E+01
  2.861500000000E+02   1.352497958962E+01   1.352764415123E+01
  2.871500000000E+02   1.342886371391E+01   1.343152878541E+01
  2.881500000000E+02   1.333250873855E+01   1.333517432315E+01
  2.891500000000E+02   1.323591488642E+01   1.323858098724E+01
  2.901500000000E+02   1.313908240943E+01   1.314174902952E+01
  2.911500000000E+02   1.304201158849E+01   1.304467873085E+01
  2.921500000000E+02   1.294470273228E+01   1.294737039981E+01
  2.931500000000E+02   1.284715617585E+01   1.284982437140E+01
  2.941500000000E+02   1.274937227984E+01   1.275204100620E+01
  2.951500000000E+02   1.265135142876E+01   1.265402068863E+01
  2.961500000000E+02   1.255309402977E+01   1.255576382581E+01
  2.971500000000E+02   1.245460051132E+01   1.245727084614E+01
  2.981500000000E+02   1.235587132159E+01   1.235854219771E+01
  2.991500000000E+02   1.225690692710E+01   1.225957834702E+01
  3.001500000000E+02   1.215770781112E+01   1.216037977727E+01
  3.011500000000E+02   1.205827447212E+01   1.206094698689E+01
  3.021500000000E+02   1.195860742222E+01   1.196128048796E+01
  3.031500000000E+02   1.185870718557E+01   1.186138080459E+01
  3.041500000000E+02   1.175857429687E+01   1.176124847146E+01
  3.051500000000E+02   1.165820929969E+01   1.166088403210E+01
  3.061500000000E+02   1.155761274492E+01   1.156028803737E+01
  3.071500000000E+02   1.145678518924E+01   1.145946104394E+01
  3.081500000000E+02   1.135572719352E+01   1.135840361266E+01
  3.091500000000E+02   1.125443932138E+01   1.125711630714E+01
  3.101500000000E+02   1.115292213763E+01   1.115559969218E+01
  3.111500000000E+02   1.105117620681E+01   1.105385433233E+01
  3.121500000000E+02   1.094920209181E+01   1.095188079047E+01
  3.131500000000E+02   1.084700035235E+01   1.084967962633E+01
  3.141500000000E+02   1.074457154381E+01   1.074725139533E+01
  3.151500000000E+02   1.064191621578E+01   1.064459664704E+01
  3.161500000000E+02   1.053903491082E+01   1.054171592406E+01
  3.171500000000E+02   1.043592816322E+01   1.043860976072E+01
  3.181500000000E+02   1.033259649789E+01   1.033527868194E+01
  3.191500000000E+02   1.022904042912E+01   1.023172320207E+01
  3.201500000000E+02   1.012526045959E+01   1.012794382381E+01
  3.211500000000E+02   1.002125707928E+01   1.002394103721E+01
  3.221500000000E+02   9.917030764511E+00   9.919715318621E+00
  3.231500000000E+02   9.812581976954E+00   9.815267129781E+00
  3.241500000000E+02   9.707911162869E+00   9.710596917007E+00
  3.251500000000E+02   9.603018752040E+00   9.605705110149E+00
  3.261500000000E+02   9.497905157183E+00   9.500592121989E+00
  3.271500000000E+02   9.392570773095E+00   9.395258347399E+00
  3.281500000000E+02   9.287015975963E+00   9.289704162643E+00
  3.291500000000E+02   9.181241122662E+00   9.183929924676E+00
  3.301500000000E+02   9.075246550327E+00   9.077935970717E+00
  3.311500000000E+02   8.969032575383E+00   8.971722617281E+00
  3.321500000000E+02   8.862599493382E+00   8.865290160013E+00
  3.331500000000E+02   8.755947578319E+00   8.758638873001E+00
  3.341500000000E+02   8.649077082192E+00   8.651769008347E+00
  3.351500000000E+02   8.541988234480E+00   8.544680795629E+00
  3.361500000000E+02   8.434681242200E+00   8.437374441974E+00
  3.371500000000E+02   8.327156288637E+00   8.329850130776E+00
  3.381500000000E+02   8.219413533878E+00   8.222108022236E+00
  3.391500000000E+02   8.111453114095E+00   8.114148252642E+00
  3.401500000000E+02   8.003275141325E+00   8.005970934152E+00
  3.411500000000E+02   7.894879703218E+00   7.897576154539E+00
  3.421500000000E+02   7.786266862776E+00   7.788963976933E+00
  3.431500000000E+02   7.677436658274E+00   7.680134439737E+00
  3.441500000000E+02   7.568389102809E+00   7.571087556181E+00
  3.451500000000E+02   7.459124184381E+00   7.461823314403E+00
  3.461500000000E+02   7.349641865623E+00   7.352341677172E+00
  3.471500000000E+02   7.239942083684E+00   7.242642581780E+00
  3.481500000000E+02   7.130024749946E+00   7.132725939754E+00
  3.491500000000E+02   7.019889750728E+00   7.022591637561E+00
  3.501500000000E+02   6.909536945617E+00   6.912239534939E+00
  3.511500000000E+02   6.798966168905E+00   6.801669466333E+00
  3.521500000000E+02   6.688177228823E+00   6.690881240132E+00
  3.531500000000E+02   6.577169907596E+00   6.579874638718E+00
  3.541500000000E+02   6.465943961397E+00   6.468649418429E+00
  3.551500000000E+02   6.354499120207E+00   6.357205309411E+00
  3.561500000000E+02   6.242835088343E+00   6.245542016148E+00
  3.571500000000E+02   6.130951543338E+00   6.133659216346E+00
  3.581500000000E+02   6.018848136990E+00   6.021556561976E+00
  3.591500000000E+02   2.907697630854E+00   5.865379546643E+00
  3.601500000000E+02   2.679742704506E+00   5.645979517624E+00
  3.611500000000E+02   2.451675667377E+00   5.426463962447E+00
  3.621500000000E+02   2.223496764034E+00   5.206833185520E+00
  3.631500000000E+02   1.995206237125E+00   4.987087487978E+00
  3.641500000000E+02   1.766804327405E+00   4.767227167754E+00
  3.651500000000E+02   1.538291273756E+00   4.547252519649E+00
  3.661500000000E+02   1.309667313209E+00   4.327163835393E+00
  3.671500000000E+02   1.080932680973E+00   4.106961403709E+00
  3.681500000000E+02   8.520876104500E-01   3.886645510372E+00
  3.691500000000E+02   6.231323332664E-01   3.666216438272E+00
  3.701500000000E+02   3.940670792917E-01   3.445674467467E+00
  3.711500000000E+02   1.648920766638E-01   3.225019875239E+00
  3.721500000000E+02  -6.439244818706E-02   3.004252936149E+00
  3.731500000000E+02  -2.937862705159E-01   2.783373922088E+00
  3.741500000000E+02  -5.232891708137E-01   2.562383099028E+00
  3.751500000000E+02  -7.529009202752E-01   2.341280740460E+00
  3.761500000000E+02  -9.826213028672E-01   2.120067107061E+00
  3.771500000000E+02  -1.212450100350E+00   1.898742460536E+00
  3.781500000000E+02  -1.442387096056E+00   1.677307060159E+00
  3.791500000000E+02  -1.672432074862E+00   1.455761162817E+00
  3.801500000000E+02  -1.902584823174E+00   1.234105023054E+00
  3.811500000000E+02  -2.132845128901E+00   1.012338893112E+00
  3.821500000000E+02  -2.363212781435E+00   7.904630229741E-01
  3.831500000000E+02  -2.593687571630E+00   5.684776603985E-01
  3.841500000000E+02  -2.824269291783E+00   3.463830509633E-01
  3.851500000000E+02  -3.054957735611E+00   1.241794381003E-01
  3.861500000000E+02  -3.285752698232E+00  -9.813293686601E-02
  3.871500000000E+02  -3.516653976145E+00  -3.205538346837E-01
  3.881500000000E+02  -3.747661367214E+00  -5.430830181380E-01
  3.891500000000E+02  -3.978774670643E+00  -7.657202520172E-01
  3.901500000000E+02  -4.209993686963E+00  -9.884653030790E-01
  3.911500000000E+02  -4.441318218012E+00  -1.211317940019E+00
  3.921500000000E+02  -4.672748066913E+00  -1.434277933436E+00
  3.931500000000E+02  -4.904283038065E+00  -1.657345055805E+00
  3.941500000000E+02  -5.135922937115E+00  -1.880519081444E+00
  3.951500000000E+02  -5.367667570952E+00  -2.103799786485E+00
  3.961500000000E+02  -5.599516747681E+00  -2.327186948844E+00
  3.971500000000E+02  -5.831470276629E+00  -2.550680348211E+00
  3.981500000000E+02  -6.063527968261E+00  -2.774279765956E+00
  3.991500000000E+02  -6.295689634250E+00  -2.997984985186E+00
