#         T/K            c1          c2-1          c3-4          c3-5          c3-7          c3-9            m1          m2-1          m3-1            w1            w2          w3-1          w3-2          c1m1        c1m2-1        c1m2-7        c2m1-1        c1w1-2        c1w2-1        c2w1-1        c2w1-9        m1w1-1        m1w1-4        m1w2-1        m2w1-1        m2w1-3      c1m1w1-1
 2.731500E+02  9.329749E-03  3.011719E-06  3.432058E-10  4.504659E-10  5.011792E-10  5.975938E-10  2.316761E-02  4.719833E-05  1.383790E-06  9.426455E-03  3.188101E-05  1.462242E-06  2.051681E-08  2.364537E-04  1.220887E-07  4.006119E-07  1.641240E-08  2.217723E-03  5.496577E-07  1.464775E-08  1.286227E-08  3.084815E-05  4.199264E-05  1.184539E-06  1.054108E-06  1.335042E-06  2.485896E-07
 2.741500E+02  9.325862E-03  2.967034E-06  3.293179E-10  4.323841E-10  4.810976E-10  5.738299E-10  2.307044E-02  4.586896E-05  1.271637E-06  9.420011E-03  3.121669E-05  1.360248E-06  1.982743E-08  2.302454E-04  1.137522E-07  3.744660E-07  1.555922E-08  2.173662E-03  5.181323E-07  1.402823E-08  1.230764E-08  3.010703E-05  4.098118E-05  1.098013E-06  9.730733E-07  1.232901E-06  2.328375E-07
 2.751500E+02  9.321411E-03  2.923073E-06  3.160513E-10  4.151049E-10  4.619059E-10  5.511114E-10  2.297415E-02  4.458685E-05  1.169326E-06  9.413067E-03  3.056811E-05  1.265863E-06  1.916366E-08  2.242354E-04  1.060378E-07  3.501933E-07  1.475521E-08  2.130606E-03  4.885655E-07  1.343763E-08  1.177938E-08  2.938773E-05  3.999963E-05  1.018286E-06  8.987669E-07  1.139205E-06  2.181722E-07
 2.761500E+02  9.316411E-03  2.879827E-06  3.033762E-10  3.985903E-10  4.435619E-10  5.293893E-10  2.287872E-02  4.335003E-05  1.075931E-06  9.405639E-03  2.993490E-05  1.178486E-06  1.852453E-08  2.184166E-04  9.889548E-08  3.276487E-07  1.399731E-08  2.088534E-03  4.608277E-07  1.287450E-08  1.127615E-08  2.868954E-05  3.904700E-05  9.447903E-07  8.305918E-07  1.053206E-06  2.045132E-07
 2.771500E+02  9.310878E-03  2.837288E-06  2.912646E-10  3.828042E-10  4.260258E-10  5.086169E-10  2.278416E-02  4.215662E-05  9.906193E-07  9.397743E-03  2.931670E-05  1.097566E-06  1.790906E-08  2.127821E-04  9.227948E-08  3.066990E-07  1.328263E-08  2.047423E-03  4.347982E-07  1.233748E-08  1.079668E-08  2.801175E-05  3.812232E-05  8.770067E-07  7.680072E-07  9.742292E-07  1.917863E-07
 2.781500E+02  9.304829E-03  2.795450E-06  2.796896E-10  3.677122E-10  4.092594E-10  4.887498E-10  2.269044E-02  4.100485E-05  9.126412E-07  9.389395E-03  2.871316E-05  1.022598E-06  1.731634E-08  2.073253E-04  8.614796E-08  2.872222E-07  1.260851E-08  2.007252E-03  4.103648E-07  1.182527E-08  1.033976E-08  2.735369E-05  3.722467E-05  8.144622E-07  7.105227E-07  9.016605E-07  1.799232E-07
 2.791500E+02  9.298279E-03  2.754302E-06  2.686257E-10  3.532816E-10  3.932265E-10  4.697459E-10  2.259757E-02  3.989299E-05  8.413203E-07  9.380608E-03  2.812392E-05  9.531181E-07  1.674548E-08  2.020398E-04  8.046265E-08  2.691062E-07  1.197244E-08  1.967998E-03  3.874230E-07  1.133664E-08  9.904268E-09  2.671470E-05  3.635314E-05  7.567254E-07  6.576937E-07  8.349434E-07  1.688610E-07
 2.801500E+02  9.291245E-03  2.713839E-06  2.580489E-10  3.394814E-10  3.778929E-10  4.515648E-10  2.250553E-02  3.881943E-05  7.760470E-07  9.371398E-03  2.754864E-05  8.887004E-07  1.619563E-08  1.969194E-04  7.518847E-08  2.522480E-07  1.137209E-08  1.929642E-03  3.658756E-07  1.087042E-08  9.489113E-09  2.609416E-05  3.550688E-05  7.034021E-07  6.091165E-07  7.735728E-07  1.585414E-07
 2.811500E+02  9.283740E-03  2.674049E-06  2.479360E-10  3.262821E-10  3.632257E-10  4.341685E-10  2.241431E-02  3.778260E-05  7.162709E-07  9.361779E-03  2.698700E-05  8.289538E-07  1.566597E-08  1.919584E-04  7.029333E-08  2.365529E-07  1.080527E-08  1.892161E-03  3.456319E-07  1.042552E-08  9.093279E-09  2.549147E-05  3.468504E-05  6.541326E-07  5.644248E-07  7.170896E-07  1.489109E-07
 2.821500E+02  9.275781E-03  2.634927E-06  2.382652E-10  3.136555E-10  3.491940E-10  4.175205E-10  2.232391E-02  3.678104E-05  6.614950E-07  9.351764E-03  2.643865E-05  7.735189E-07  1.515572E-08  1.871510E-04  6.574777E-08  2.219341E-07  1.026995E-08  1.855537E-03  3.266077E-07  1.000088E-08  8.715798E-09  2.490603E-05  3.388682E-05  6.085879E-07  5.232857E-07  6.650769E-07  1.399199E-07
 2.831500E+02  9.267381E-03  2.596462E-06  2.290157E-10  3.015749E-10  3.357680E-10  4.015863E-10  2.223431E-02  3.581332E-05  6.112700E-07  9.341368E-03  2.590329E-05  7.220653E-07  1.466411E-08  1.824918E-04  6.152481E-08  2.083114E-07  9.764216E-09  1.819749E-03  3.087243E-07  9.595517E-09  8.355754E-09  2.433728E-05  3.311144E-05  5.664675E-07  4.853965E-07  6.171552E-07  1.315228E-07
 2.841500E+02  9.258556E-03  2.558646E-06  2.201679E-10  2.900150E-10  3.229197E-10  3.863329E-10  2.214552E-02  3.487810E-05  5.651896E-07  9.330602E-03  2.538058E-05  6.742894E-07  1.419043E-08  1.779756E-04  5.759970E-08  1.956113E-07  9.286291E-09  1.784777E-03  2.919084E-07  9.208477E-09  8.012280E-09  2.378469E-05  3.235817E-05  5.274963E-07  4.504821E-07  5.729797E-07  1.236771E-07
 2.851500E+02  9.249319E-03  2.521470E-06  2.117028E-10  2.789515E-10  3.106222E-10  3.717290E-10  2.205751E-02  3.397408E-05  5.228863E-07  9.319479E-03  2.487022E-05  6.299119E-07  1.373397E-08  1.735973E-04  5.394970E-08  1.837658E-07  8.834505E-09  1.750602E-03  2.760918E-07  8.838872E-09  7.684551E-09  2.324772E-05  3.162627E-05  4.914229E-07  4.182920E-07  5.322360E-07  1.163440E-07
 2.861500E+02  9.239683E-03  2.484926E-06  2.036026E-10  2.683615E-10  2.988502E-10  3.577448E-10  2.197028E-02  3.310003E-05  4.840273E-07  9.308013E-03  2.437192E-05  5.886760E-07  1.329407E-08  1.693523E-04  5.055395E-08  1.727126E-07  8.407299E-09  1.717206E-03  2.612108E-07  8.485852E-09  7.371790E-09  2.272587E-05  3.091505E-05  4.580170E-07  3.885982E-07  4.946382E-07  1.094873E-07
 2.871500E+02  9.229663E-03  2.449005E-06  1.958504E-10  2.582230E-10  2.875793E-10  3.443519E-10  2.188382E-02  3.225479E-05  4.483108E-07  9.296215E-03  2.388537E-05  5.503449E-07  1.287009E-08  1.652357E-04  4.739326E-08  1.623940E-07  8.003213E-09  1.684571E-03  2.472060E-07  8.148613E-09  7.073257E-09  2.221865E-05  3.022383E-05  4.270676E-07  3.611929E-07  4.599255E-07  1.030737E-07
 2.881500E+02  9.219270E-03  2.413697E-06  1.884300E-10  2.485153E-10  2.767865E-10  3.315232E-10  2.179812E-02  3.143721E-05  4.154636E-07  9.284097E-03  2.341027E-05  5.147012E-07  1.246139E-08  1.612432E-04  4.445001E-08  1.527571E-07  7.620880E-09  1.652677E-03  2.340222E-07  7.826393E-09  6.788252E-09  2.172558E-05  2.955198E-05  3.983817E-07  3.358869E-07  4.278601E-07  9.707215E-08
 2.891500E+02  9.208519E-03  2.378994E-06  1.813259E-10  2.392186E-10  2.664499E-10  3.192331E-10  2.171317E-02  3.064623E-05  3.852374E-07  9.271670E-03  2.294636E-05  4.815443E-07  1.206741E-08  1.573704E-04  4.170799E-08  1.437528E-07  7.259019E-09  1.621508E-03  2.216075E-07  7.518467E-09  6.516111E-09  2.124622E-05  2.889885E-05  3.717819E-07  3.125074E-07  3.982252E-07  9.145416E-08
 2.901500E+02  9.197422E-03  2.344886E-06  1.745237E-10  2.303140E-10  2.565486E-10  3.074571E-10  2.162897E-02  2.988082E-05  3.574072E-07  9.258946E-03  2.249336E-05  4.506894E-07  1.168755E-08  1.536132E-04  3.915229E-08  1.353360E-07  6.916433E-09  1.591047E-03  2.099139E-07  7.224147E-09  6.256206E-09  2.078013E-05  2.826387E-05  3.471061E-07  2.908969E-07  3.708228E-07  8.619324E-08
 2.911500E+02  9.185990E-03  2.311366E-06  1.680094E-10  2.217836E-10  2.470627E-10  2.961718E-10  2.154549E-02  2.914001E-05  3.317684E-07  9.245935E-03  2.205098E-05  4.219662E-07  1.132129E-08  1.499677E-04  3.676916E-08  1.274650E-07  6.591998E-09  1.561275E-03  1.988962E-07  6.942782E-09  6.007938E-09  2.032688E-05  2.764643E-05  3.242051E-07  2.709116E-07  3.454720E-07  8.126486E-08
 2.921500E+02  9.174236E-03  2.278423E-06  1.617698E-10  2.136103E-10  2.379733E-10  2.853551E-10  2.146275E-02  2.842284E-05  3.081351E-07  9.232648E-03  2.161897E-05  3.952180E-07  1.096808E-08  1.464301E-04  3.454598E-08  1.201012E-07  6.284660E-09  1.532178E-03  1.885124E-07  6.673751E-09  5.770743E-09  1.988606E-05  2.704598E-05  3.029423E-07  2.524201E-07  3.220079E-07  7.664630E-08
 2.931500E+02  9.162171E-03  2.246049E-06  1.557922E-10  2.057779E-10  2.292624E-10  2.749858E-10  2.138071E-02  2.772842E-05  2.863383E-07  9.219095E-03  2.119706E-05  3.702998E-07  1.062744E-08  1.429965E-04  3.247109E-08  1.132091E-07  5.993433E-09  1.503738E-03  1.787233E-07  6.416468E-09  5.544084E-09  1.945729E-05  2.646198E-05  2.831920E-07  2.353023E-07  3.002792E-07  7.231649E-08
 2.941500E+02  9.149806E-03  2.214235E-06  1.500648E-10  1.982709E-10  2.209128E-10  2.650437E-10  2.129938E-02  2.705590E-05  2.662240E-07  9.205286E-03  2.078502E-05  3.470782E-07  1.029887E-08  1.396636E-04  3.053374E-08  1.067556E-07  5.717390E-09  1.475940E-03  1.694922E-07  6.170374E-09  5.327451E-09  1.904017E-05  2.589391E-05  2.648390E-07  2.194486E-07  2.801479E-07  6.825589E-08
 2.951500E+02  9.137153E-03  2.182972E-06  1.445761E-10  1.910746E-10  2.129083E-10  2.555098E-10  2.121875E-02  2.640445E-05  2.476523E-07  9.191231E-03  2.038258E-05  3.254298E-07  9.981915E-09  1.364279E-04  2.872404E-08  1.007105E-07  5.455664E-09  1.448769E-03  1.607849E-07  5.934939E-09  5.120362E-09  1.863434E-05  2.534126E-05  2.477772E-07  2.047583E-07  2.614875E-07  6.444640E-08
 2.961500E+02  9.124222E-03  2.152251E-06  1.393152E-10  1.841750E-10  2.052332E-10  2.463658E-10  2.113880E-02  2.577328E-05  2.304956E-07  9.176940E-03  1.998951E-05  3.052410E-07  9.676124E-09  1.332861E-04  2.703284E-08  9.504549E-08  5.207440E-09  1.422209E-03  1.525692E-07  5.709660E-09  4.922358E-09  1.823945E-05  2.480355E-05  2.319093E-07  1.911398E-07  2.441825E-07  6.087118E-08
 2.971500E+02  9.111024E-03  2.122063E-06  1.342719E-10  1.775587E-10  1.978728E-10  2.375942E-10  2.105954E-02  2.516164E-05  2.146374E-07  9.162421E-03  1.960557E-05  2.864067E-07  9.381073E-09  1.302351E-04  2.545171E-08  8.973451E-08  4.971952E-09  1.396245E-03  1.448153E-07  5.494059E-09  4.733006E-09  1.785516E-05  2.428031E-05  2.171455E-07  1.785087E-07  2.281266E-07  5.751462E-08
 2.981500E+02  9.097568E-03  2.092400E-06  1.294364E-10  1.712130E-10  1.908130E-10  2.291784E-10  2.098094E-02  2.456881E-05  1.999718E-07  9.147684E-03  1.923054E-05  2.688298E-07  9.096348E-09  1.272718E-04  2.397286E-08  8.475344E-08  4.748483E-09  1.370864E-03  1.374951E-07  5.287682E-09  4.551891E-09  1.748113E-05  2.377108E-05  2.034034E-07  1.667879E-07  2.132228E-07  5.436224E-08
 2.991500E+02  9.083866E-03  2.063252E-06  1.247992E-10  1.651258E-10  1.840404E-10  2.211028E-10  2.090300E-02  2.399410E-05  1.864019E-07  9.132737E-03  1.886419E-05  2.524205E-07  8.821558E-09  1.243934E-04  2.258908E-08  8.007989E-08  4.536359E-09  1.346050E-03  1.305824E-07  5.090097E-09  4.378624E-09  1.711705E-05  2.327543E-05  1.906071E-07  1.559068E-07  1.993820E-07  5.140057E-08
 3.001500E+02  9.069925E-03  2.034612E-06  1.203515E-10  1.592857E-10  1.775422E-10  2.133522E-10  2.082572E-02  2.343684E-05  1.738392E-07  9.117589E-03  1.850631E-05  2.370960E-07  8.556324E-09  1.215969E-04  2.129374E-08  7.569312E-08  4.334945E-09  1.321790E-03  1.240528E-07  4.900895E-09  4.212831E-09  1.676261E-05  2.279294E-05  1.786866E-07  1.458005E-07  1.865223E-07  4.861708E-08
 3.011500E+02  9.055756E-03  2.006470E-06  1.160847E-10  1.536815E-10  1.713061E-10  2.059124E-10  2.074909E-02  2.289640E-05  1.622030E-07  9.102248E-03  1.815667E-05  2.227795E-07  8.300281E-09  1.188797E-04  2.008066E-08  7.157392E-08  4.143647E-09  1.298072E-03  1.178832E-07  4.719687E-09  4.054161E-09  1.641751E-05  2.232319E-05  1.675776E-07  1.364096E-07  1.745689E-07  4.600014E-08
 3.021500E+02  9.041368E-03  1.978819E-06  1.119909E-10  1.483029E-10  1.653207E-10  1.987696E-10  2.067308E-02  2.237218E-05  1.514195E-07  9.086723E-03  1.781508E-05  2.094002E-07  8.053083E-09  1.162391E-04  1.894417E-08  6.770444E-08  3.961906E-09  1.274881E-03  1.120523E-07  4.546101E-09  3.902277E-09  1.608146E-05  2.186580E-05  1.572207E-07  1.276795E-07  1.634528E-07  4.353893E-08
 3.031500E+02  9.026770E-03  1.951649E-06  1.080623E-10  1.431399E-10  1.595748E-10  1.919108E-10  2.059771E-02  2.186359E-05  1.414211E-07  9.071020E-03  1.748133E-05  1.968923E-07  7.814393E-09  1.136728E-04  1.787900E-08  6.406812E-08  3.789194E-09  1.252204E-03  1.065398E-07  4.379788E-09  3.756862E-09  1.575419E-05  2.142038E-05  1.475611E-07  1.195599E-07  1.531107E-07  4.122339E-08
 3.041500E+02  9.011970E-03  1.924952E-06  1.042916E-10  1.381830E-10  1.540580E-10  1.853237E-10  2.052296E-02  2.137008E-05  1.321460E-07  9.055148E-03  1.715522E-05  1.851950E-07  7.583892E-09  1.111781E-04  1.688026E-08  6.064960E-08  3.625019E-09  1.230030E-03  1.013270E-07  4.220411E-09  3.617614E-09  1.543543E-05  2.098657E-05  1.385483E-07  1.120049E-07  1.434845E-07  3.904414E-08
 3.051500E+02  8.996976E-03  1.898720E-06  1.006718E-10  1.334231E-10  1.487601E-10  1.789963E-10  2.044882E-02  2.089110E-05  1.235376E-07  9.039113E-03  1.683656E-05  1.742522E-07  7.361269E-09  1.087528E-04  1.594344E-08  5.743460E-08  3.468914E-09  1.208346E-03  9.639617E-08  4.067654E-09  3.484245E-09  1.512491E-05  2.056402E-05  1.301357E-07  1.049720E-07  1.345205E-07  3.699247E-08
 3.061500E+02  8.981798E-03  1.872945E-06  9.719629E-11  1.288517E-10  1.436717E-10  1.729175E-10  2.037528E-02  2.042614E-05  1.155441E-07  9.022924E-03  1.652517E-05  1.640116E-07  7.146230E-09  1.063947E-04  1.506435E-08  5.440985E-08  3.320442E-09  1.187140E-03  9.173084E-08  3.921213E-09  3.356482E-09  1.482240E-05  2.015238E-05  1.222803E-07  9.842228E-08  1.261697E-07  3.506024E-08
 3.071500E+02  8.966441E-03  1.847619E-06  9.385871E-11  1.244605E-10  1.387835E-10  1.670764E-10  2.030233E-02  1.997472E-05  1.081178E-07  9.006586E-03  1.622085E-05  1.544249E-07  6.938489E-09  1.041015E-04  1.423911E-08  5.156303E-08  3.179190E-09  1.166400E-03  8.731548E-08  3.780803E-09  3.234067E-09  1.452765E-05  1.975132E-05  1.149423E-07  9.231989E-08  1.183866E-07  3.323990E-08
 3.081500E+02  8.950916E-03  1.822734E-06  9.065304E-11  1.202416E-10  1.340869E-10  1.614629E-10  2.022998E-02  1.953635E-05  1.012153E-07  8.990107E-03  1.592344E-05  1.454474E-07  6.737775E-09  1.018712E-04  1.346411E-08  4.888266E-08  3.044770E-09  1.146116E-03  8.313556E-08  3.646148E-09  3.116753E-09  1.424043E-05  1.936052E-05  1.080851E-07  8.663182E-08  1.111296E-07  3.152439E-08
 3.091500E+02  8.935227E-03  1.798281E-06  8.757351E-11  1.161877E-10  1.295737E-10  1.560670E-10  2.015821E-02  1.911058E-05  9.479645E-08  8.973494E-03  1.563276E-05  1.370376E-07  6.543823E-09  9.970178E-05  1.273602E-08  4.635808E-08  2.916818E-09  1.126275E-03  7.917746E-08  3.516989E-09  3.004306E-09  1.396050E-05  1.897968E-05  1.016747E-07  8.132766E-08  1.043602E-07  2.990714E-08
 3.101500E+02  8.919384E-03  1.774254E-06  8.461465E-11  1.122915E-10  1.252358E-10  1.508795E-10  2.008701E-02  1.869699E-05  8.882462E-08  8.956752E-03  1.534864E-05  1.291568E-07  6.356384E-09  9.759126E-05  1.205174E-08  4.397937E-08  2.794990E-09  1.106868E-03  7.542839E-08  3.393079E-09  2.896502E-09  1.368766E-05  1.860849E-05  9.567976E-08  7.637941E-08  9.804297E-08  2.838201E-08
 3.111500E+02  8.903393E-03  1.750644E-06  8.177122E-11  1.085464E-10  1.210658E-10  1.458915E-10  2.001637E-02  1.829514E-05  8.326606E-08  8.939888E-03  1.507092E-05  1.217694E-07  6.175215E-09  9.553779E-05  1.140838E-08  4.173727E-08  2.678960E-09  1.087884E-03  7.187635E-08  3.274182E-09  2.793132E-09  1.342168E-05  1.824667E-05  9.007118E-08  7.176123E-08  9.214524E-08  2.694328E-08
 3.121500E+02  8.887261E-03  1.727444E-06  7.903826E-11  1.049457E-10  1.170565E-10  1.410945E-10  1.994630E-02  1.790464E-05  7.808976E-08  8.922908E-03  1.479943E-05  1.148422E-07  6.000084E-09  9.353954E-05  1.080327E-08  3.962317E-08  2.568423E-09  1.069312E-03  6.851008E-08  3.160073E-09  2.693993E-09  1.316238E-05  1.789394E-05  8.482214E-08  6.744930E-08  8.663686E-08  2.558563E-08
 3.131500E+02  8.870994E-03  1.704646E-06  7.641099E-11  1.014834E-10  1.132010E-10  1.364804E-10  1.987677E-02  1.752510E-05  7.326722E-08  8.905817E-03  1.453403E-05  1.083444E-07  5.830767E-09  9.159479E-05  1.023392E-08  3.762906E-08  2.463091E-09  1.051142E-03  6.531902E-08  3.050541E-09  2.598894E-09  1.290955E-05  1.755003E-05  7.990777E-08  6.342166E-08  8.149000E-08  2.430406E-08
 3.141500E+02  8.854599E-03  1.682244E-06  7.388490E-11  9.815356E-11  1.094928E-10  1.320414E-10  1.980779E-02  1.715616E-05  6.877222E-08  8.888622E-03  1.427455E-05  1.022474E-07  5.667052E-09  8.970185E-05  9.698025E-09  3.574745E-08  2.362694E-09  1.033365E-03  6.229325E-08  2.945381E-09  2.507654E-09  1.266300E-05  1.721469E-05  7.530503E-08  5.965800E-08  7.667896E-08  2.309392E-08
 3.151500E+02  8.838082E-03  1.660229E-06  7.145566E-11  9.495052E-11  1.059256E-10  1.277703E-10  1.973935E-02  1.679744E-05  6.458061E-08  8.871328E-03  1.402085E-05  9.652456E-08  5.508731E-09  8.785909E-05  9.193425E-09  3.397137E-08  2.266973E-09  1.015971E-03  5.942343E-08  2.844400E-09  2.420098E-09  1.242254E-05  1.688764E-05  7.099260E-08  5.613960E-08  7.218002E-08  2.195086E-08
 3.161500E+02  8.821449E-03  1.638595E-06  6.911915E-11  9.186895E-11  1.024935E-10  1.236598E-10  1.967144E-02  1.644862E-05  6.067018E-08  8.853939E-03  1.377278E-05  9.115124E-08  5.355608E-09  8.606496E-05  8.718123E-09  3.229432E-08  2.175688E-09  9.989503E-04  5.670083E-08  2.747415E-09  2.336062E-09  1.218801E-05  1.656867E-05  6.695070E-08  5.284915E-08  6.797122E-08  2.087083E-08
 3.171500E+02  8.804706E-03  1.617334E-06  6.687142E-11  8.890372E-11  9.919072E-11  1.197034E-10  1.960405E-02  1.610937E-05  5.702046E-08  8.836462E-03  1.353021E-05  8.610445E-08  5.207493E-09  8.431795E-05  8.270254E-09  3.071023E-08  2.088610E-09  9.822947E-04  5.411719E-08  2.654249E-09  2.255389E-09  1.195922E-05  1.625753E-05  6.316099E-08  4.977064E-08  6.403230E-08  1.985003E-08
 3.181500E+02  8.787859E-03  1.596440E-06  6.470875E-11  8.604995E-11  9.601195E-11  1.158945E-10  1.953718E-02  1.577936E-05  5.361256E-08  8.818902E-03  1.329299E-05  8.136282E-08  5.064203E-09  8.261659E-05  7.848085E-09  2.921343E-08  2.005524E-09  9.659950E-04  5.166480E-08  2.564736E-09  2.177930E-09  1.173602E-05  1.595398E-05  5.960647E-08  4.688928E-08  6.034448E-08  1.888491E-08
 3.191500E+02  8.770912E-03  1.575906E-06  6.262753E-11  8.330297E-11  9.295197E-11  1.122271E-10  1.947081E-02  1.545829E-05  5.042908E-08  8.801262E-03  1.306100E-05  7.690650E-08  4.925562E-09  8.095949E-05  7.449999E-09  2.779862E-08  1.926227E-09  9.500426E-04  4.933637E-08  2.478717E-09  2.103543E-09  1.151823E-05  1.565783E-05  5.627135E-08  4.419138E-08  5.689040E-08  1.797214E-08
 3.201500E+02  8.753873E-03  1.555724E-06  6.062435E-11  8.065832E-11  9.000582E-11  1.086953E-10  1.940496E-02  1.514587E-05  4.745398E-08  8.783548E-03  1.283410E-05  7.271698E-08  4.791403E-09  7.934527E-05  7.074489E-09  2.646086E-08  1.850527E-09  9.344290E-04  4.712508E-08  2.396041E-09  2.032092E-09  1.130571E-05  1.536884E-05  5.314101E-08  4.166428E-08  5.365399E-08  1.710862E-08
 3.211500E+02  8.736745E-03  1.535890E-06  5.869596E-11  7.811176E-11  8.716879E-11  1.052934E-10  1.933960E-02  1.484181E-05  4.467241E-08  8.765765E-03  1.261217E-05  6.877705E-08  4.661565E-09  7.777264E-05  6.720151E-09  2.519554E-08  1.778241E-09  9.191462E-04  4.502447E-08  2.316562E-09  1.963449E-09  1.109830E-05  1.508681E-05  5.020182E-08  3.929624E-08  5.062037E-08  1.629145E-08
 3.221500E+02  8.719533E-03  1.516395E-06  5.683923E-11  7.565923E-11  8.443636E-11  1.020163E-10  1.927473E-02  1.454586E-05  4.207070E-08  8.747916E-03  1.239508E-05  6.507068E-08  4.535890E-09  7.624033E-05  6.385676E-09  2.399833E-08  1.709199E-09  9.041861E-04  4.302851E-08  2.240143E-09  1.897491E-09  1.089586E-05  1.481156E-05  4.744117E-08  3.707641E-08  4.777574E-08  1.551789E-08
 3.231500E+02  8.702243E-03  1.497234E-06  5.505119E-11  7.329685E-11  8.180422E-11  9.885869E-11  1.921034E-02  1.425773E-05  3.963620E-08  8.730007E-03  1.218271E-05  6.158294E-08  4.414230E-09  7.474712E-05  6.069841E-09  2.286519E-08  1.643239E-09  8.895410E-04  4.113148E-08  2.166653E-09  1.834102E-09  1.069825E-05  1.454287E-05  4.484731E-08  3.499471E-08  4.510731E-08  1.478540E-08
 3.241500E+02  8.684880E-03  1.478400E-06  5.332900E-11  7.102091E-11  7.926826E-11  9.581576E-11  1.914644E-02  1.397720E-05  3.735722E-08  8.712041E-03  1.197496E-05  5.829992E-08  4.296441E-09  7.329182E-05  5.771506E-09  2.179235E-08  1.580207E-09  8.752032E-04  3.932804E-08  2.095966E-09  1.773168E-09  1.050532E-05  1.428057E-05  4.240932E-08  3.304181E-08  4.260324E-08  1.409159E-08
 3.251500E+02  8.667447E-03  1.459887E-06  5.166996E-11  6.882788E-11  7.682455E-11  9.288286E-11  1.908301E-02  1.370400E-05  3.522296E-08  8.694022E-03  1.177169E-05  5.520865E-08  4.182385E-09  7.187330E-05  5.489605E-09  2.077625E-08  1.519959E-09  8.611655E-04  3.761313E-08  2.027964E-09  1.714586E-09  1.031696E-05  1.402448E-05  4.011707E-08  3.120906E-08  4.025251E-08  1.343423E-08
 3.261500E+02  8.649949E-03  1.441690E-06  5.007146E-11  6.671437E-11  7.446934E-11  9.005552E-11  1.902005E-02  1.343791E-05  3.322340E-08  8.675954E-03  1.157281E-05  5.229704E-08  4.071930E-09  7.049046E-05  5.223145E-09  1.981360E-08  1.462357E-09  8.474206E-04  3.598199E-08  1.962532E-09  1.658253E-09  1.013302E-05  1.377442E-05  3.796112E-08  2.948842E-08  3.804493E-08  1.281120E-08
 3.271500E+02  8.632391E-03  1.423801E-06  4.853104E-11  6.467716E-11  7.219902E-11  8.732948E-11  1.895755E-02  1.317871E-05  3.134929E-08  8.657841E-03  1.137820E-05  4.955381E-08  3.964947E-09  6.914223E-05  4.971194E-09  1.890130E-08  1.407272E-09  8.339615E-04  3.443014E-08  1.899563E-09  1.604073E-09  9.953391E-06  1.353022E-05  3.593268E-08  2.787245E-08  3.597101E-08  1.222055E-08
 3.281500E+02  8.614777E-03  1.406216E-06  4.704632E-11  6.271315E-11  7.001017E-11  8.470067E-11  1.889550E-02  1.292618E-05  2.959207E-08  8.639688E-03  1.118777E-05  4.696844E-08  3.861314E-09  6.782759E-05  4.732885E-09  1.803642E-08  1.354580E-09  8.207813E-04  3.295336E-08  1.838952E-09  1.551954E-09  9.777947E-06  1.329172E-05  3.402357E-08  2.635421E-08  3.402196E-08  1.166043E-08
 3.291500E+02  8.597110E-03  1.388929E-06  4.561506E-11  6.081940E-11  6.789950E-11  8.216520E-11  1.883391E-02  1.268011E-05  2.794379E-08  8.621496E-03  1.100140E-05  4.453111E-08  3.760913E-09  6.654554E-05  4.507405E-09  1.721626E-08  1.304167E-09  8.078735E-04  3.154766E-08  1.780600E-09  1.501809E-09  9.606574E-06  1.305876E-05  3.222618E-08  2.492730E-08  3.218959E-08  1.112911E-08
 3.301500E+02  8.579395E-03  1.371933E-06  4.423509E-11  5.899307E-11  6.586389E-11  7.971934E-11  1.877276E-02  1.244030E-05  2.639709E-08  8.603270E-03  1.081899E-05  4.223266E-08  3.663631E-09  6.529513E-05  4.293995E-09  1.643825E-08  1.255921E-09  7.952316E-04  3.020930E-08  1.724414E-09  1.453554E-09  9.439157E-06  1.283118E-05  3.053342E-08  2.358572E-08  3.046631E-08  1.062495E-08
 3.311500E+02  8.561635E-03  1.355223E-06  4.290434E-11  5.723149E-11  6.390033E-11  7.735954E-11  1.871205E-02  1.220655E-05  2.494515E-08  8.585012E-03  1.064046E-05  4.006454E-08  3.569357E-09  6.407542E-05  4.091942E-09  1.570001E-08  1.209738E-09  7.828491E-04  2.893474E-08  1.670303E-09  1.407109E-09  9.275590E-06  1.260884E-05  2.893867E-08  2.232393E-08  2.884505E-08  1.014645E-08
 3.321500E+02  8.543834E-03  1.338795E-06  4.162084E-11  5.553205E-11  6.200596E-11  7.508238E-11  1.865177E-02  1.197868E-05  2.358165E-08  8.566728E-03  1.046571E-05  3.801874E-08  3.477988E-09  6.288552E-05  3.900582E-09  1.499928E-08  1.165521E-09  7.707200E-04  2.772064E-08  1.618181E-09  1.362398E-09  9.115765E-06  1.239160E-05  2.743578E-08  2.113677E-08  2.731922E-08  9.692147E-09
 3.331500E+02  8.525995E-03  1.322642E-06  4.038270E-11  5.389230E-11  6.017802E-11  7.288461E-11  1.859192E-02  1.175652E-05  2.230069E-08  8.548418E-03  1.029464E-05  3.608780E-08  3.389422E-09  6.172456E-05  3.719291E-09  1.433396E-08  1.123175E-09  7.588382E-04  2.656385E-08  1.567967E-09  1.319349E-09  8.959581E-06  1.217931E-05  2.601900E-08  2.001942E-08  2.588272E-08  9.260712E-09
 3.341500E+02  8.508123E-03  1.306759E-06  3.918813E-11  5.230988E-11  5.841390E-11  7.076311E-11  1.853250E-02  1.153987E-05  2.109685E-08  8.530086E-03  1.012716E-05  3.426473E-08  3.303563E-09  6.059171E-05  3.547485E-09  1.370207E-08  1.082611E-09  7.471980E-04  2.546139E-08  1.519582E-09  1.277892E-09  8.806939E-06  1.197184E-05  2.468298E-08  1.896742E-08  2.452984E-08  8.850875E-09
 3.351500E+02  8.490219E-03  1.291142E-06  3.803539E-11  5.078252E-11  5.671109E-11  6.871490E-11  1.847350E-02  1.132859E-05  1.996504E-08  8.511736E-03  9.963194E-06  3.254301E-08  3.220315E-09  5.948615E-05  3.384618E-09  1.310175E-08  1.043746E-09  7.357936E-04  2.441047E-08  1.472950E-09  1.237962E-09  8.657743E-06  1.176906E-05  2.342270E-08  1.797661E-08  2.325528E-08  8.461447E-09
 3.361500E+02  8.472288E-03  1.275785E-06  3.692282E-11  4.930807E-11  5.506717E-11  6.673711E-11  1.841491E-02  1.112251E-05  1.890057E-08  8.493370E-03  9.802649E-06  3.091654E-08  3.139591E-09  5.840710E-05  3.230176E-09  1.253125E-08  1.006500E-09  7.246194E-04  2.340844E-08  1.428002E-09  1.199495E-09  8.511899E-06  1.157084E-05  2.223350E-08  1.704310E-08  2.205410E-08  8.091308E-09
 3.371500E+02  8.454332E-03  1.260682E-06  3.584886E-11  4.788445E-11  5.347986E-11  6.482702E-11  1.835673E-02  1.092147E-05  1.789906E-08  8.474991E-03  9.645445E-06  2.937960E-08  3.061303E-09  5.735380E-05  3.083679E-09  1.198893E-08  9.707969E-10  7.136700E-04  2.245278E-08  1.384668E-09  1.162431E-09  8.369317E-06  1.137706E-05  2.111103E-08  1.616329E-08  2.092168E-08  7.739408E-09
 3.381500E+02  8.436355E-03  1.245831E-06  3.481199E-11  4.650970E-11  5.194695E-11  6.298200E-11  1.829895E-02  1.072532E-05  1.695645E-08  8.456601E-03  9.491500E-06  2.792686E-08  2.985367E-09  5.632552E-05  2.944676E-09  1.147325E-08  9.365656E-10  7.029402E-04  2.154115E-08  1.342883E-09  1.126713E-09  8.229911E-06  1.118760E-05  2.005120E-08  1.533380E-08  1.985375E-08  7.404755E-09
 3.391500E+02  8.418359E-03  1.231224E-06  3.381076E-11  4.518190E-11  5.046633E-11  6.119955E-11  1.824158E-02  1.053392E-05  1.606894E-08  8.438203E-03  9.340737E-06  2.655330E-08  2.911704E-09  5.532156E-05  2.812744E-09  1.098276E-08  9.037377E-10  6.924249E-04  2.067130E-08  1.302585E-09  1.092285E-09  8.093595E-06  1.100234E-05  1.905022E-08  1.455150E-08  1.884628E-08  7.086419E-09
 3.401500E+02  8.400347E-03  1.216859E-06  3.284379E-11  4.389925E-11  4.903599E-11  5.947726E-11  1.818460E-02  1.034712E-05  1.523303E-08  8.419800E-03  9.193080E-06  2.525425E-08  2.840236E-09  5.434121E-05  2.687485E-09  1.051610E-08  8.722486E-10  6.821189E-04  1.984114E-08  1.263714E-09  1.059095E-09  7.960287E-06  1.082118E-05  1.810453E-08  1.381346E-08  1.789555E-08  6.783522E-09
 3.411500E+02  8.382321E-03  1.202730E-06  3.190975E-11  4.266001E-11  4.765399E-11  5.781285E-11  1.812801E-02  1.016480E-05  1.444543E-08  8.401393E-03  9.048453E-06  2.402532E-08  2.770889E-09  5.338382E-05  2.568528E-09  1.007197E-08  8.420371E-10  6.720176E-04  1.904865E-08  1.226213E-09  1.027093E-09  7.829908E-06  1.064399E-05  1.721081E-08  1.311695E-08  1.699806E-08  6.495239E-09
 3.421500E+02  8.364286E-03  1.188833E-06  3.100737E-11  4.146252E-11  4.631848E-11  5.620410E-11  1.807180E-02  9.986812E-06  1.370310E-08  8.382985E-03  8.906785E-06  2.286240E-08  2.703592E-09  5.244874E-05  2.455520E-09  9.649186E-09  8.130449E-10  6.621159E-04  1.829196E-08  1.190028E-09  9.962314E-10  7.702380E-06  1.047069E-05  1.636594E-08  1.245942E-08  1.615056E-08  6.220791E-09
 3.431500E+02  8.346242E-03  1.175163E-06  3.013544E-11  4.030518E-11  4.502770E-11  5.464890E-11  1.801598E-02  9.813042E-06  1.300318E-08  8.364579E-03  8.768005E-06  2.176165E-08  2.638275E-09  5.153536E-05  2.348135E-09  9.246593E-09  7.852167E-10  6.524095E-04  1.756929E-08  1.155106E-09  9.664639E-10  7.577629E-06  1.030116E-05  1.556702E-08  1.183848E-08  1.535001E-08  5.959447E-09
 3.441500E+02  8.328192E-03  1.161716E-06  2.929279E-11  3.918647E-11  4.377993E-11  5.314523E-11  1.796053E-02  9.643365E-06  1.234302E-08  8.346177E-03  8.632045E-06  2.071944E-08  2.574872E-09  5.064306E-05  2.246062E-09  8.863124E-09  7.584998E-10  6.428937E-04  1.687895E-08  1.121399E-09  9.377469E-10  7.455581E-06  1.013531E-05  1.481132E-08  1.125192E-08  1.459356E-08  5.710514E-09
 3.451500E+02  8.310139E-03  1.148488E-06  2.847830E-11  3.810492E-11  4.257356E-11  5.169116E-11  1.790546E-02  9.477663E-06  1.172016E-08  8.327780E-03  8.498837E-06  1.973240E-08  2.513320E-09  4.977127E-05  2.149010E-09  8.497772E-09  7.328444E-10  6.335641E-04  1.621933E-08  1.088857E-09  9.100384E-10  7.336167E-06  9.973044E-06  1.409630E-08  1.069764E-08  1.387857E-08  5.473343E-09
 3.461500E+02  8.292086E-03  1.135475E-06  2.769092E-11  3.705914E-11  4.140703E-11  5.028481E-11  1.785075E-02  9.315822E-06  1.113229E-08  8.309390E-03  8.368317E-06  1.879736E-08  2.453556E-09  4.891942E-05  2.056707E-09  8.149585E-09  7.082030E-10  6.244164E-04  1.558894E-08  1.057436E-09  8.832987E-10  7.219318E-06  9.814263E-06  1.341956E-08  1.017372E-08  1.320254E-08  5.247320E-09
 3.471500E+02  8.274033E-03  1.122673E-06  2.692960E-11  3.604777E-11  4.027884E-11  4.892442E-11  1.779641E-02  9.157732E-06  1.057725E-08  8.291010E-03  8.240421E-06  1.791133E-08  2.395522E-09  4.808696E-05  1.968895E-09  7.817666E-09  6.845304E-10  6.154465E-04  1.498634E-08  1.027091E-09  8.574893E-10  7.104967E-06  9.658879E-06  1.277888E-08  9.678328E-09  1.256316E-08  5.031864E-09
 3.481500E+02  8.255984E-03  1.110077E-06  2.619339E-11  3.506953E-11  3.918755E-11  4.760828E-11  1.774243E-02  9.003287E-06  1.005304E-08  8.272642E-03  8.115088E-06  1.707152E-08  2.339159E-09  4.727336E-05  1.885333E-09  7.501170E-09  6.617837E-10  6.066504E-04  1.441017E-08  9.977817E-10  8.325736E-10  6.993051E-06  9.506806E-06  1.217215E-08  9.209772E-09  1.195825E-08  4.826431E-09
 3.491500E+02  8.237940E-03  1.097684E-06  2.548132E-11  3.412319E-11  3.813180E-11  4.633474E-11  1.768881E-02  8.852383E-06  9.557788E-09  8.254287E-03  7.992257E-06  1.627530E-08  2.284414E-09  4.647812E-05  1.805792E-09  7.199301E-09  6.399221E-10  5.980239E-04  1.385916E-08  9.694673E-10  8.085167E-10  6.883507E-06  9.357957E-06  1.159741E-08  8.766461E-09  1.138577E-08  4.630504E-09
 3.501500E+02  8.219903E-03  1.085490E-06  2.479250E-11  3.320756E-11  3.711026E-11  4.510223E-11  1.763554E-02  8.704922E-06  9.089733E-09  8.235946E-03  7.871870E-06  1.552022E-08  2.231233E-09  4.570072E-05  1.730058E-09  6.911306E-09  6.189067E-10  5.895632E-04  1.333208E-08  9.421096E-10  7.852850E-10  6.776274E-06  9.212251E-06  1.105282E-08  8.346907E-09  1.084383E-08  4.443596E-09
 3.511500E+02  8.201875E-03  1.073491E-06  2.412608E-11  3.232150E-11  3.612168E-11  4.390926E-11  1.758262E-02  8.560807E-06  8.647240E-09  8.217623E-03  7.753869E-06  1.480396E-08  2.179565E-09  4.494070E-05  1.657929E-09  6.636476E-09  5.987005E-10  5.812647E-04  1.282780E-08  9.156720E-10  7.628465E-10  6.671293E-06  9.069607E-06  1.053666E-08  7.949716E-09  1.033064E-08  4.265248E-09
 3.521500E+02  8.183859E-03  1.061683E-06  2.348120E-11  3.146394E-11  3.516484E-11  4.275436E-11  1.753004E-02  8.419946E-06  8.228781E-09  8.199318E-03  7.638199E-06  1.412434E-08  2.129361E-09  4.419758E-05  1.589216E-09  6.374140E-09  5.792685E-10  5.731245E-04  1.234521E-08  8.901192E-10  7.411705E-10  6.568507E-06  8.929948E-06  1.004730E-08  7.573584E-09  9.844533E-09  4.095027E-09
 3.531500E+02  8.165855E-03  1.050063E-06  2.285710E-11  3.063381E-11  3.423858E-11  4.163616E-11  1.747780E-02  8.282247E-06  7.832923E-09  8.181032E-03  7.524807E-06  1.347933E-08  2.080573E-09  4.347091E-05  1.523738E-09  6.123665E-09  5.605770E-10  5.651392E-04  1.188328E-08  8.654178E-10  7.202275E-10  6.467862E-06  8.793198E-06  9.583219E-09  7.217288E-09  9.383939E-09  3.932521E-09
 3.541500E+02  8.147866E-03  1.038628E-06  2.225299E-11  2.983013E-11  3.334178E-11  4.055333E-11  1.742591E-02  8.147625E-06  7.458328E-09  8.162768E-03  7.413638E-06  1.286700E-08  2.033155E-09  4.276024E-05  1.461327E-09  5.884455E-09  5.425943E-10  5.573051E-04  1.144104E-08  8.415355E-10  6.999895E-10  6.369302E-06  8.659283E-06  9.142995E-09  6.879683E-09  8.947393E-09  3.777343E-09
 3.551500E+02  8.129893E-03  1.027374E-06  2.166815E-11  2.905193E-11  3.247338E-11  3.950457E-11  1.737434E-02  8.015994E-06  7.103743E-09  8.144527E-03  7.304643E-06  1.228554E-08  1.987063E-09  4.206517E-05  1.401822E-09  5.655945E-09  5.252898E-10  5.496190E-04  1.101755E-08  8.184414E-10  6.804296E-10  6.272776E-06  8.528133E-06  8.725284E-09  6.559694E-09  8.533517E-09  3.629127E-09
 3.561500E+02  8.111938E-03  1.016297E-06  2.110188E-11  2.829828E-11  3.163234E-11  3.848868E-11  1.732310E-02  7.887273E-06  6.767994E-09  8.126310E-03  7.197769E-06  1.173327E-08  1.942255E-09  4.138527E-05  1.345075E-09  5.437601E-09  5.086348E-10  5.420775E-04  1.061193E-08  7.961058E-10  6.615218E-10  6.178233E-06  8.399679E-06  8.328827E-09  6.256314E-09  8.141022E-09  3.487527E-09
 3.571500E+02  8.094003E-03  1.005394E-06  2.055350E-11  2.756830E-11  3.081768E-11  3.750447E-11  1.727220E-02  7.761384E-06  6.449984E-09  8.108118E-03  7.092970E-06  1.120857E-08  1.898690E-09  4.072015E-05  1.290943E-09  5.228918E-09  4.926015E-10  5.346773E-04  1.022335E-08  7.745005E-10  6.432416E-10  6.085624E-06  8.273852E-06  7.952442E-09  5.968598E-09  7.768696E-09  3.352215E-09
 3.581500E+02  8.076088E-03  9.946622E-07  2.002237E-11  2.686114E-11  3.002845E-11  3.655080E-11  1.722161E-02  7.638250E-06  6.148683E-09  8.089954E-03  6.990198E-06  1.070995E-08  1.856327E-09  4.006941E-05  1.239292E-09  5.029419E-09  4.771638E-10  5.274153E-04  9.851010E-09  7.535983E-10  6.255652E-10  5.994900E-06  8.150589E-06  7.595016E-09  5.695660E-09  7.415402E-09  3.222882E-09
 3.591500E+02  8.058195E-03  9.840981E-07  1.950787E-11  2.617599E-11  2.926375E-11  3.562661E-11  1.717134E-02  7.517796E-06  5.863127E-09  8.071817E-03  6.889405E-06  1.023600E-08  1.815129E-09  3.943268E-05  1.189996E-09  4.838655E-09  4.622965E-10  5.202884E-04  9.494156E-09  7.333731E-10  6.084699E-10  5.906015E-06  8.029826E-06  7.255504E-09  5.436666E-09  7.080073E-09  3.099233E-09
 3.601500E+02  8.040326E-03  9.736986E-07  1.900939E-11  2.551205E-11  2.852270E-11  3.473083E-11  1.712139E-02  7.399951E-06  5.592412E-09  8.053710E-03  6.790547E-06  9.785379E-09  1.775059E-09  3.880960E-05  1.142936E-09  4.656196E-09  4.479759E-10  5.132936E-04  9.152074E-09  7.137998E-10  5.919339E-10  5.818925E-06  7.911501E-06  6.932922E-09  5.190835E-09  6.761705E-09  2.980992E-09
 3.611500E+02  8.022482E-03  9.634606E-07  1.852638E-11  2.486858E-11  2.780447E-11  3.386246E-11  1.707176E-02  7.284646E-06  5.335691E-09  8.035633E-03  6.693580E-06  9.356833E-09  1.736081E-09  3.819981E-05  1.097998E-09  4.481641E-09  4.341790E-10  5.064280E-04  8.824084E-09  6.948546E-10  5.759365E-10  5.733585E-06  7.795554E-06  6.626347E-09  4.957433E-09  6.459356E-09  2.867896E-09
 3.621500E+02  8.004664E-03  9.533811E-07  1.805827E-11  2.424485E-11  2.710824E-11  3.302056E-11  1.702243E-02  7.171813E-06  5.092168E-09  8.017588E-03  6.598461E-06  8.949182E-09  1.698161E-09  3.760297E-05  1.055076E-09  4.314605E-09  4.208843E-10  4.996888E-04  8.509541E-09  6.765144E-10  5.604577E-10  5.649952E-06  7.681928E-06  6.334908E-09  4.735771E-09  6.172142E-09  2.759695E-09
 3.631500E+02  7.986873E-03  9.434573E-07  1.760455E-11  2.364017E-11  2.643324E-11  3.220418E-11  1.697341E-02  7.061387E-06  4.861097E-09  7.999576E-03  6.505148E-06  8.561312E-09  1.661266E-09  3.701874E-05  1.014070E-09  4.154728E-09  4.080709E-10  4.930731E-04  8.207832E-09  6.587571E-10  5.454782E-10  5.567985E-06  7.570566E-06  6.057785E-09  4.525199E-09  5.899230E-09  2.656156E-09
 3.641500E+02  7.969111E-03  9.336861E-07  1.716470E-11  2.305387E-11  2.577874E-11  3.141244E-11  1.692469E-02  6.953305E-06  4.641779E-09  7.981597E-03  6.413601E-06  8.192173E-09  1.625363E-09  3.644682E-05  9.748847E-10  4.001666E-09  3.957191E-10  4.865782E-04  7.918375E-09  6.415616E-10  5.309797E-10  5.487643E-06  7.461413E-06  5.794209E-09  4.325109E-09  5.639838E-09  2.557053E-09
 3.651500E+02  7.951379E-03  9.240649E-07  1.673823E-11  2.248531E-11  2.514401E-11  3.064449E-11  1.687627E-02  6.847506E-06  4.433555E-09  7.963654E-03  6.323780E-06  7.840777E-09  1.590423E-09  3.588687E-05  9.374297E-10  3.855094E-09  3.838100E-10  4.802015E-04  7.640615E-09  6.249076E-10  5.169446E-10  5.408888E-06  7.354416E-06  5.543452E-09  4.134926E-09  5.393229E-09  2.462177E-09
 3.661500E+02  7.933678E-03  9.145907E-07  1.632469E-11  2.193386E-11  2.452836E-11  2.989950E-11  1.682815E-02  6.743930E-06  4.235809E-09  7.945746E-03  6.235645E-06  7.506190E-09  1.556415E-09  3.533859E-05  9.016200E-10  3.714704E-09  3.723256E-10  4.739404E-04  7.374027E-09  6.087756E-10  5.033559E-10  5.331681E-06  7.249523E-06  5.304831E-09  3.954113E-09  5.158710E-09  2.371325E-09
 3.671500E+02  7.916008E-03  9.052610E-07  1.592362E-11  2.139895E-11  2.393115E-11  2.917669E-11  1.678032E-02  6.642519E-06  4.047959E-09  7.927874E-03  6.149160E-06  7.187532E-09  1.523310E-09  3.480170E-05  8.673751E-10  3.580205E-09  3.612486E-10  4.677925E-04  7.118109E-09  5.931468E-10  4.901974E-10  5.255986E-06  7.146684E-06  5.077702E-09  3.782162E-09  4.935630E-09  2.284309E-09
 3.681500E+02  7.898372E-03  8.960730E-07  1.553458E-11  2.088000E-11  2.335173E-11  2.847529E-11  1.673279E-02  6.543219E-06  3.869461E-09  7.910040E-03  6.064288E-06  6.883973E-09  1.491081E-09  3.427590E-05  8.346189E-10  3.451320E-09  3.505627E-10  4.617551E-04  6.872387E-09  5.780032E-10  4.774536E-10  5.181766E-06  7.045849E-06  4.861456E-09  3.618594E-09  4.723375E-09  2.200947E-09
 3.691500E+02  7.880769E-03  8.870242E-07  1.515717E-11  2.037645E-11  2.278950E-11  2.779457E-11  1.668554E-02  6.445974E-06  3.699801E-09  7.892244E-03  5.980993E-06  6.594729E-09  1.459701E-09  3.376092E-05  8.032791E-10  3.327786E-09  3.402521E-10  4.558260E-04  6.636407E-09  5.633277E-10  4.651095E-10  5.108986E-06  6.946971E-06  4.655522E-09  3.462961E-09  4.521366E-09  2.121069E-09
 3.701500E+02  7.863201E-03  8.781121E-07  1.479097E-11  1.988779E-11  2.224386E-11  2.713383E-11  1.663858E-02  6.350732E-06  3.538498E-09  7.874488E-03  5.899239E-06  6.319061E-09  1.429144E-09  3.325648E-05  7.732876E-10  3.209354E-09  3.303018E-10  4.500028E-04  6.409739E-09  5.491036E-10  4.531508E-10  5.037612E-06  6.850004E-06  4.459359E-09  3.314839E-09  4.329060E-09  2.044513E-09
 3.711500E+02  7.845669E-03  8.693340E-07  1.443562E-11  1.941350E-11  2.171425E-11  2.649239E-11  1.659190E-02  6.257443E-06  3.385098E-09  7.856771E-03  5.818993E-06  6.056271E-09  1.399384E-09  3.276233E-05  7.445794E-10  3.095789E-09  3.206975E-10  4.442832E-04  6.191972E-09  5.353150E-10  4.415636E-10  4.967611E-06  6.754902E-06  4.272458E-09  3.173830E-09  4.145943E-09  1.971124E-09
 3.721500E+02  7.828174E-03  8.606876E-07  1.409073E-11  1.895310E-11  2.120013E-11  2.586961E-11  1.654550E-02  6.166057E-06  3.239175E-09  7.839095E-03  5.740222E-06  5.805699E-09  1.370399E-09  3.227820E-05  7.170935E-10  2.986866E-09  3.114255E-10  4.386650E-04  5.982717E-09  5.219466E-10  4.303348E-10  4.898952E-06  6.661623E-06  4.094339E-09  3.039556E-09  3.971532E-09  1.900757E-09
 3.731500E+02  7.810716E-03  8.521705E-07  1.375595E-11  1.850613E-11  2.070097E-11  2.526485E-11  1.649937E-02  6.076526E-06  3.100327E-09  7.821461E-03  5.662893E-06  5.566723E-09  1.342163E-09  3.180386E-05  6.907717E-10  2.882372E-09  3.024727E-10  4.331460E-04  5.781603E-09  5.089837E-10  4.194517E-10  4.831602E-06  6.570122E-06  3.924547E-09  2.911664E-09  3.805370E-09  1.833273E-09
 3.741500E+02  7.793296E-03  8.437803E-07  1.343095E-11  1.807211E-11  2.021628E-11  2.467751E-11  1.645352E-02  5.988803E-06  2.968174E-09  7.803868E-03  5.586974E-06  5.338753E-09  1.314656E-09  3.133905E-05  6.655589E-10  2.782106E-09  2.938266E-10  4.277242E-04  5.588275E-09  4.964121E-10  4.089020E-10  4.765530E-06  6.480359E-06  3.762656E-09  2.789820E-09  3.647027E-09  1.768539E-09
 3.751500E+02  7.775915E-03  8.355147E-07  1.311538E-11  1.765064E-11  1.974557E-11  2.410702E-11  1.640794E-02  5.902844E-06  2.842363E-09  7.786318E-03  5.512435E-06  5.121234E-09  1.287855E-09  3.088356E-05  6.414030E-10  2.685875E-09  2.854752E-10  4.223974E-04  5.402396E-09  4.842184E-10  3.986740E-10  4.700709E-06  6.392294E-06  3.608260E-09  2.673709E-09  3.496099E-09  1.706431E-09
 3.761500E+02  7.758573E-03  8.273715E-07  1.280894E-11  1.724127E-11  1.928836E-11  2.355281E-11  1.636263E-02  5.818605E-06  2.722555E-09  7.768812E-03  5.439246E-06  4.913640E-09  1.261738E-09  3.043714E-05  6.182544E-10  2.593497E-09  2.774070E-10  4.171636E-04  5.223647E-09  4.723894E-10  3.887565E-10  4.637107E-06  6.305887E-06  3.460978E-09  2.563033E-09  3.352201E-09  1.646830E-09
 3.771500E+02  7.741272E-03  8.193485E-07  1.251132E-11  1.684362E-11  1.884423E-11  2.301435E-11  1.631759E-02  5.736043E-06  2.608436E-09  7.751350E-03  5.367378E-06  4.715473E-09  1.236287E-09  2.999958E-05  5.960662E-10  2.504799E-09  2.696111E-10  4.120209E-04  5.051721E-09  4.609126E-10  3.791386E-10  4.574698E-06  6.221099E-06  3.320449E-09  2.457512E-09  3.214974E-09  1.589623E-09
 3.781500E+02  7.724012E-03  8.114435E-07  1.222223E-11  1.645729E-11  1.841272E-11  2.249112E-11  1.627281E-02  5.655116E-06  2.499708E-09  7.733932E-03  5.296801E-06  4.526265E-09  1.211480E-09  2.957066E-05  5.747938E-10  2.419616E-09  2.620769E-10  4.069673E-04  4.886326E-09  4.497759E-10  3.698100E-10  4.513455E-06  6.137895E-06  3.186332E-09  2.356882E-09  3.084075E-09  1.534702E-09
 3.791500E+02  7.706794E-03  8.036544E-07  1.194138E-11  1.608192E-11  1.799343E-11  2.198261E-11  1.622829E-02  5.575785E-06  2.396088E-09  7.716559E-03  5.227488E-06  4.345569E-09  1.187299E-09  2.915018E-05  5.543951E-10  2.337792E-09  2.547945E-10  4.020010E-04  4.727186E-09  4.389678E-10  3.607606E-10  4.453349E-06  6.056237E-06  3.058305E-09  2.260891E-09  2.959184E-09  1.481966E-09
 3.801500E+02  7.689618E-03  7.959791E-07  1.166850E-11  1.571713E-11  1.758596E-11  2.148836E-11  1.618403E-02  5.498011E-06  2.297312E-09  7.699232E-03  5.159412E-06  4.172964E-09  1.163726E-09  2.873794E-05  5.348297E-10  2.259177E-09  2.477543E-10  3.971201E-04  4.574035E-09  4.284770E-10  3.519808E-10  4.394356E-06  5.976090E-06  2.936064E-09  2.169305E-09  2.839994E-09  1.431316E-09
 3.811500E+02  7.672485E-03  7.884156E-07  1.140332E-11  1.536259E-11  1.718991E-11  2.100789E-11  1.614002E-02  5.421756E-06  2.203130E-09  7.681950E-03  5.092546E-06  4.008054E-09  1.140742E-09  2.833373E-05  5.160597E-10  2.183631E-09  2.409469E-10  3.923229E-04  4.426622E-09  4.182928E-10  3.434614E-10  4.336451E-06  5.897421E-06  2.819320E-09  2.081900E-09  2.726220E-09  1.382661E-09
 3.821500E+02  7.655395E-03  7.809619E-07  1.114561E-11  1.501796E-11  1.680492E-11  2.054076E-11  1.609627E-02  5.346983E-06  2.113306E-09  7.664716E-03  5.026864E-06  3.850460E-09  1.118331E-09  2.793737E-05  4.980488E-10  2.111018E-09  2.343637E-10  3.876076E-04  4.284705E-09  4.084049E-10  3.351935E-10  4.279608E-06  5.820195E-06  2.707802E-09  1.998466E-09  2.617588E-09  1.335913E-09
 3.831500E+02  7.638350E-03  7.736160E-07  1.089511E-11  1.468293E-11  1.643064E-11  2.008653E-11  1.605277E-02  5.273657E-06  2.027617E-09  7.647528E-03  4.962341E-06  3.699825E-09  1.096476E-09  2.754866E-05  4.807626E-10  2.041210E-09  2.279961E-10  3.829725E-04  4.148054E-09  3.988033E-10  3.271686E-10  4.223804E-06  5.744380E-06  2.601250E-09  1.918803E-09  2.513843E-09  1.290988E-09
 3.841500E+02  7.621348E-03  7.663760E-07  1.065159E-11  1.435717E-11  1.606670E-11  1.964481E-11  1.600952E-02  5.201743E-06  1.945852E-09  7.630388E-03  4.898953E-06  3.555812E-09  1.075160E-09  2.716744E-05  4.641685E-10  1.974086E-09  2.218361E-10  3.784159E-04  4.016451E-09  3.894785E-10  3.193783E-10  4.169016E-06  5.669945E-06  2.499422E-09  1.842723E-09  2.414742E-09  1.247807E-09
 3.851500E+02  7.604392E-03  7.592400E-07  1.041482E-11  1.404039E-11  1.571279E-11  1.921518E-11  1.596651E-02  5.131207E-06  1.867812E-09  7.613296E-03  4.836675E-06  3.418101E-09  1.054369E-09  2.679351E-05  4.482355E-10  1.909529E-09  2.158760E-10  3.739363E-04  3.889687E-09  3.804212E-10  3.118149E-10  4.115221E-06  5.596858E-06  2.402086E-09  1.770048E-09  2.320054E-09  1.206293E-09
 3.861500E+02  7.587481E-03  7.522063E-07  1.018459E-11  1.373231E-11  1.536858E-11  1.879726E-11  1.592375E-02  5.062016E-06  1.793310E-09  7.596252E-03  4.775484E-06  3.286386E-09  1.034086E-09  2.642672E-05  4.329339E-10  1.847429E-09  2.101083E-10  3.695320E-04  3.767561E-09  3.716226E-10  3.044706E-10  4.062396E-06  5.525091E-06  2.309024E-09  1.700610E-09  2.229563E-09  1.166375E-09
 3.871500E+02  7.570616E-03  7.452730E-07  9.960690E-12  1.343265E-11  1.503376E-11  1.839068E-11  1.588123E-02  4.994139E-06  1.722169E-09  7.579257E-03  4.715357E-06  3.160382E-09  1.014299E-09  2.606690E-05  4.182358E-10  1.787680E-09  2.045258E-10  3.652015E-04  3.649884E-09  3.630742E-10  2.973381E-10  4.010521E-06  5.454612E-06  2.220028E-09  1.634249E-09  2.143063E-09  1.127984E-09
 3.881500E+02  7.553797E-03  7.384383E-07  9.742912E-12  1.314113E-11  1.470804E-11  1.799508E-11  1.583895E-02  4.927544E-06  1.654220E-09  7.562310E-03  4.656272E-06  3.039815E-09  9.949912E-10  2.571387E-05  4.041145E-10  1.730182E-09  1.991219E-10  3.609434E-04  3.536473E-09  3.547676E-10  2.904105E-10  3.959574E-06  5.385395E-06  2.134902E-09  1.570815E-09  2.060358E-09  1.091054E-09
 3.891500E+02  7.537025E-03  7.317005E-07  9.531063E-12  1.285751E-11  1.439112E-11  1.761012E-11  1.579690E-02  4.862203E-06  1.589305E-09  7.545413E-03  4.598207E-06  2.924428E-09  9.761506E-10  2.536749E-05  3.905445E-10  1.674840E-09  1.938898E-10  3.567560E-04  3.427155E-09  3.466951E-10  2.836809E-10  3.909535E-06  5.317411E-06  2.053461E-09  1.510164E-09  1.981265E-09  1.055523E-09
 3.901500E+02  7.520300E-03  7.250579E-07  9.324957E-12  1.258153E-11  1.408273E-11  1.723546E-11  1.575509E-02  4.798084E-06  1.527275E-09  7.528566E-03  4.541140E-06  2.813973E-09  9.577635E-10  2.502761E-05  3.775017E-10  1.621561E-09  1.888234E-10  3.526380E-04  3.321764E-09  3.388489E-10  2.771427E-10  3.860384E-06  5.250633E-06  1.975529E-09  1.452162E-09  1.905610E-09  1.021332E-09
 3.911500E+02  7.503622E-03  7.185089E-07  9.124411E-12  1.231295E-11  1.378260E-11  1.687078E-11  1.571352E-02  4.735160E-06  1.467986E-09  7.511768E-03  4.485051E-06  2.708220E-09  9.398172E-10  2.469406E-05  3.649630E-10  1.570260E-09  1.839167E-10  3.485880E-04  3.220142E-09  3.312217E-10  2.707897E-10  3.812101E-06  5.185034E-06  1.900938E-09  1.396681E-09  1.833226E-09  9.884230E-10
 3.921500E+02  7.486993E-03  7.120518E-07  8.929252E-12  1.205154E-11  1.349048E-11  1.651577E-11  1.567218E-02  4.673404E-06  1.411304E-09  7.495021E-03  4.429919E-06  2.606947E-09  9.222992E-10  2.436671E-05  3.529068E-10  1.520854E-09  1.791637E-10  3.446046E-04  3.122136E-09  3.238064E-10  2.646158E-10  3.764669E-06  5.120590E-06  1.829530E-09  1.343599E-09  1.763956E-09  9.567432E-10
 3.931500E+02  7.470411E-03  7.056851E-07  8.739310E-12  1.179708E-11  1.320611E-11  1.617013E-11  1.563106E-02  4.612788E-06  1.357104E-09  7.478324E-03  4.375725E-06  2.509946E-09  9.051975E-10  2.404542E-05  3.413119E-10  1.473263E-09  1.745591E-10  3.406864E-04  3.027602E-09  3.165963E-10  2.586151E-10  3.718067E-06  5.057275E-06  1.761154E-09  1.292802E-09  1.697654E-09  9.262406E-10
 3.941500E+02  7.453877E-03  6.994071E-07  8.554424E-12  1.154936E-11  1.292925E-11  1.583358E-11  1.559017E-02  4.553286E-06  1.305264E-09  7.461677E-03  4.322450E-06  2.417017E-09  8.885006E-10  2.373005E-05  3.301587E-10  1.427413E-09  1.700975E-10  3.368322E-04  2.936402E-09  3.095846E-10  2.527820E-10  3.672280E-06  4.995065E-06  1.695670E-09  1.244180E-09  1.634177E-09  8.968661E-10
 3.951500E+02  7.437392E-03  6.932163E-07  8.374436E-12  1.130816E-11  1.265968E-11  1.550583E-11  1.554951E-02  4.494873E-06  1.255670E-09  7.445082E-03  4.270074E-06  2.327971E-09  8.721972E-10  2.342046E-05  3.194282E-10  1.383231E-09  1.657738E-10  3.330406E-04  2.848403E-09  3.027652E-10  2.471112E-10  3.627287E-06  4.933936E-06  1.632940E-09  1.197631E-09  1.573392E-09  8.685728E-10
 3.961500E+02  7.420956E-03  6.871113E-07  8.199194E-12  1.107328E-11  1.239717E-11  1.518662E-11  1.550906E-02  4.437524E-06  1.208214E-09  7.428538E-03  4.218579E-06  2.242630E-09  8.562763E-10  2.311652E-05  3.091024E-10  1.340648E-09  1.615831E-10  3.293105E-04  2.763479E-09  2.961318E-10  2.415973E-10  3.583074E-06  4.873865E-06  1.572837E-09  1.153056E-09  1.515173E-09  8.413161E-10
 3.971500E+02  7.404569E-03  6.810905E-07  8.028553E-12  1.084454E-11  1.214150E-11  1.487568E-11  1.546884E-02  4.381214E-06  1.162794E-09  7.412044E-03  4.167947E-06  2.160823E-09  8.407274E-10  2.281812E-05  2.991641E-10  1.299600E-09  1.575206E-10  3.256406E-04  2.681508E-09  2.896785E-10  2.362353E-10  3.539623E-06  4.814828E-06  1.515240E-09  1.110362E-09  1.459400E-09  8.150531E-10
 3.981500E+02  7.388232E-03  6.751526E-07  7.862371E-12  1.062173E-11  1.189247E-11  1.457277E-11  1.542884E-02  4.325921E-06  1.119313E-09  7.395603E-03  4.118160E-06  2.082388E-09  8.255404E-10  2.252511E-05  2.895970E-10  1.260024E-09  1.535819E-10  3.220297E-04  2.602376E-09  2.833997E-10  2.310205E-10  3.496918E-06  4.756805E-06  1.460032E-09  1.069463E-09  1.405958E-09  7.897431E-10
 3.991500E+02  7.371944E-03  6.692960E-07  7.700513E-12  1.040470E-11  1.164987E-11  1.427763E-11  1.538906E-02  4.271621E-06  1.077680E-09  7.379213E-03  4.069202E-06  2.007173E-09  8.107052E-10  2.223739E-05  2.803855E-10  1.221859E-09  1.497627E-10  3.184766E-04  2.525971E-09  2.772900E-10  2.259480E-10  3.454944E-06  4.699774E-06  1.407105E-09  1.030273E-09  1.354740E-09  7.653472E-10
