#         T/K        V/dm^3  V(excl)/dm^3    alpha/K^-1        status
 2.731500E+02  4.488874E-02  4.331402E-02  3.166037E-04                                 112
 2.741500E+02  4.490295E-02  4.331402E-02  3.187371E-04                                 112
 2.751500E+02  4.491736E-02  4.331402E-02  3.230341E-04                                 112
 2.761500E+02  4.493197E-02  4.331402E-02  3.272458E-04                                 112
 2.771500E+02  4.494677E-02  4.331402E-02  3.314222E-04                                 112
 2.781500E+02  4.496176E-02  4.331402E-02  3.355597E-04                                 112
 2.791500E+02  4.497694E-02  4.331402E-02  3.396544E-04                                 112
 2.801500E+02  4.499232E-02  4.331402E-02  3.437031E-04                                 112
 2.811500E+02  4.500787E-02  4.331402E-02  3.477027E-04                                 112
 2.821500E+02  4.502361E-02  4.331402E-02  3.516505E-04                                 112
 2.831500E+02  4.503954E-02  4.331402E-02  3.555441E-04                                 112
 2.841500E+02  4.505564E-02  4.331402E-02  3.593814E-04                                 112
 2.851500E+02  4.507192E-02  4.331402E-02  3.631605E-04                                 112
 2.861500E+02  4.508838E-02  4.331402E-02  3.668802E-04                                 112
 2.871500E+02  4.510501E-02  4.331402E-02  3.705392E-04                                 112
 2.881500E+02  4.512180E-02  4.331402E-02  3.741369E-04                                 112
 2.891500E+02  4.513877E-02  4.331402E-02  3.776728E-04                                 112
 2.901500E+02  4.515590E-02  4.331402E-02  3.811467E-04                                 112
 2.911500E+02  4.517319E-02  4.331402E-02  3.845588E-04                                 112
 2.921500E+02  4.519064E-02  4.331402E-02  3.879096E-04                                 112
 2.931500E+02  4.520825E-02  4.331402E-02  3.911997E-04                                 112
 2.941500E+02  4.522601E-02  4.331402E-02  3.944304E-04                                 112
 2.951500E+02  4.524393E-02  4.331402E-02  3.976027E-04                                 112
 2.961500E+02  4.526199E-02  4.331402E-02  4.007182E-04                                 112
 2.971500E+02  4.528020E-02  4.331402E-02  4.037787E-04                                 112
 2.981500E+02  4.529856E-02  4.331402E-02  4.067861E-04                                 112
 2.991500E+02  4.531706E-02  4.331402E-02  4.097425E-04                                 112
 3.001500E+02  4.533569E-02  4.331402E-02  4.126502E-04                                 112
 3.011500E+02  4.535447E-02  4.331402E-02  4.155119E-04                                 112
 3.021500E+02  4.537339E-02  4.331402E-02  4.183300E-04                                 112
 3.031500E+02  4.539243E-02  4.331402E-02  4.211075E-04                                 112
 3.041500E+02  4.541162E-02  4.331402E-02  4.238472E-04                                 112
 3.051500E+02  4.543093E-02  4.331402E-02  4.265523E-04                                 112
 3.061500E+02  4.545037E-02  4.331402E-02  4.292258E-04                                 112
 3.071500E+02  4.546995E-02  4.331402E-02  4.318712E-04                                 112
 3.081500E+02  4.548965E-02  4.331402E-02  4.344917E-04                                 112
 3.091500E+02  4.550948E-02  4.331402E-02  4.370908E-04                                 112
 3.101500E+02  4.552943E-02  4.331402E-02  4.396721E-04                                 112
 3.111500E+02  4.554951E-02  4.331402E-02  4.422392E-04                                 112
 3.121500E+02  4.556972E-02  4.331402E-02  4.447959E-04                                 112
 3.131500E+02  4.559005E-02  4.331402E-02  4.473459E-04                                 112
 3.141500E+02  4.561051E-02  4.331402E-02  4.498930E-04                                 112
 3.151500E+02  4.563109E-02  4.331402E-02  4.524411E-04                                 112
 3.161500E+02  4.565180E-02  4.331402E-02  4.549942E-04                                 112
 3.171500E+02  4.567263E-02  4.331402E-02  4.575564E-04                                 112
 3.181500E+02  4.569359E-02  4.331402E-02  2.846669E+02                                 112
 3.191500E+02  2.606058E+01  4.331402E-02  5.007390E-01                                 111
 3.201500E+02  2.614479E+01  4.331402E-02  3.220041E-03                                 111
 3.211500E+02  2.622895E+01  4.331402E-02  3.208065E-03                                 111
 3.221500E+02  2.631308E+01  4.331402E-02  3.196214E-03                                 111
 3.231500E+02  2.639716E+01  4.331402E-02  3.184485E-03                                 111
 3.241500E+02  2.648120E+01  4.331402E-02  3.172875E-03                                 111
 3.251500E+02  2.656520E+01  4.331402E-02  3.161381E-03                                 111
 3.261500E+02  2.664916E+01  4.331402E-02  3.150001E-03                                 111
 3.271500E+02  2.673309E+01  4.331402E-02  3.138732E-03                                 111
 3.281500E+02  2.681698E+01  4.331402E-02  3.127572E-03                                 111
 3.291500E+02  2.690083E+01  4.331402E-02  3.116519E-03                                 111
 3.301500E+02  2.698465E+01  4.331402E-02  3.105571E-03                                 111
 3.311500E+02  2.706844E+01  4.331402E-02  3.094725E-03                                 111
 3.321500E+02  2.715219E+01  4.331402E-02  3.083980E-03                                 111
 3.331500E+02  2.723591E+01  4.331402E-02  3.073333E-03                                 111
 3.341500E+02  2.731960E+01  4.331402E-02  3.062783E-03                                 111
 3.351500E+02  2.740326E+01  4.331402E-02  3.052327E-03                                 111
 3.361500E+02  2.748689E+01  4.331402E-02  3.041965E-03                                 111
 3.371500E+02  2.757049E+01  4.331402E-02  3.031694E-03                                 111
 3.381500E+02  2.765406E+01  4.331402E-02  3.021513E-03                                 111
 3.391500E+02  2.773760E+01  4.331402E-02  3.011419E-03                                 111
 3.401500E+02  2.782112E+01  4.331402E-02  3.001412E-03                                 111
 3.411500E+02  2.790461E+01  4.331402E-02  2.991490E-03                                 111
 3.421500E+02  2.798807E+01  4.331402E-02  2.981652E-03                                 111
 3.431500E+02  2.807151E+01  4.331402E-02  2.971895E-03                                 111
 3.441500E+02  2.815492E+01  4.331402E-02  2.962219E-03                                 111
 3.451500E+02  2.823831E+01  4.331402E-02  2.952623E-03                                 111
 3.461500E+02  2.832168E+01  4.331402E-02  2.943104E-03                                 111
 3.471500E+02  2.840502E+01  4.331402E-02  2.933662E-03                                 111
 3.481500E+02  2.848834E+01  4.331402E-02  2.924296E-03                                 111
 3.491500E+02  2.857164E+01  4.331402E-02  2.915004E-03                                 111
 3.501500E+02  2.865491E+01  4.331402E-02  2.905785E-03                                 111
 3.511500E+02  2.873817E+01  4.331402E-02  2.896638E-03                                 111
 3.521500E+02  2.882140E+01  4.331402E-02  2.887561E-03                                 111
 3.531500E+02  2.890461E+01  4.331402E-02  2.878554E-03                                 111
 3.541500E+02  2.898781E+01  4.331402E-02  2.869616E-03                                 111
 3.551500E+02  2.907098E+01  4.331402E-02  2.860746E-03                                 111
 3.561500E+02  2.915414E+01  4.331402E-02  2.851942E-03                                 111
 3.571500E+02  2.923727E+01  4.331402E-02  2.843204E-03                                 111
 3.581500E+02  2.932039E+01  4.331402E-02  2.834530E-03                                 111
 3.591500E+02  2.940349E+01  4.331402E-02  2.825920E-03                                 111
 3.601500E+02  2.948658E+01  4.331402E-02  2.817373E-03                                 111
 3.611500E+02  2.956964E+01  4.331402E-02  2.808887E-03                                 111
 3.621500E+02  2.965269E+01  4.331402E-02  2.800463E-03                                 111
 3.631500E+02  2.973572E+01  4.331402E-02  2.792099E-03                                 111
 3.641500E+02  2.981874E+01  4.331402E-02  2.783794E-03                                 111
 3.651500E+02  2.990174E+01  4.331402E-02  2.775547E-03                                 111
 3.661500E+02  2.998473E+01  4.331402E-02  2.767359E-03                                 111
 3.671500E+02  3.006770E+01  4.331402E-02  2.759227E-03                                 111
 3.681500E+02  3.015066E+01  4.331402E-02  2.751151E-03                                 111
 3.691500E+02  3.023360E+01  4.331402E-02  2.743131E-03                                 111
 3.701500E+02  3.031653E+01  4.331402E-02  2.735166E-03                                 111
 3.711500E+02  3.039944E+01  4.331402E-02  2.727254E-03                                 111
 3.721500E+02  3.048234E+01  4.331402E-02  2.719396E-03                                 111
 3.731500E+02  3.056523E+01  4.331402E-02  2.711590E-03                                 111
 3.741500E+02  3.064810E+01  4.331402E-02  2.703836E-03                                 111
 3.751500E+02  3.073096E+01  4.331402E-02  2.696133E-03                                 111
 3.761500E+02  3.081381E+01  4.331402E-02  2.688482E-03                                 111
 3.771500E+02  3.089665E+01  4.331402E-02  2.680880E-03                                 111
 3.781500E+02  3.097947E+01  4.331402E-02  2.673327E-03                                 111
 3.791500E+02  3.106228E+01  4.331402E-02  2.665823E-03                                 111
 3.801500E+02  3.114508E+01  4.331402E-02  2.658367E-03                                 111
 3.811500E+02  3.122787E+01  4.331402E-02  2.650959E-03                                 111
 3.821500E+02  3.131065E+01  4.331402E-02  2.643598E-03                                 111
 3.831500E+02  3.139342E+01  4.331402E-02  2.636284E-03                                 111
 3.841500E+02  3.147617E+01  4.331402E-02  2.629015E-03                                 111
 3.851500E+02  3.155892E+01  4.331402E-02  2.621792E-03                                 111
 3.861500E+02  3.164166E+01  4.331402E-02  2.614613E-03                                 111
 3.871500E+02  3.172438E+01  4.331402E-02  2.607479E-03                                 111
 3.881500E+02  3.180710E+01  4.331402E-02  2.600389E-03                                 111
 3.891500E+02  3.188980E+01  4.331402E-02  2.593342E-03                                 111
 3.901500E+02  3.197250E+01  4.331402E-02  2.586338E-03                                 111
 3.911500E+02  3.205519E+01  4.331402E-02  2.579376E-03                                 111
 3.921500E+02  3.213787E+01  4.331402E-02  2.572456E-03                                 111
 3.931500E+02  3.222053E+01  4.331402E-02  2.565578E-03                                 111
 3.941500E+02  3.230319E+01  4.331402E-02  2.558741E-03                                 111
 3.951500E+02  3.238584E+01  4.331402E-02  2.551944E-03                                 111
 3.961500E+02  3.246849E+01  4.331402E-02  2.545187E-03                                 111
 3.971500E+02  3.255112E+01  4.331402E-02  2.538470E-03                                 111
 3.981500E+02  3.263375E+01  4.331402E-02  2.531792E-03                                 111
 3.991500E+02  3.271637E+01  4.331402E-02  2.525275E-03                                 111
