#         T/K            c1          c2-1          c3-4          c3-5          c3-7          c3-9            w1            w2          w3-1          w3-2        c1w1-2        c1w2-1        c2w1-1        c2w1-9
 2.731500E+02  2.086718E-02  1.507126E-05  3.842650E-09  5.043571E-09  5.611374E-09  6.690866E-09  1.542728E-02  8.542036E-05  6.414116E-06  8.999689E-08  8.120625E-03  3.295056E-06  1.200036E-07  1.053758E-07
 2.741500E+02  2.084609E-02  1.482994E-05  3.680554E-09  4.832452E-09  5.376888E-09  6.413292E-09  1.544195E-02  8.391386E-05  5.995991E-06  8.739956E-08  7.967530E-03  3.114358E-06  1.149782E-07  1.008760E-07
 2.751500E+02  2.082422E-02  1.459343E-05  3.526192E-09  4.631336E-09  5.153496E-09  6.148764E-09  1.545524E-02  8.243306E-05  5.606703E-06  8.487884E-08  7.817691E-03  2.944328E-06  1.101865E-07  9.658918E-08
 2.761500E+02  2.080159E-02  1.436163E-05  3.379158E-09  4.439701E-09  4.940618E-09  5.896606E-09  1.546719E-02  8.097780E-05  5.244176E-06  8.243281E-08  7.671042E-03  2.784301E-06  1.056167E-07  9.250457E-08
 2.771500E+02  2.077821E-02  1.413444E-05  3.239068E-09  4.257053E-09  4.737707E-09  5.656179E-09  1.547784E-02  7.954789E-05  4.906488E-06  8.005952E-08  7.527520E-03  2.633654E-06  1.012577E-07  8.861185E-08
 2.781500E+02  2.075411E-02  1.391174E-05  3.105560E-09  4.082927E-09  4.544250E-09  5.426880E-09  1.548722E-02  7.814312E-05  4.591860E-06  7.775706E-08  7.387060E-03  2.491803E-06  9.709895E-08  8.490128E-08
 2.791500E+02  2.072931E-02  1.369344E-05  2.978292E-09  3.916883E-09  4.359758E-09  5.208139E-09  1.549536E-02  7.676328E-05  4.298643E-06  7.552354E-08  7.249601E-03  2.358206E-06  9.313056E-08  8.136363E-08
 2.801500E+02  2.070383E-02  1.347945E-05  2.856942E-09  3.758508E-09  4.183774E-09  4.999420E-09  1.550230E-02  7.540813E-05  4.025313E-06  7.335709E-08  7.115079E-03  2.232352E-06  8.934307E-08  7.799020E-08
 2.811500E+02  2.067768E-02  1.326967E-05  2.741207E-09  3.607410E-09  4.015864E-09  4.800214E-09  1.550806E-02  7.407741E-05  3.770454E-06  7.125587E-08  6.983435E-03  2.113766E-06  8.572757E-08  7.477272E-08
 2.821500E+02  2.065089E-02  1.306400E-05  2.630800E-09  3.463221E-09  3.855618E-09  4.610044E-09  1.551269E-02  7.277086E-05  3.532758E-06  6.921806E-08  6.854608E-03  2.002000E-06  8.227557E-08  7.170338E-08
 2.831500E+02  2.062347E-02  1.286237E-05  2.525450E-09  3.325589E-09  3.702650E-09  4.428455E-09  1.551620E-02  7.148820E-05  3.311011E-06  6.724188E-08  6.728538E-03  1.896639E-06  7.897908E-08  6.877480E-08
 2.841500E+02  2.059545E-02  1.266468E-05  2.424900E-09  3.194187E-09  3.556595E-09  4.255020E-09  1.551864E-02  7.022915E-05  3.104089E-06  6.532560E-08  6.605167E-03  1.797291E-06  7.583047E-08  6.597996E-08
 2.851500E+02  2.056683E-02  1.247084E-05  2.328910E-09  3.068702E-09  3.417107E-09  4.089334E-09  1.552002E-02  6.899340E-05  2.910951E-06  6.346748E-08  6.484438E-03  1.703592E-06  7.282255E-08  6.331223E-08
 2.861500E+02  2.053765E-02  1.228078E-05  2.237250E-09  2.948840E-09  3.283860E-09  3.931012E-09  1.552039E-02  6.778066E-05  2.730631E-06  6.166584E-08  6.366295E-03  1.615198E-06  6.994849E-08  6.076534E-08
 2.871500E+02  2.050792E-02  1.209441E-05  2.149704E-09  2.834322E-09  3.156544E-09  3.779694E-09  1.551976E-02  6.659062E-05  2.562232E-06  5.991905E-08  6.250681E-03  1.531791E-06  6.720181E-08  5.833333E-08
 2.881500E+02  2.047765E-02  1.191165E-05  2.066068E-09  2.724883E-09  3.034867E-09  3.635036E-09  1.551817E-02  6.542295E-05  2.404926E-06  5.822548E-08  6.137541E-03  1.453069E-06  6.457637E-08  5.601057E-08
 2.891500E+02  2.044687E-02  1.173243E-05  1.986150E-09  2.620276E-09  2.918554E-09  3.496713E-09  1.551564E-02  6.427735E-05  2.257941E-06  5.658356E-08  6.026823E-03  1.378752E-06  6.206633E-08  5.379171E-08
 2.901500E+02  2.041559E-02  1.155666E-05  1.909765E-09  2.520263E-09  2.807341E-09  3.364418E-09  1.551220E-02  6.315347E-05  2.120564E-06  5.499176E-08  5.918473E-03  1.308576E-06  5.966618E-08  5.167169E-08
 2.911500E+02  2.038382E-02  1.138428E-05  1.836741E-09  2.424621E-09  2.700982E-09  3.237860E-09  1.550788E-02  6.205100E-05  1.992131E-06  5.344856E-08  5.812440E-03  1.242295E-06  5.737066E-08  4.964572E-08
 2.921500E+02  2.035159E-02  1.121522E-05  1.766914E-09  2.333138E-09  2.599240E-09  3.116763E-09  1.550270E-02  6.096960E-05  1.872029E-06  5.195251E-08  5.708672E-03  1.179677E-06  5.517479E-08  4.770923E-08
 2.931500E+02  2.031891E-02  1.104939E-05  1.700130E-09  2.245614E-09  2.501895E-09  3.000865E-09  1.549668E-02  5.990894E-05  1.759685E-06  5.050217E-08  5.607119E-03  1.120506E-06  5.307386E-08  4.585792E-08
 2.941500E+02  2.028580E-02  1.088674E-05  1.636240E-09  2.161858E-09  2.408735E-09  2.889919E-09  1.548986E-02  5.886869E-05  1.654570E-06  4.909615E-08  5.507733E-03  1.064579E-06  5.106337E-08  4.408770E-08
 2.951500E+02  2.025227E-02  1.072719E-05  1.575106E-09  2.081691E-09  2.319561E-09  2.783690E-09  1.548225E-02  5.784850E-05  1.556192E-06  4.773309E-08  5.410466E-03  1.011704E-06  4.913908E-08  4.239468E-08
 2.961500E+02  2.021834E-02  1.057069E-05  1.516595E-09  2.004942E-09  2.234183E-09  2.681955E-09  1.547387E-02  5.684806E-05  1.464093E-06  4.641167E-08  5.315269E-03  9.617032E-07  4.729692E-08  4.077518E-08
 2.971500E+02  2.018402E-02  1.041715E-05  1.460584E-09  1.931448E-09  2.152421E-09  2.584502E-09  1.546476E-02  5.586701E-05  1.377850E-06  4.513061E-08  5.222098E-03  9.144091E-07  4.553308E-08  3.922570E-08
 2.981500E+02  2.014933E-02  1.026653E-05  1.406952E-09  1.861057E-09  2.074106E-09  2.491132E-09  1.545493E-02  5.490503E-05  1.297067E-06  4.388865E-08  5.130906E-03  8.696642E-07  4.384388E-08  3.774293E-08
 2.991500E+02  2.011428E-02  1.011876E-05  1.355589E-09  1.793623E-09  1.999076E-09  2.401654E-09  1.544441E-02  5.396178E-05  1.221379E-06  4.268458E-08  5.041649E-03  8.273208E-07  4.222589E-08  3.632372E-08
 3.001500E+02  2.007888E-02  9.973777E-06  1.306386E-09  1.729008E-09  1.927178E-09  2.315888E-09  1.543321E-02  5.303693E-05  1.150443E-06  4.151722E-08  4.954285E-03  7.872402E-07  4.067579E-08  3.496509E-08
 3.011500E+02  2.004316E-02  9.831525E-06  1.259244E-09  1.667080E-09  1.858266E-09  2.233661E-09  1.542135E-02  5.213015E-05  1.083944E-06  4.038541E-08  4.868769E-03  7.492925E-07  3.919045E-08  3.366419E-08
 3.021500E+02  2.000712E-02  9.691946E-06  1.214066E-09  1.607715E-09  1.792201E-09  2.154812E-09  1.540887E-02  5.124112E-05  1.021587E-06  3.928805E-08  4.785061E-03  7.133555E-07  3.776692E-08  3.241832E-08
 3.031500E+02  1.997078E-02  9.554982E-06  1.170760E-09  1.550796E-09  1.728854E-09  2.079186E-09  1.539577E-02  5.036951E-05  9.630970E-07  3.822405E-08  4.703119E-03  6.793143E-07  3.640235E-08  3.122494E-08
 3.041500E+02  1.993415E-02  9.420580E-06  1.129242E-09  1.496209E-09  1.668099E-09  2.006635E-09  1.538207E-02  4.951499E-05  9.082196E-07  3.719236E-08  4.622903E-03  6.470611E-07  3.509406E-08  3.008161E-08
 3.051500E+02  1.989724E-02  9.288684E-06  1.089427E-09  1.443848E-09  1.609818E-09  1.937021E-09  1.536780E-02  4.867724E-05  8.567172E-07  3.619195E-08  4.544376E-03  6.164948E-07  3.383950E-08  2.898602E-08
 3.061500E+02  1.986006E-02  9.159242E-06  1.051238E-09  1.393611E-09  1.553898E-09  1.870211E-09  1.535297E-02  4.785596E-05  8.083690E-07  3.522185E-08  4.467497E-03  5.875200E-07  3.263622E-08  2.793597E-08
 3.071500E+02  1.982264E-02  9.032202E-06  1.014602E-09  1.345404E-09  1.500234E-09  1.806077E-09  1.533761E-02  4.705082E-05  7.629693E-07  3.428109E-08  4.392230E-03  5.600474E-07  3.148193E-08  2.692938E-08
 3.081500E+02  1.978497E-02  8.907515E-06  9.794475E-10  1.299133E-09  1.448723E-09  1.744502E-09  1.532172E-02  4.626152E-05  7.203263E-07  3.336873E-08  4.318537E-03  5.339927E-07  3.037441E-08  2.596426E-08
 3.091500E+02  1.974706E-02  8.785130E-06  9.457077E-10  1.254713E-09  1.399268E-09  1.685370E-09  1.530533E-02  4.548776E-05  6.802618E-07  3.248389E-08  4.246384E-03  5.092769E-07  2.931158E-08  2.503873E-08
 3.101500E+02  1.970895E-02  8.664999E-06  9.133190E-10  1.212059E-09  1.351778E-09  1.628573E-09  1.528845E-02  4.472922E-05  6.426093E-07  3.162568E-08  4.175735E-03  4.858255E-07  2.829145E-08  2.415100E-08
 3.111500E+02  1.967062E-02  8.547075E-06  8.822209E-10  1.171095E-09  1.306166E-09  1.574008E-09  1.527109E-02  4.398561E-05  6.072140E-07  3.079326E-08  4.106556E-03  4.635686E-07  2.731211E-08  2.329936E-08
 3.121500E+02  1.963209E-02  8.431312E-06  8.523560E-10  1.131744E-09  1.262348E-09  1.521577E-09  1.525328E-02  4.325664E-05  5.739313E-07  2.998580E-08  4.038812E-03  4.424403E-07  2.637176E-08  2.248218E-08
 3.131500E+02  1.959338E-02  8.317664E-06  8.236694E-10  1.093937E-09  1.220246E-09  1.471185E-09  1.523503E-02  4.254202E-05  5.426267E-07  2.920252E-08  3.972473E-03  4.223785E-07  2.546868E-08  2.169793E-08
 3.141500E+02  1.955449E-02  8.206088E-06  7.961090E-10  1.057604E-09  1.179783E-09  1.422745E-09  1.521636E-02  4.184146E-05  5.131743E-07  2.844264E-08  3.907504E-03  4.033249E-07  2.460123E-08  2.094513E-08
 3.151500E+02  1.951543E-02  8.096540E-06  7.696254E-10  1.022681E-09  1.140889E-09  1.376172E-09  1.519727E-02  4.115468E-05  4.854571E-07  2.770541E-08  3.843876E-03  3.852246E-07  2.376787E-08  2.022239E-08
 3.161500E+02  1.947622E-02  7.988977E-06  7.441714E-10  9.891072E-10  1.103496E-09  1.331384E-09  1.517779E-02  4.048140E-05  4.593658E-07  2.699012E-08  3.781557E-03  3.680258E-07  2.296709E-08  1.952837E-08
 3.171500E+02  1.943686E-02  7.883360E-06  7.197020E-10  9.568241E-10  1.067538E-09  1.288304E-09  1.515792E-02  3.982135E-05  4.347981E-07  2.629607E-08  3.720518E-03  3.516798E-07  2.219749E-08  1.886182E-08
 3.181500E+02  1.939735E-02  7.779646E-06  6.961746E-10  9.257757E-10  1.032953E-09  1.246861E-09  1.513768E-02  3.917427E-05  4.116590E-07  2.562257E-08  3.660729E-03  3.361405E-07  2.145771E-08  1.822152E-08
 3.191500E+02  1.935772E-02  7.677797E-06  6.735483E-10  8.959091E-10  9.996825E-10  1.206983E-09  1.511709E-02  3.853988E-05  3.898593E-07  2.496897E-08  3.602162E-03  3.213648E-07  2.074647E-08  1.760632E-08
 3.201500E+02  1.931796E-02  7.577774E-06  6.517845E-10  8.671736E-10  9.676705E-10  1.168604E-09  1.509615E-02  3.791793E-05  3.693160E-07  2.433465E-08  3.544790E-03  3.073118E-07  2.006255E-08  1.701514E-08
 3.211500E+02  1.927809E-02  7.479538E-06  6.308461E-10  8.395212E-10  9.368633E-10  1.131661E-09  1.507488E-02  3.730817E-05  3.499515E-07  2.371898E-08  3.488583E-03  2.939431E-07  1.940478E-08  1.644692E-08
 3.221500E+02  1.923811E-02  7.383054E-06  6.106979E-10  8.129057E-10  9.072098E-10  1.096094E-09  1.505329E-02  3.671033E-05  3.316932E-07  2.312138E-08  3.433517E-03  2.812224E-07  1.877205E-08  1.590068E-08
 3.231500E+02  1.919804E-02  7.288285E-06  5.913064E-10  7.872835E-10  8.786614E-10  1.061844E-09  1.503140E-02  3.612419E-05  3.144733E-07  2.254127E-08  3.379565E-03  2.691154E-07  1.816328E-08  1.537547E-08
 3.241500E+02  1.915787E-02  7.195196E-06  5.726395E-10  7.626128E-10  8.511718E-10  1.028857E-09  1.500921E-02  3.554949E-05  2.982284E-07  2.197809E-08  3.326702E-03  2.575900E-07  1.757748E-08  1.487039E-08
 3.251500E+02  1.911762E-02  7.103751E-06  5.546668E-10  7.388537E-10  8.246965E-10  9.970792E-10  1.498673E-02  3.498600E-05  2.828991E-07  2.143130E-08  3.274903E-03  2.466156E-07  1.701366E-08  1.438457E-08
 3.261500E+02  1.907730E-02  7.013918E-06  5.373592E-10  7.159683E-10  7.991934E-10  9.664619E-10  1.496398E-02  3.443348E-05  2.684301E-07  2.090039E-08  3.224144E-03  2.361635E-07  1.647092E-08  1.391720E-08
 3.271500E+02  1.903690E-02  6.925663E-06  5.206888E-10  6.939203E-10  7.746222E-10  9.369567E-10  1.494097E-02  3.389171E-05  2.547695E-07  2.038486E-08  3.174401E-03  2.262066E-07  1.594837E-08  1.346749E-08
 3.281500E+02  1.899645E-02  6.838953E-06  5.046292E-10  6.726751E-10  7.509445E-10  9.085180E-10  1.491770E-02  3.336046E-05  2.418685E-07  1.988421E-08  3.125651E-03  2.167192E-07  1.544517E-08  1.303470E-08
 3.291500E+02  1.895594E-02  6.753758E-06  4.891552E-10  6.521996E-10  7.281235E-10  8.811023E-10  1.489419E-02  3.283951E-05  2.296819E-07  1.939798E-08  3.077872E-03  2.076772E-07  1.496051E-08  1.261812E-08
 3.301500E+02  1.891537E-02  6.670046E-06  4.742426E-10  6.324624E-10  7.061242E-10  8.546679E-10  1.487045E-02  3.232865E-05  2.181670E-07  1.892572E-08  3.031042E-03  1.990577E-07  1.449364E-08  1.221707E-08
 3.311500E+02  1.887477E-02  6.587787E-06  4.598684E-10  6.134333E-10  6.849131E-10  8.291750E-10  1.484649E-02  3.182766E-05  2.072840E-07  1.846697E-08  2.985138E-03  1.908392E-07  1.404382E-08  1.183090E-08
 3.321500E+02  1.883413E-02  6.506951E-06  4.460105E-10  5.950836E-10  6.644582E-10  8.045857E-10  1.482231E-02  3.133634E-05  1.969955E-07  1.802132E-08  2.940141E-03  1.830011E-07  1.361036E-08  1.145899E-08
 3.331500E+02  1.879345E-02  6.427510E-06  4.326481E-10  5.773859E-10  6.447291E-10  7.808637E-10  1.479792E-02  3.085448E-05  1.872664E-07  1.758836E-08  2.896030E-03  1.755243E-07  1.319258E-08  1.110075E-08
 3.341500E+02  1.875275E-02  6.349435E-06  4.197610E-10  5.603138E-10  6.256966E-10  7.579743E-10  1.477334E-02  3.038189E-05  1.780641E-07  1.716768E-08  2.852785E-03  1.683904E-07  1.278985E-08  1.075563E-08
 3.351500E+02  1.871203E-02  6.272698E-06  4.073301E-10  5.438423E-10  6.073327E-10  7.358844E-10  1.474857E-02  2.991837E-05  1.693577E-07  1.675890E-08  2.810385E-03  1.615823E-07  1.240156E-08  1.042307E-08
 3.361500E+02  1.867130E-02  6.197272E-06  3.953371E-10  5.279474E-10  5.896108E-10  7.145622E-10  1.472361E-02  2.946373E-05  1.611184E-07  1.636166E-08  2.768814E-03  1.550837E-07  1.202713E-08  1.010257E-08
 3.371500E+02  1.863056E-02  6.123132E-06  3.837645E-10  5.126063E-10  5.725054E-10  6.939775E-10  1.469849E-02  2.901778E-05  1.533191E-07  1.597558E-08  2.728051E-03  1.488790E-07  1.166600E-08  9.793629E-09
 3.381500E+02  1.858981E-02  6.050251E-06  3.725955E-10  4.977969E-10  5.559923E-10  6.741013E-10  1.467320E-02  2.858034E-05  1.459345E-07  1.560033E-08  2.688078E-03  1.429538E-07  1.131764E-08  9.495788E-09
 3.391500E+02  1.854906E-02  5.978603E-06  3.618142E-10  4.834985E-10  5.400480E-10  6.549059E-10  1.464776E-02  2.815123E-05  1.389408E-07  1.523556E-08  2.648879E-03  1.372942E-07  1.098155E-08  9.208596E-09
 3.401500E+02  1.850831E-02  5.908164E-06  3.514053E-10  4.696909E-10  5.246504E-10  6.363647E-10  1.462217E-02  2.773027E-05  1.323155E-07  1.488095E-08  2.610435E-03  1.318871E-07  1.065723E-08  8.931623E-09
 3.411500E+02  1.846758E-02  5.838911E-06  3.413542E-10  4.563550E-10  5.097780E-10  6.184523E-10  1.459643E-02  2.731729E-05  1.260377E-07  1.453618E-08  2.572730E-03  1.267202E-07  1.034422E-08  8.664460E-09
 3.421500E+02  1.842685E-02  5.770818E-06  3.316469E-10  4.434725E-10  4.954106E-10  6.011446E-10  1.457056E-02  2.691213E-05  1.200877E-07  1.420096E-08  2.535747E-03  1.217816E-07  1.004207E-08  8.406716E-09
 3.431500E+02  1.838615E-02  5.703863E-06  3.222699E-10  4.310257E-10  4.815285E-10  5.844182E-10  1.454456E-02  2.651461E-05  1.144469E-07  1.387498E-08  2.499470E-03  1.170604E-07  9.750366E-09  8.158017E-09
 3.441500E+02  1.834546E-02  5.638024E-06  3.132106E-10  4.189980E-10  4.681132E-10  5.682508E-10  1.451844E-02  2.612458E-05  1.090980E-07  1.355796E-08  2.463885E-03  1.125459E-07  9.468694E-09  7.918004E-09
 3.451500E+02  1.830481E-02  5.573277E-06  3.044566E-10  4.073732E-10  4.551466E-10  5.526212E-10  1.449220E-02  2.574187E-05  1.040246E-07  1.324963E-08  2.428974E-03  1.082283E-07  9.196665E-09  7.686335E-09
 3.461500E+02  1.826418E-02  5.509602E-06  2.959962E-10  3.961359E-10  4.426118E-10  5.375090E-10  1.446585E-02  2.536634E-05  9.921132E-08  1.294972E-08  2.394724E-03  1.040980E-07  8.933905E-09  7.462682E-09
 3.471500E+02  1.822358E-02  5.446978E-06  2.878183E-10  3.852714E-10  4.304922E-10  5.228945E-10  1.443940E-02  2.499783E-05  9.464371E-08  1.265797E-08  2.361120E-03  1.001462E-07  8.680057E-09  7.246733E-09
 3.481500E+02  1.818303E-02  5.385383E-06  2.799119E-10  3.747656E-10  4.187722E-10  5.087591E-10  1.441285E-02  2.463619E-05  9.030818E-08  1.237413E-08  2.328147E-03  9.636419E-08  8.434779E-09  7.038187E-09
 3.491500E+02  1.814251E-02  5.324797E-06  2.722669E-10  3.646049E-10  4.074368E-10  4.950849E-10  1.438621E-02  2.428129E-05  8.619194E-08  1.209797E-08  2.295792E-03  9.274407E-08  8.197743E-09  6.836757E-09
 3.501500E+02  1.810204E-02  5.265201E-06  2.648733E-10  3.547765E-10  3.964714E-10  4.818545E-10  1.435949E-02  2.393297E-05  8.228295E-08  1.182924E-08  2.264042E-03  8.927816E-08  7.968636E-09  6.642168E-09
 3.511500E+02  1.806161E-02  5.206575E-06  2.577218E-10  3.452678E-10  3.858624E-10  4.690515E-10  1.433268E-02  2.359110E-05  7.856989E-08  1.156773E-08  2.232882E-03  8.595920E-08  7.747156E-09  6.454157E-09
 3.521500E+02  1.802123E-02  5.148899E-06  2.508032E-10  3.360669E-10  3.755964E-10  4.566602E-10  1.430580E-02  2.325554E-05  7.504209E-08  1.131321E-08  2.202300E-03  8.278031E-08  7.533016E-09  6.272473E-09
 3.531500E+02  1.798091E-02  5.092157E-06  2.441089E-10  3.271626E-10  3.656607E-10  4.446653E-10  1.427884E-02  2.292617E-05  7.168951E-08  1.106548E-08  2.172284E-03  7.973497E-08  7.325940E-09  6.096874E-09
 3.541500E+02  1.794064E-02  5.036328E-06  2.376306E-10  3.185437E-10  3.560432E-10  4.330524E-10  1.425182E-02  2.260284E-05  6.850269E-08  1.082433E-08  2.142821E-03  7.681696E-08  7.125662E-09  5.927128E-09
 3.551500E+02  1.790043E-02  4.981397E-06  2.313602E-10  3.101999E-10  3.467322E-10  4.218074E-10  1.422474E-02  2.228544E-05  6.547273E-08  1.058956E-08  2.113899E-03  7.402040E-08  6.931929E-09  5.763015E-09
 3.561500E+02  1.786028E-02  4.927344E-06  2.252901E-10  3.021211E-10  3.377166E-10  4.109170E-10  1.419760E-02  2.197384E-05  6.259123E-08  1.036098E-08  2.085507E-03  7.133970E-08  6.744499E-09  5.604322E-09
 3.571500E+02  1.782020E-02  4.874154E-06  2.194131E-10  2.942976E-10  3.289854E-10  4.003683E-10  1.417041E-02  2.166792E-05  5.985027E-08  1.013841E-08  2.057632E-03  6.876954E-08  6.563137E-09  5.450845E-09
 3.581500E+02  1.778018E-02  4.821809E-06  2.137220E-10  2.867201E-10  3.205285E-10  3.901491E-10  1.414317E-02  2.136756E-05  5.724240E-08  9.921668E-09  2.030264E-03  6.630488E-08  6.387621E-09  5.302391E-09
 3.591500E+02  1.774023E-02  4.770294E-06  2.082101E-10  2.793798E-10  3.123360E-10  3.802475E-10  1.411588E-02  2.107264E-05  5.476058E-08  9.710581E-09  2.003393E-03  6.394091E-08  6.217734E-09  5.158771E-09
 3.601500E+02  1.770035E-02  4.719592E-06  2.028709E-10  2.722682E-10  3.043983E-10  3.706522E-10  1.408856E-02  2.078305E-05  5.239817E-08  9.504981E-09  1.977006E-03  6.167309E-08  6.053273E-09  5.019807E-09
 3.611500E+02  1.766055E-02  4.669688E-06  1.976982E-10  2.653770E-10  2.967063E-10  3.613523E-10  1.406120E-02  2.049868E-05  5.014892E-08  9.304707E-09  1.951095E-03  5.949706E-08  5.894039E-09  4.885328E-09
 3.621500E+02  1.762082E-02  4.620566E-06  1.926861E-10  2.586984E-10  2.892514E-10  3.523373E-10  1.403381E-02  2.021943E-05  4.800692E-08  9.109601E-09  1.925648E-03  5.740872E-08  5.739842E-09  4.755167E-09
 3.631500E+02  1.758117E-02  4.572212E-06  1.878287E-10  2.522248E-10  2.820250E-10  3.435971E-10  1.400639E-02  1.994518E-05  4.596659E-08  8.919513E-09  1.900657E-03  5.540414E-08  5.590502E-09  4.629167E-09
 3.641500E+02  1.754160E-02  4.524611E-06  1.831207E-10  2.459491E-10  2.750192E-10  3.351221E-10  1.397895E-02  1.967582E-05  4.402268E-08  8.734294E-09  1.876110E-03  5.347959E-08  5.445842E-09  4.507177E-09
 3.651500E+02  1.750211E-02  4.477749E-06  1.785567E-10  2.398642E-10  2.682261E-10  3.269031E-10  1.395148E-02  1.941127E-05  4.217020E-08  8.553803E-09  1.851999E-03  5.163152E-08  5.305696E-09  4.389050E-09
 3.661500E+02  1.746271E-02  4.431612E-06  1.741317E-10  2.339634E-10  2.616383E-10  3.189310E-10  1.392400E-02  1.915142E-05  4.040447E-08  8.377902E-09  1.828315E-03  4.985655E-08  5.169903E-09  4.274647E-09
 3.671500E+02  1.742339E-02  4.386186E-06  1.698407E-10  2.282404E-10  2.552487E-10  3.111974E-10  1.389650E-02  1.889618E-05  3.872105E-08  8.206457E-09  1.805048E-03  4.815147E-08  5.038307E-09  4.163835E-09
 3.681500E+02  1.738416E-02  4.341457E-06  1.656791E-10  2.226889E-10  2.490504E-10  3.036941E-10  1.386900E-02  1.864544E-05  3.711576E-08  8.039341E-09  1.782191E-03  4.651323E-08  4.910761E-09  4.056483E-09
 3.691500E+02  1.734501E-02  4.297413E-06  1.616424E-10  2.173031E-10  2.430368E-10  2.964130E-10  1.384148E-02  1.839912E-05  3.558462E-08  7.876427E-09  1.759733E-03  4.493889E-08  4.787121E-09  3.952470E-09
 3.701500E+02  1.730596E-02  4.254042E-06  1.577263E-10  2.120771E-10  2.372015E-10  2.893466E-10  1.381396E-02  1.815712E-05  3.412390E-08  7.717594E-09  1.737667E-03  4.342570E-08  4.667251E-09  3.851675E-09
 3.711500E+02  1.726700E-02  4.211329E-06  1.539266E-10  2.070056E-10  2.315384E-10  2.824876E-10  1.378643E-02  1.791936E-05  3.273005E-08  7.562726E-09  1.715985E-03  4.197101E-08  4.551019E-09  3.753985E-09
 3.721500E+02  1.722813E-02  4.169263E-06  1.502393E-10  2.020833E-10  2.260416E-10  2.758289E-10  1.375891E-02  1.768575E-05  3.139974E-08  7.411710E-09  1.694678E-03  4.057229E-08  4.438299E-09  3.659291E-09
 3.731500E+02  1.718935E-02  4.127833E-06  1.466605E-10  1.973050E-10  2.207056E-10  2.693638E-10  1.373139E-02  1.745621E-05  3.012978E-08  7.264434E-09  1.673740E-03  3.922714E-08  4.328968E-09  3.567487E-09
 3.741500E+02  1.715067E-02  4.087025E-06  1.431867E-10  1.926659E-10  2.155247E-10  2.630857E-10  1.370388E-02  1.723064E-05  2.891719E-08  7.120793E-09  1.653161E-03  3.793329E-08  4.222909E-09  3.478472E-09
 3.751500E+02  1.711209E-02  4.046830E-06  1.398141E-10  1.881613E-10  2.104940E-10  2.569884E-10  1.367637E-02  1.700898E-05  2.775912E-08  6.980683E-09  1.632936E-03  3.668855E-08  4.120011E-09  3.392149E-09
 3.761500E+02  1.707361E-02  4.007235E-06  1.365395E-10  1.837868E-10  2.056081E-10  2.510659E-10  1.364887E-02  1.679115E-05  2.665289E-08  6.844006E-09  1.613056E-03  3.549083E-08  4.020164E-09  3.308425E-09
 3.771500E+02  1.703523E-02  3.968229E-06  1.333594E-10  1.795378E-10  2.008625E-10  2.453122E-10  1.362139E-02  1.657705E-05  2.559597E-08  6.710663E-09  1.593514E-03  3.433816E-08  3.923265E-09  3.227209E-09
 3.781500E+02  1.699694E-02  3.929802E-06  1.302708E-10  1.754103E-10  1.962523E-10  2.397220E-10  1.359393E-02  1.636663E-05  2.458593E-08  6.580561E-09  1.574304E-03  3.322864E-08  3.829214E-09  3.148416E-09
 3.791500E+02  1.695876E-02  3.891943E-06  1.272706E-10  1.714003E-10  1.917731E-10  2.342896E-10  1.356648E-02  1.615980E-05  2.362051E-08  6.453610E-09  1.555418E-03  3.216047E-08  3.737915E-09  3.071962E-09
 3.801500E+02  1.692069E-02  3.854641E-06  1.243559E-10  1.675038E-10  1.874206E-10  2.290101E-10  1.353905E-02  1.595650E-05  2.269753E-08  6.329721E-09  1.536851E-03  3.113192E-08  3.649274E-09  2.997767E-09
 3.811500E+02  1.688271E-02  3.817888E-06  1.215237E-10  1.637172E-10  1.831907E-10  2.238783E-10  1.351164E-02  1.575664E-05  2.181496E-08  6.208810E-09  1.518595E-03  3.014137E-08  3.563202E-09  2.925756E-09
 3.821500E+02  1.684484E-02  3.781671E-06  1.187716E-10  1.600367E-10  1.790792E-10  2.188895E-10  1.348426E-02  1.556017E-05  2.097085E-08  6.090793E-09  1.500645E-03  2.918722E-08  3.479615E-09  2.855853E-09
 3.831500E+02  1.680708E-02  3.745983E-06  1.160966E-10  1.564590E-10  1.750824E-10  2.140391E-10  1.345690E-02  1.536701E-05  2.016337E-08  5.975590E-09  1.482993E-03  2.826799E-08  3.398428E-09  2.787988E-09
 3.841500E+02  1.676942E-02  3.710813E-06  1.134965E-10  1.529808E-10  1.711965E-10  2.093225E-10  1.342957E-02  1.517711E-05  1.939076E-08  5.863123E-09  1.465635E-03  2.738225E-08  3.319563E-09  2.722092E-09
 3.851500E+02  1.673187E-02  3.676152E-06  1.109687E-10  1.495988E-10  1.674180E-10  2.047355E-10  1.340227E-02  1.499038E-05  1.865137E-08  5.753319E-09  1.448564E-03  2.652863E-08  3.242942E-09  2.658100E-09
 3.861500E+02  1.669443E-02  3.641991E-06  1.085110E-10  1.463099E-10  1.637434E-10  2.002740E-10  1.337501E-02  1.480678E-05  1.794364E-08  5.646102E-09  1.431775E-03  2.570583E-08  3.168493E-09  2.595948E-09
 3.871500E+02  1.665710E-02  3.608322E-06  1.061209E-10  1.431111E-10  1.601693E-10  1.959338E-10  1.334777E-02  1.462624E-05  1.726607E-08  5.541403E-09  1.415261E-03  2.491259E-08  3.096144E-09  2.535575E-09
 3.881500E+02  1.661987E-02  3.575134E-06  1.037965E-10  1.399996E-10  1.566926E-10  1.917113E-10  1.332057E-02  1.444869E-05  1.661726E-08  5.439154E-09  1.399018E-03  2.414774E-08  3.025826E-09  2.476922E-09
 3.891500E+02  1.658276E-02  3.542420E-06  1.015355E-10  1.369725E-10  1.533102E-10  1.876026E-10  1.329341E-02  1.427409E-05  1.599585E-08  5.339287E-09  1.383039E-03  2.341012E-08  2.957474E-09  2.419933E-09
 3.901500E+02  1.654575E-02  3.510171E-06  9.933599E-11  1.340273E-10  1.500191E-10  1.836042E-10  1.326629E-02  1.410236E-05  1.540058E-08  5.241738E-09  1.367321E-03  2.269865E-08  2.891023E-09  2.364553E-09
 3.911500E+02  1.650886E-02  3.478379E-06  9.719599E-11  1.311613E-10  1.468164E-10  1.797126E-10  1.323920E-02  1.393346E-05  1.483023E-08  5.146445E-09  1.351857E-03  2.201230E-08  2.826414E-09  2.310729E-09
 3.921500E+02  1.647208E-02  3.447037E-06  9.511362E-11  1.283720E-10  1.436994E-10  1.759246E-10  1.321216E-02  1.376733E-05  1.428366E-08  5.053346E-09  1.336642E-03  2.135006E-08  2.763586E-09  2.258412E-09
 3.931500E+02  1.643541E-02  3.416135E-06  9.308707E-11  1.256571E-10  1.406653E-10  1.722368E-10  1.318515E-02  1.360392E-05  1.375978E-08  4.962384E-09  1.321672E-03  2.071099E-08  2.702483E-09  2.207552E-09
 3.941500E+02  1.639885E-02  3.385667E-06  9.111460E-11  1.230142E-10  1.377116E-10  1.686461E-10  1.315820E-02  1.344316E-05  1.325754E-08  4.873500E-09  1.306942E-03  2.009417E-08  2.643049E-09  2.158103E-09
 3.951500E+02  1.636241E-02  3.355625E-06  8.919452E-11  1.204410E-10  1.348359E-10  1.651497E-10  1.313128E-02  1.328502E-05  1.277596E-08  4.786640E-09  1.292448E-03  1.949873E-08  2.585233E-09  2.110018E-09
 3.961500E+02  1.632608E-02  3.326000E-06  8.732520E-11  1.179356E-10  1.320356E-10  1.617445E-10  1.310442E-02  1.312944E-05  1.231412E-08  4.701750E-09  1.278183E-03  1.892384E-08  2.528982E-09  2.063255E-09
 3.971500E+02  1.628986E-02  3.296787E-06  8.550508E-11  1.154957E-10  1.293085E-10  1.584278E-10  1.307760E-02  1.297637E-05  1.187110E-08  4.618778E-09  1.264145E-03  1.836871E-08  2.474249E-09  2.017771E-09
 3.981500E+02  1.625376E-02  3.267978E-06  8.373265E-11  1.131193E-10  1.266523E-10  1.551970E-10  1.305083E-02  1.282575E-05  1.144607E-08  4.537673E-09  1.250329E-03  1.783256E-08  2.420984E-09  1.973526E-09
 3.991500E+02  1.621777E-02  3.239566E-06  8.200643E-11  1.108046E-10  1.240650E-10  1.520493E-10  1.302411E-02  1.267756E-05  1.103823E-08  4.458385E-09  1.236730E-03  1.731467E-08  2.369143E-09  1.930481E-09
