#         T/K     Cv/J*K^-1     Cp/J*K^-1
 2.731500E+02  5.006487E+01  6.064439E+01
 2.741500E+02  5.011184E+01  6.068214E+01
 2.751500E+02  5.015902E+01  6.071074E+01
 2.761500E+02  5.020642E+01  6.073928E+01
 2.771500E+02  5.025402E+01  6.076776E+01
 2.781500E+02  5.030184E+01  6.079623E+01
 2.791500E+02  5.034986E+01  6.082469E+01
 2.801500E+02  5.039809E+01  6.085316E+01
 2.811500E+02  5.044653E+01  6.088166E+01
 2.821500E+02  5.049517E+01  6.091021E+01
 2.831500E+02  5.054401E+01  6.093882E+01
 2.841500E+02  5.059305E+01  6.096751E+01
 2.851500E+02  5.064228E+01  6.099629E+01
 2.861500E+02  5.069171E+01  6.102518E+01
 2.871500E+02  5.074133E+01  6.105419E+01
 2.881500E+02  5.079113E+01  6.108334E+01
 2.891500E+02  5.084113E+01  6.111262E+01
 2.901500E+02  5.089130E+01  6.114207E+01
 2.911500E+02  5.094165E+01  6.117168E+01
 2.921500E+02  5.099218E+01  6.120146E+01
 2.931500E+02  5.104288E+01  6.123143E+01
 2.941500E+02  5.109375E+01  6.126160E+01
 2.951500E+02  5.114479E+01  6.129196E+01
 2.961500E+02  5.119599E+01  6.132253E+01
 2.971500E+02  5.124734E+01  6.135332E+01
 2.981500E+02  5.129885E+01  6.138433E+01
 2.991500E+02  5.135052E+01  6.141557E+01
 3.001500E+02  5.140232E+01  6.144704E+01
 3.011500E+02  5.145428E+01  6.147874E+01
 3.021500E+02  5.150637E+01  6.151069E+01
 3.031500E+02  5.155860E+01  6.154288E+01
 3.041500E+02  5.161096E+01  6.157532E+01
 3.051500E+02  5.166345E+01  6.160801E+01
 3.061500E+02  5.171607E+01  6.164095E+01
 3.071500E+02  5.176880E+01  6.167415E+01
 3.081500E+02  5.182166E+01  6.170760E+01
 3.091500E+02  5.187462E+01  6.174131E+01
 3.101500E+02  5.192770E+01  6.177528E+01
 3.111500E+02  5.198088E+01  6.180951E+01
 3.121500E+02  5.203416E+01  6.184399E+01
 3.131500E+02  5.208754E+01  6.187874E+01
 3.141500E+02  5.214101E+01  6.191374E+01
 3.151500E+02  5.219458E+01  6.194900E+01
 3.161500E+02  5.224823E+01  6.198452E+01
 3.171500E+02  5.230196E+01  6.202029E+01
 3.181500E+02  5.235577E+01  6.205631E+01
 3.191500E+02  5.240966E+01  6.209259E+01
 3.201500E+02  5.246362E+01  6.212912E+01
 3.211500E+02  5.251765E+01  6.216590E+01
 3.221500E+02  5.257174E+01  6.220292E+01
 3.231500E+02  5.262589E+01  6.224019E+01
 3.241500E+02  5.268010E+01  6.227769E+01
 3.251500E+02  5.273436E+01  6.231544E+01
 3.261500E+02  5.278868E+01  6.235342E+01
 3.271500E+02  5.284304E+01  6.239164E+01
 3.281500E+02  5.289744E+01  6.243008E+01
 3.291500E+02  5.295188E+01  6.246875E+01
 3.301500E+02  5.300637E+01  6.250764E+01
 3.311500E+02  5.306088E+01  6.254676E+01
 3.321500E+02  5.311543E+01  6.258608E+01
 3.331500E+02  5.317000E+01  6.262562E+01
 3.341500E+02  5.322460E+01  6.266537E+01
 3.351500E+02  5.327922E+01  6.270533E+01
 3.361500E+02  5.333385E+01  6.274548E+01
 3.371500E+02  5.338851E+01  6.278584E+01
 3.381500E+02  5.344317E+01  6.282639E+01
 3.391500E+02  5.349784E+01  6.286712E+01
 3.401500E+02  5.355253E+01  6.290805E+01
 3.411500E+02  5.360721E+01  6.294915E+01
 3.421500E+02  5.366190E+01  6.299044E+01
 3.431500E+02  5.371658E+01  6.303189E+01
 3.441500E+02  5.377126E+01  6.307352E+01
 3.451500E+02  5.382593E+01  6.311532E+01
 3.461500E+02  5.388060E+01  6.315727E+01
 3.471500E+02  5.393525E+01  6.319939E+01
 3.481500E+02  5.398989E+01  6.324166E+01
 3.491500E+02  5.404451E+01  6.328407E+01
 3.501500E+02  5.409911E+01  6.332664E+01
 3.511500E+02  5.415369E+01  6.336935E+01
 3.521500E+02  5.420825E+01  6.341219E+01
 3.531500E+02  5.426278E+01  6.345517E+01
 3.541500E+02  5.431728E+01  6.349828E+01
 3.551500E+02  5.437175E+01  6.354152E+01
 3.561500E+02  5.442619E+01  6.358488E+01
 3.571500E+02  5.448059E+01  6.362836E+01
 3.581500E+02  5.453496E+01  6.367196E+01
 3.591500E+02  5.458929E+01  6.371566E+01
 3.601500E+02  5.464358E+01  6.375948E+01
 3.611500E+02  5.469783E+01  6.380340E+01
 3.621500E+02  5.475203E+01  6.384742E+01
 3.631500E+02  5.480619E+01  6.389153E+01
 3.641500E+02  5.486029E+01  6.393574E+01
 3.651500E+02  5.491435E+01  6.398004E+01
 3.661500E+02  5.496836E+01  6.402443E+01
 3.671500E+02  5.502231E+01  6.406889E+01
 3.681500E+02  5.507621E+01  6.411344E+01
 3.691500E+02  5.513006E+01  6.415807E+01
 3.701500E+02  5.518384E+01  6.420276E+01
 3.711500E+02  5.523757E+01  6.424753E+01
 3.721500E+02  5.529123E+01  6.429236E+01
 3.731500E+02  5.534483E+01  6.433725E+01
 3.741500E+02  5.539837E+01  6.438221E+01
 3.751500E+02  5.545185E+01  6.442722E+01
 3.761500E+02  5.550525E+01  6.447229E+01
 3.771500E+02  5.555859E+01  6.451740E+01
 3.781500E+02  5.561186E+01  6.456257E+01
 3.791500E+02  5.566506E+01  6.460778E+01
 3.801500E+02  5.571819E+01  6.465303E+01
 3.811500E+02  5.577124E+01  6.469832E+01
 3.821500E+02  5.582422E+01  6.474364E+01
 3.831500E+02  5.587713E+01  6.478900E+01
 3.841500E+02  5.592996E+01  6.483439E+01
 3.851500E+02  5.598271E+01  6.487981E+01
 3.861500E+02  5.603539E+01  6.492526E+01
 3.871500E+02  5.608798E+01  6.497072E+01
 3.881500E+02  5.614049E+01  6.501621E+01
 3.891500E+02  5.619293E+01  6.506172E+01
 3.901500E+02  5.624528E+01  6.510724E+01
 3.911500E+02  5.629754E+01  6.515278E+01
 3.921500E+02  5.634972E+01  6.519832E+01
 3.931500E+02  5.640182E+01  6.524388E+01
 3.941500E+02  5.645383E+01  6.528944E+01
 3.951500E+02  5.650576E+01  6.533500E+01
 3.961500E+02  5.655760E+01  6.538057E+01
 3.971500E+02  5.660934E+01  6.542614E+01
 3.981500E+02  5.666100E+01  6.547170E+01
 3.991500E+02  5.671257E+01  6.552025E+01
