#         T/K            w1            w2          w3-1          w3-2
 2.731500E+02  4.374937E-02  6.860617E-04  1.459009E-04  2.047146E-06
 2.741500E+02  4.361559E-02  6.685808E-04  1.347602E-04  1.964310E-06
 2.751500E+02  4.348153E-02  6.516349E-04  1.245330E-04  1.885282E-06
 2.761500E+02  4.334729E-02  6.352072E-04  1.151399E-04  1.809875E-06
 2.771500E+02  4.321293E-02  6.192808E-04  1.065088E-04  1.737912E-06
 2.781500E+02  4.307853E-02  6.038397E-04  9.857414E-05  1.669222E-06
 2.791500E+02  4.294415E-02  5.888679E-04  9.127624E-05  1.603647E-06
 2.801500E+02  4.280985E-02  5.743501E-04  8.456078E-05  1.541031E-06
 2.811500E+02  4.267568E-02  5.602712E-04  7.837829E-05  1.481231E-06
 2.821500E+02  4.254168E-02  5.466169E-04  7.268374E-05  1.424108E-06
 2.831500E+02  4.240791E-02  5.333730E-04  6.743609E-05  1.369530E-06
 2.841500E+02  4.227440E-02  5.205258E-04  6.259793E-05  1.317374E-06
 2.851500E+02  4.214119E-02  5.080621E-04  5.813518E-05  1.267521E-06
 2.861500E+02  4.200831E-02  4.959692E-04  5.401671E-05  1.219860E-06
 2.871500E+02  4.187579E-02  4.842347E-04  5.021416E-05  1.174283E-06
 2.881500E+02  4.174365E-02  4.728466E-04  4.670161E-05  1.130689E-06
 2.891500E+02  4.161194E-02  4.617933E-04  4.345540E-05  1.088984E-06
 2.901500E+02  4.148065E-02  4.510637E-04  4.045391E-05  1.049076E-06
 2.911500E+02  4.134982E-02  4.406469E-04  3.767738E-05  1.010878E-06
 2.921500E+02  4.121947E-02  4.305327E-04  3.510774E-05  9.743096E-07
 2.931500E+02  4.108961E-02  4.207108E-04  3.272847E-05  9.392925E-07
 2.941500E+02  4.096025E-02  4.111717E-04  3.052443E-05  9.057533E-07
 2.951500E+02  4.083141E-02  4.019059E-04  2.848178E-05  8.736220E-07
 2.961500E+02  4.070311E-02  3.929044E-04  2.658782E-05  8.428323E-07
 2.971500E+02  4.057534E-02  3.841585E-04  2.483093E-05  8.133214E-07
 2.981500E+02  4.044813E-02  3.756598E-04  2.320044E-05  7.850295E-07
 2.991500E+02  4.032148E-02  3.674001E-04  2.168659E-05  7.578999E-07
 3.001500E+02  4.019539E-02  3.593717E-04  2.028038E-05  7.318788E-07
 3.011500E+02  4.006989E-02  3.515671E-04  1.897360E-05  7.069152E-07
 3.021500E+02  3.994496E-02  3.439789E-04  1.775867E-05  6.829603E-07
 3.031500E+02  3.982062E-02  3.366001E-04  1.662863E-05  6.599683E-07
 3.041500E+02  3.969687E-02  3.294240E-04  1.557710E-05  6.378953E-07
 3.051500E+02  3.957371E-02  3.224440E-04  1.459820E-05  6.166996E-07
 3.061500E+02  3.945116E-02  3.156539E-04  1.368651E-05  5.963418E-07
 3.071500E+02  3.932920E-02  3.090476E-04  1.283707E-05  5.767843E-07
 3.081500E+02  3.920785E-02  3.026192E-04  1.204528E-05  5.579913E-07
 3.091500E+02  3.908710E-02  2.963631E-04  1.130693E-05  5.399289E-07
 3.101500E+02  3.896696E-02  2.902739E-04  1.061811E-05  5.225647E-07
 3.111500E+02  3.884742E-02  2.843462E-04  9.975241E-06  5.058681E-07
 3.121500E+02  3.872849E-02  2.785751E-04  9.375010E-06  4.898098E-07
 3.131500E+02  3.861017E-02  2.729556E-04  8.814359E-06  4.743621E-07
 3.141500E+02  3.849246E-02  2.674831E-04  8.290466E-06  4.594983E-07
 3.151500E+02  3.837536E-02  2.621529E-04  7.800724E-06  4.451933E-07
 3.161500E+02  3.825886E-02  2.569607E-04  7.342725E-06  4.314232E-07
 3.171500E+02  3.814297E-02  2.519022E-04  6.914242E-06  4.181650E-07
 3.181500E+02  3.802768E-02  2.469733E-04  6.513216E-06  4.053970E-07
 3.191500E+02  3.791300E-02  2.421702E-04  6.137741E-06  3.930985E-07
 3.201500E+02  3.779892E-02  2.374889E-04  5.786054E-06  3.812496E-07
 3.211500E+02  3.768544E-02  2.329258E-04  5.456521E-06  3.698316E-07
 3.221500E+02  3.757255E-02  2.284774E-04  5.147629E-06  3.588264E-07
 3.231500E+02  3.746027E-02  2.241402E-04  4.857977E-06  3.482170E-07
 3.241500E+02  3.734858E-02  2.199108E-04  4.586264E-06  3.379870E-07
 3.251500E+02  3.723748E-02  2.157861E-04  4.331285E-06  3.281207E-07
 3.261500E+02  3.712697E-02  2.117630E-04  4.091922E-06  3.186035E-07
 3.271500E+02  3.701706E-02  2.078385E-04  3.867135E-06  3.094210E-07
 3.281500E+02  3.690772E-02  2.040097E-04  3.655962E-06  3.005597E-07
 3.291500E+02  3.679897E-02  2.002738E-04  3.457506E-06  2.920067E-07
 3.301500E+02  3.669080E-02  1.966280E-04  3.270935E-06  2.837495E-07
 3.311500E+02  3.658320E-02  1.930699E-04  3.095476E-06  2.757765E-07
 3.321500E+02  3.647618E-02  1.895968E-04  2.930409E-06  2.680764E-07
 3.331500E+02  3.636973E-02  1.862064E-04  2.775064E-06  2.606383E-07
 3.341500E+02  3.626385E-02  1.828961E-04  2.628818E-06  2.534520E-07
 3.351500E+02  3.615853E-02  1.796639E-04  2.491092E-06  2.465076E-07
 3.361500E+02  3.605378E-02  1.765075E-04  2.361345E-06  2.397958E-07
 3.371500E+02  3.594959E-02  1.734246E-04  2.239073E-06  2.333074E-07
 3.381500E+02  3.584595E-02  1.704133E-04  2.123808E-06  2.270340E-07
 3.391500E+02  3.574286E-02  1.674716E-04  2.015112E-06  2.209673E-07
 3.401500E+02  3.564033E-02  1.645975E-04  1.912578E-06  2.150993E-07
 3.411500E+02  3.553834E-02  1.617892E-04  1.815823E-06  2.094226E-07
 3.421500E+02  3.543689E-02  1.590448E-04  1.724494E-06  2.039299E-07
 3.431500E+02  3.533599E-02  1.563625E-04  1.638258E-06  1.986143E-07
 3.441500E+02  3.523562E-02  1.537407E-04  1.556805E-06  1.934692E-07
 3.451500E+02  3.513578E-02  1.511778E-04  1.479846E-06  1.884882E-07
 3.461500E+02  3.503648E-02  1.486720E-04  1.407110E-06  1.836653E-07
 3.471500E+02  3.493770E-02  1.462220E-04  1.338343E-06  1.789946E-07
 3.481500E+02  3.483944E-02  1.438261E-04  1.273311E-06  1.744705E-07
 3.491500E+02  3.474171E-02  1.414830E-04  1.211790E-06  1.700878E-07
 3.501500E+02  3.464449E-02  1.391912E-04  1.153573E-06  1.658411E-07
 3.511500E+02  3.454779E-02  1.369494E-04  1.098467E-06  1.617258E-07
 3.521500E+02  3.445159E-02  1.347562E-04  1.046290E-06  1.577369E-07
 3.531500E+02  3.435591E-02  1.326104E-04  9.968716E-07  1.538700E-07
 3.541500E+02  3.426072E-02  1.305107E-04  9.500519E-07  1.501207E-07
 3.551500E+02  3.416604E-02  1.284559E-04  9.056816E-07  1.464849E-07
 3.561500E+02  3.407185E-02  1.264448E-04  8.636202E-07  1.429586E-07
 3.571500E+02  3.397816E-02  1.244764E-04  8.237364E-07  1.395378E-07
 3.581500E+02  3.388496E-02  1.225495E-04  7.859065E-07  1.362190E-07
 3.591500E+02  3.379224E-02  1.206630E-04  7.500148E-07  1.329986E-07
 3.601500E+02  3.370001E-02  1.188160E-04  7.159522E-07  1.298731E-07
 3.611500E+02  3.360826E-02  1.170074E-04  6.836168E-07  1.268393E-07
 3.621500E+02  3.351699E-02  1.152362E-04  6.529124E-07  1.238940E-07
 3.631500E+02  3.342619E-02  1.135016E-04  6.237487E-07  1.210343E-07
 3.641500E+02  3.333586E-02  1.118025E-04  5.960410E-07  1.182572E-07
 3.651500E+02  3.324600E-02  1.101381E-04  5.697095E-07  1.155599E-07
 3.661500E+02  3.315661E-02  1.085075E-04  5.446792E-07  1.129397E-07
 3.671500E+02  3.306767E-02  1.069099E-04  5.208794E-07  1.103941E-07
 3.681500E+02  3.297920E-02  1.053445E-04  4.982437E-07  1.079205E-07
 3.691500E+02  3.289118E-02  1.038105E-04  4.767095E-07  1.055166E-07
 3.701500E+02  3.280361E-02  1.023071E-04  4.562179E-07  1.031800E-07
 3.711500E+02  3.271649E-02  1.008335E-04  4.367135E-07  1.009086E-07
 3.721500E+02  3.262982E-02  9.938909E-05  4.181440E-07  9.870024E-08
 3.731500E+02  3.254359E-02  9.797311E-05  4.004600E-07  9.655281E-08
 3.741500E+02  3.245779E-02  9.658488E-05  3.836151E-07  9.446435E-08
 3.751500E+02  3.237244E-02  9.522373E-05  3.675654E-07  9.243298E-08
 3.761500E+02  3.228752E-02  9.388902E-05  3.522698E-07  9.045684E-08
 3.771500E+02  3.220303E-02  9.258011E-05  3.376891E-07  8.853417E-08
 3.781500E+02  3.211897E-02  9.129640E-05  3.237865E-07  8.666327E-08
 3.791500E+02  3.203533E-02  9.003729E-05  3.105274E-07  8.484250E-08
 3.801500E+02  3.195211E-02  8.880221E-05  2.978788E-07  8.307026E-08
 3.811500E+02  3.186932E-02  8.759058E-05  2.858099E-07  8.134505E-08
 3.821500E+02  3.178694E-02  8.640186E-05  2.742912E-07  7.966538E-08
 3.831500E+02  3.170497E-02  8.523552E-05  2.632952E-07  7.802984E-08
 3.841500E+02  3.162341E-02  8.409104E-05  2.527957E-07  7.643705E-08
 3.851500E+02  3.154226E-02  8.296792E-05  2.427679E-07  7.488571E-08
 3.861500E+02  3.146151E-02  8.186566E-05  2.331885E-07  7.337452E-08
 3.871500E+02  3.138117E-02  8.078380E-05  2.240353E-07  7.190228E-08
 3.881500E+02  3.130123E-02  7.972186E-05  2.152874E-07  7.046778E-08
 3.891500E+02  3.122168E-02  7.867940E-05  2.069249E-07  6.906989E-08
 3.901500E+02  3.114252E-02  7.765597E-05  1.989291E-07  6.770749E-08
 3.911500E+02  3.106376E-02  7.665115E-05  1.912823E-07  6.637953E-08
 3.921500E+02  3.098538E-02  7.566451E-05  1.839675E-07  6.508497E-08
 3.931500E+02  3.090739E-02  7.469566E-05  1.769689E-07  6.382281E-08
 3.941500E+02  3.082978E-02  7.374420E-05  1.702713E-07  6.259210E-08
 3.951500E+02  3.075256E-02  7.280974E-05  1.638604E-07  6.139191E-08
 3.961500E+02  3.067571E-02  7.189191E-05  1.577226E-07  6.022133E-08
 3.971500E+02  3.059923E-02  7.099033E-05  1.518451E-07  5.907950E-08
 3.981500E+02  3.052313E-02  7.010467E-05  1.462156E-07  5.796559E-08
 3.991500E+02  3.044740E-02  6.923456E-05  1.408225E-07  5.687877E-08
