#         T/K            c1          c2-1          c3-4          c3-5          c3-7          c3-9            m1          m2-1          m3-1            w1            w2          w3-1          w3-2          c1m1        c1m2-1        c1m2-7        c2m1-1        c1w1-2        c1w2-1        c2w1-1        c2w1-9        m1w1-1        m1w1-4        m1w2-1        m2w1-1        m2w1-3      c1m1w1-1
 2.731500E+02  6.117905E-03  1.294662E-06  9.671764E-11  1.269442E-10  1.412356E-10  1.684058E-10  1.191484E-02  1.248007E-05  1.881239E-07  2.263445E-02  1.837602E-04  2.023189E-05  2.838750E-07  7.971909E-05  2.116290E-08  6.944219E-08  3.627416E-09  3.490904E-03  2.076925E-06  1.511509E-08  1.327265E-08  3.808325E-05  5.184157E-05  3.510365E-06  6.690730E-07  8.473899E-07  2.011857E-07
 2.741500E+02  6.135629E-03  1.283925E-06  9.373012E-11  1.230647E-10  1.369295E-10  1.633229E-10  1.186065E-02  1.211996E-05  1.726931E-07  2.258317E-02  1.793620E-04  1.873147E-05  2.730361E-07  7.785571E-05  1.976919E-08  6.507909E-08  3.460463E-09  3.427459E-03  1.958083E-06  1.454889E-08  1.276445E-08  3.709631E-05  5.049488E-05  3.242503E-06  6.162229E-07  7.807654E-07  1.886960E-07
 2.751500E+02  6.152642E-03  1.273142E-06  9.083471E-11  1.193032E-10  1.327540E-10  1.583922E-10  1.180702E-02  1.177296E-05  1.586326E-07  2.253153E-02  1.750913E-04  1.735079E-05  2.626704E-07  7.604353E-05  1.847553E-08  6.101603E-08  3.301875E-09  3.365269E-03  1.846613E-06  1.400542E-08  1.227711E-08  3.614128E-05  4.919189E-05  2.996705E-06  5.678878E-07  7.198089E-07  1.770492E-07
 2.761500E+02  6.168953E-03  1.262320E-06  8.802886E-11  1.156566E-10  1.287057E-10  1.536097E-10  1.175394E-02  1.143852E-05  1.458122E-07  2.247956E-02  1.709442E-04  1.607970E-05  2.527556E-07  7.428097E-05  1.727417E-08  5.723073E-08  3.151205E-09  3.304315E-03  1.742029E-06  1.348374E-08  1.180976E-08  3.521698E-05  4.793097E-05  2.771029E-06  5.236549E-07  6.640043E-07  1.661844E-07
 2.771500E+02  6.184571E-03  1.251467E-06  8.531007E-11  1.121216E-10  1.247810E-10  1.489716E-10  1.170139E-02  1.111610E-05  1.341146E-07  2.242730E-02  1.669167E-04  1.490893E-05  2.432702E-07  7.256655E-05  1.615804E-08  5.370268E-08  3.008030E-09  3.244576E-03  1.643877E-06  1.298295E-08  1.136154E-08  3.432227E-05  4.671057E-05  2.563716E-06  4.831516E-07  6.128853E-07  1.560451E-07
 2.781500E+02  6.199506E-03  1.240587E-06  8.267590E-11  1.086953E-10  1.209766E-10  1.444739E-10  1.164937E-02  1.080520E-05  1.234342E-07  2.237477E-02  1.630051E-04  1.383007E-05  2.341938E-07  7.089882E-05  1.512062E-08  5.041300E-08  2.871953E-09  3.186030E-03  1.551734E-06  1.250218E-08  1.093164E-08  3.345606E-05  4.552917E-05  2.373171E-06  4.460410E-07  5.660305E-07  1.465795E-07
 2.791500E+02  6.213770E-03  1.229689E-06  8.012398E-11  1.053746E-10  1.172891E-10  1.401128E-10  1.159788E-02  1.050532E-05  1.136763E-07  2.232199E-02  1.592056E-04  1.283541E-05  2.255073E-07  6.927638E-05  1.415593E-08  4.734430E-08  2.742598E-09  3.128656E-03  1.465207E-06  1.204061E-08  1.051929E-08  3.261730E-05  4.438534E-05  2.197943E-06  4.120188E-07  5.230587E-07  1.377394E-07
 2.801500E+02  6.227371E-03  1.218778E-06  7.765196E-11  1.021566E-10  1.137154E-10  1.358847E-10  1.154691E-02  1.021601E-05  1.047553E-07  2.226899E-02  1.555146E-04  1.191795E-05  2.171921E-07  6.769788E-05  1.325847E-08  4.448052E-08  2.619609E-09  3.072434E-03  1.383931E-06  1.159744E-08  1.012375E-08  3.180498E-05  4.327770E-05  2.036716E-06  3.808095E-07  4.836248E-07  1.294805E-07
 2.811500E+02  6.240322E-03  1.207860E-06  7.525757E-11  9.903846E-11  1.102522E-10  1.317859E-10  1.149645E-02  9.936832E-06  9.659420E-08  2.221578E-02  1.519289E-04  1.107130E-05  2.092307E-07  6.616202E-05  1.242320E-08  4.180688E-08  2.502653E-09  3.017343E-03  1.307564E-06  1.117192E-08  9.744293E-09  3.101813E-05  4.220491E-05  1.888292E-06  3.521637E-07  4.474165E-07  1.217617E-07
 2.821500E+02  6.252633E-03  1.196942E-06  7.293858E-11  9.601732E-11  1.068965E-10  1.278128E-10  1.144649E-02  9.667358E-06  8.912347E-08  2.216239E-02  1.484448E-04  1.028962E-05  2.016067E-07  6.466753E-05  1.164547E-08  3.930972E-08  2.391413E-09  2.963363E-03  1.235789E-06  1.076331E-08  9.380251E-09  3.025584E-05  4.116571E-05  1.751583E-06  3.258557E-07  4.141507E-07  1.145451E-07
 2.831500E+02  6.264316E-03  1.186029E-06  7.069280E-11  9.309044E-11  1.036452E-10  1.239620E-10  1.139702E-02  9.407195E-06  8.228039E-08  2.210884E-02  1.450594E-04  9.567596E-06  1.943042E-07  6.321318E-05  1.092100E-08  3.697645E-08  2.285590E-09  2.910472E-03  1.168311E-06  1.037092E-08  9.030969E-09  2.951721E-05  4.015886E-05  1.625600E-06  3.016808E-07  3.835707E-07  1.077955E-07
 2.841500E+02  6.275381E-03  1.175126E-06  6.851811E-11  9.025512E-11  1.004953E-10  1.202301E-10  1.134805E-02  9.155961E-06  7.600831E-08  2.205514E-02  1.417693E-04  8.900357E-06  1.873081E-07  6.179780E-05  1.024587E-08  3.479544E-08  2.184903E-09  2.858652E-03  1.104853E-06  9.994072E-09  8.695824E-09  2.880138E-05  3.918319E-05  1.509440E-06  2.794533E-07  3.554437E-07  1.014805E-07
 2.851500E+02  6.285842E-03  1.164239E-06  6.641241E-11  8.750872E-11  9.744402E-11  1.166136E-10  1.129956E-02  8.913295E-06  7.025602E-08  2.200131E-02  1.385716E-04  8.283461E-06  1.806043E-07  6.042024E-05  9.616435E-09  3.275591E-08  2.089085E-09  2.807881E-03  1.045159E-06  9.632136E-09  8.374219E-09  2.810754E-05  3.823758E-05  1.402282E-06  2.590047E-07  3.295584E-07  9.556989E-08
 2.861500E+02  6.295709E-03  1.153373E-06  6.437366E-11  8.484866E-11  9.448838E-11  1.131093E-10  1.125154E-02  8.678850E-06  6.497720E-08  2.194736E-02  1.354633E-04  7.712844E-06  1.741792E-07  5.907939E-05  9.029370E-09  3.084795E-08  1.997883E-09  2.758141E-03  9.889892E-07  9.284491E-09  8.065581E-09  2.743489E-05  3.732095E-05  1.303379E-06  2.401823E-07  3.057228E-07  9.003582E-08
 2.871500E+02  6.304993E-03  1.142533E-06  6.239988E-11  8.227242E-11  9.162562E-11  1.097139E-10  1.120399E-02  8.452296E-06  6.012994E-08  2.189332E-02  1.324415E-04  7.184792E-06  1.680199E-07  5.777417E-05  8.481592E-09  2.906236E-08  1.911060E-09  2.709411E-03  9.361203E-07  8.950549E-09  7.769363E-09  2.678268E-05  3.643225E-05  1.212049E-06  2.228469E-07  2.837625E-07  8.485247E-08
 2.881500E+02  6.313707E-03  1.131723E-06  6.048912E-11  7.977751E-11  8.885303E-11  1.064244E-10  1.115690E-02  8.233319E-06  5.567629E-08  2.183919E-02  1.295037E-04  6.695907E-06  1.621141E-07  5.650353E-05  7.970261E-09  2.739063E-08  1.828391E-09  2.661672E-03  8.863439E-07  8.629744E-09  7.485042E-09  2.615018E-05  3.557048E-05  1.127668E-06  2.068724E-07  2.635187E-07  7.999588E-08
 2.891500E+02  6.321863E-03  1.120949E-06  5.863947E-11  7.736153E-11  8.616794E-11  1.032376E-10  1.111027E-02  8.021618E-06  5.158185E-08  2.178499E-02  1.266470E-04  6.243077E-06  1.564503E-07  5.526648E-05  7.492756E-09  2.582491E-08  1.749662E-09  2.614905E-03  8.394655E-07  8.321536E-09  7.212116E-09  2.553670E-05  3.473470E-05  1.049670E-06  1.921440E-07  2.448472E-07  7.544385E-08
 2.901500E+02  6.329471E-03  1.110215E-06  5.684908E-11  7.502211E-11  8.356774E-11  1.001506E-10  1.106409E-02  7.816906E-06  4.781543E-08  2.173073E-02  1.238689E-04  5.823453E-06  1.510174E-07  5.406203E-05  7.046659E-09  2.435789E-08  1.674672E-09  2.569091E-03  7.953036E-07  8.025405E-09  6.950106E-09  2.494155E-05  3.392398E-05  9.775358E-07  1.785569E-07  2.276166E-07  7.117578E-08
 2.911500E+02  6.336544E-03  1.099523E-06  5.511613E-11  7.275696E-11  8.104988E-11  9.716030E-11  1.101835E-02  7.618909E-06  4.434873E-08  2.167642E-02  1.211670E-04  5.434426E-06  1.458048E-07  5.288924E-05  6.629736E-09  2.298283E-08  1.603230E-09  2.524211E-03  7.536889E-07  7.740854E-09  6.698551E-09  2.436411E-05  3.313743E-05  9.107921E-07  1.660162E-07  2.117072E-07  6.717256E-08
 2.921500E+02  6.343093E-03  1.088880E-06  5.343887E-11  7.056382E-11  7.861187E-11  9.426392E-11  1.097305E-02  7.427366E-06  4.115607E-08  2.162208E-02  1.185388E-04  5.073604E-06  1.408026E-07  5.174718E-05  6.239924E-09  2.169348E-08  1.535156E-09  2.480246E-03  7.144631E-07  7.467408E-09  6.457012E-09  2.380375E-05  3.237421E-05  8.490058E-07  1.544350E-07  1.970100E-07  6.341646E-08
 2.931500E+02  6.349129E-03  1.078287E-06  5.181556E-11  6.844050E-11  7.625131E-11  9.145862E-11  1.092818E-02  7.242026E-06  3.821409E-08  2.156771E-02  1.159820E-04  4.738792E-06  1.360012E-07  5.063497E-05  5.875314E-09  2.048403E-08  1.470280E-09  2.437178E-03  6.774785E-07  7.204608E-09  6.225068E-09  2.325987E-05  3.163351E-05  7.917812E-07  1.437343E-07  1.834254E-07  5.989100E-08
 2.941500E+02  6.354665E-03  1.067749E-06  5.024453E-11  6.638486E-11  7.396580E-11  8.874167E-11  1.088373E-02  7.062650E-06  3.550158E-08  2.151332E-02  1.134945E-04  4.427980E-06  1.313917E-07  4.955173E-05  5.534143E-09  1.934912E-08  1.408439E-09  2.394990E-03  6.425970E-07  6.952019E-09  6.002317E-09  2.273190E-05  3.091453E-05  7.387560E-07  1.338420E-07  1.708626E-07  5.658089E-08
 2.951500E+02  6.359711E-03  1.057268E-06  4.872415E-11  6.439481E-11  7.175306E-11  8.611037E-11  1.083971E-02  6.889010E-06  3.299925E-08  2.145893E-02  1.110739E-04  4.139320E-06  1.269654E-07  4.849664E-05  5.214779E-09  1.828375E-08  1.349481E-09  2.353663E-03  6.096897E-07  6.709220E-09  5.788372E-09  2.221931E-05  3.021654E-05  6.895986E-07  1.246924E-07  1.592390E-07  5.347191E-08
 2.961500E+02  6.364279E-03  1.046849E-06  4.725282E-11  6.246831E-11  6.961082E-11  8.356212E-11  1.079609E-02  6.720887E-06  3.068953E-08  2.140454E-02  1.087184E-04  3.871117E-06  1.227142E-07  4.746888E-05  4.915712E-09  1.728329E-08  1.293261E-09  2.313180E-03  5.786360E-07  6.475810E-09  5.582864E-09  2.172154E-05  2.953879E-05  6.440055E-07  1.162253E-07  1.484787E-07  5.055084E-08
 2.971500E+02  6.368380E-03  1.036494E-06  4.582899E-11  6.060339E-11  6.753690E-11  8.109438E-11  1.075289E-02  6.558072E-06  2.855642E-08  2.135017E-02  1.064257E-04  3.621814E-06  1.186302E-07  4.646767E-05  4.635545E-09  1.634344E-08  1.239642E-09  2.273523E-03  5.493232E-07  6.251405E-09  5.385442E-09  2.123811E-05  2.888061E-05  6.016984E-07  1.083858E-07  1.385125E-07  4.780541E-08
 2.981500E+02  6.372024E-03  1.026205E-06  4.445114E-11  5.879811E-11  6.552916E-11  7.870464E-11  1.071008E-02  6.400366E-06  2.658535E-08  2.129581E-02  1.041941E-04  3.389979E-06  1.147062E-07  4.549224E-05  4.372982E-09  1.546021E-08  1.188495E-09  2.234676E-03  5.216459E-07  6.035634E-09  5.195765E-09  2.076852E-05  2.824132E-05  5.624223E-07  1.011238E-07  1.292774E-07  4.522418E-08
 2.991500E+02  6.375223E-03  1.015985E-06  4.311783E-11  5.705059E-11  6.358553E-11  7.639050E-11  1.066767E-02  6.247576E-06  2.476303E-08  2.124149E-02  1.020215E-04  3.174297E-06  1.109349E-07  4.454185E-05  4.126824E-09  1.462988E-08  1.139695E-09  2.196622E-03  4.955054E-07  5.828146E-09  5.013512E-09  2.031231E-05  2.762028E-05  5.259432E-07  9.439342E-08  1.207154E-07  4.279652E-08
 3.001500E+02  6.377988E-03  1.005837E-06  4.182761E-11  5.535902E-11  6.170398E-11  7.414961E-11  1.062565E-02  6.099521E-06  2.307734E-08  2.118720E-02  9.990624E-05  2.973557E-06  1.073098E-07  4.361578E-05  3.895959E-09  1.384902E-08  1.093127E-09  2.159344E-03  4.708094E-07  5.628602E-09  4.838372E-09  1.986902E-05  2.701687E-05  4.920465E-07  8.815261E-08  1.127735E-07  4.051254E-08
 3.011500E+02  6.380329E-03  9.957620E-07  4.057910E-11  5.372160E-11  5.988254E-11  7.197966E-11  1.058402E-02  5.956024E-06  2.151720E-08  2.113295E-02  9.784650E-05  2.786647E-06  1.038244E-07  4.271335E-05  3.679355E-09  1.311440E-08  1.048681E-09  2.122827E-03  4.474716E-07  5.436678E-09  4.670049E-09  1.943821E-05  2.643050E-05  4.605351E-07  8.236294E-08  1.054032E-07  3.836302E-08
 3.021500E+02  6.382256E-03  9.857632E-07  3.937095E-11  5.213662E-11  5.811931E-11  6.987842E-11  1.054276E-02  5.816918E-06  2.007253E-08  2.107875E-02  9.584060E-05  2.612540E-06  1.004727E-07  4.183387E-05  3.476056E-09  1.242305E-08  1.006251E-09  2.087054E-03  4.254112E-07  5.252062E-09  4.508259E-09  1.901948E-05  2.586059E-05  4.312281E-07  7.698920E-08  9.856010E-08  3.633938E-08
 3.031500E+02  6.383781E-03  9.758421E-07  3.820186E-11  5.060239E-11  5.641242E-11  6.784373E-11  1.050188E-02  5.682042E-06  1.873407E-08  2.102461E-02  9.388690E-05  2.450292E-06  9.724887E-08  4.097668E-05  3.285174E-09  1.177219E-08  9.657388E-10  2.052010E-03  4.045524E-07  5.074458E-09  4.352732E-09  1.861242E-05  2.530661E-05  4.039590E-07  7.199913E-08  9.220346E-08  3.443363E-08
 3.041500E+02  6.384912E-03  9.660004E-07  3.707055E-11  4.911728E-11  5.476006E-11  6.587349E-11  1.046137E-02  5.551242E-06  1.749338E-08  2.097054E-02  9.198380E-05  2.299035E-06  9.414741E-08  4.014117E-05  3.105885E-09  1.115923E-08  9.270504E-10  2.017679E-03  3.848243E-07  4.903581E-09  4.203207E-09  1.821664E-05  2.476801E-05  3.785749E-07  6.736311E-08  8.629588E-08  3.263832E-08
 3.051500E+02  6.385660E-03  9.562398E-07  3.597579E-11  4.767971E-11  5.316049E-11  6.396562E-11  1.042122E-02  5.424370E-06  1.634275E-08  2.091653E-02  9.012979E-05  2.157965E-06  9.116306E-08  3.932670E-05  2.937424E-09  1.058177E-08  8.900966E-10  1.984046E-03  3.661604E-07  4.739156E-09  4.059436E-09  1.783177E-05  2.424429E-05  3.549353E-07  6.305401E-08  8.080306E-08  3.094649E-08
 3.061500E+02  6.386035E-03  9.465616E-07  3.491639E-11  4.628814E-11  5.161200E-11  6.211816E-11  1.038143E-02  5.301285E-06  1.527509E-08  2.086260E-02  8.832338E-05  2.026344E-06  8.829083E-08  3.853268E-05  2.779079E-09  1.003756E-08  8.547930E-10  1.951096E-03  3.484986E-07  4.580924E-09  3.921182E-09  1.745746E-05  2.373497E-05  3.329106E-07  5.904689E-08  7.569350E-08  2.935169E-08
 3.071500E+02  6.386047E-03  9.369673E-07  3.389118E-11  4.494108E-11  5.011294E-11  6.032915E-11  1.034199E-02  5.181852E-06  1.428393E-08  2.080874E-02  8.656314E-05  1.903489E-06  8.552595E-08  3.775855E-05  2.630190E-09  9.524514E-09  8.210596E-10  1.918816E-03  3.317803E-07  4.428633E-09  3.788216E-09  1.709335E-05  2.323956E-05  3.123817E-07  5.531888E-08  7.093827E-08  2.784785E-08
 3.081500E+02  6.385704E-03  9.274581E-07  3.289903E-11  4.363707E-11  4.866169E-11  5.859673E-11  1.030290E-02  5.065940E-06  1.336335E-08  2.075498E-02  8.484769E-05  1.788771E-06  8.286387E-08  3.700372E-05  2.490142E-09  9.040683E-09  7.888204E-10  1.887190E-03  3.159509E-07  4.282043E-09  3.660321E-09  1.673913E-05  2.275763E-05  2.932389E-07  5.184893E-08  6.651078E-08  2.642934E-08
 3.091500E+02  6.385017E-03  9.180350E-07  3.193887E-11  4.237472E-11  4.725671E-11  5.691907E-11  1.026416E-02  4.953424E-06  1.250788E-08  2.070130E-02  8.317570E-05  1.681609E-06  8.030026E-08  3.626766E-05  2.358363E-09  8.584248E-09  7.580034E-10  1.856204E-03  3.009590E-07  4.140925E-09  3.537288E-09  1.639446E-05  2.228872E-05  2.753810E-07  4.861772E-08  6.238658E-08  2.509089E-08
 3.101500E+02  6.383995E-03  9.086990E-07  3.100962E-11  4.115266E-11  4.589648E-11  5.529440E-11  1.022575E-02  4.844186E-06  1.171256E-08  2.064772E-02  8.154587E-05  1.581465E-06  7.783099E-08  3.554984E-05  2.234321E-09  8.153514E-09  7.285403E-10  1.825846E-03  2.867566E-07  4.005057E-09  3.418918E-09  1.605904E-05  2.183242E-05  2.587147E-07  4.560747E-08  5.854315E-08  2.382760E-08
 3.111500E+02  6.382646E-03  8.994510E-07  3.011027E-11  3.996956E-11  4.457954E-11  5.372101E-11  1.018768E-02  4.738110E-06  1.097278E-08  2.059424E-02  7.995696E-05  1.487844E-06  7.545211E-08  3.484975E-05  2.117522E-09  7.746899E-09  7.003662E-10  1.796100E-03  2.732983E-07  3.874229E-09  3.305019E-09  1.573258E-05  2.138832E-05  2.431541E-07  4.280181E-08  5.495981E-08  2.263487E-08
 3.121500E+02  6.380979E-03  8.902918E-07  2.923982E-11  3.882416E-11  4.330448E-11  5.219723E-11  1.014994E-02  4.635086E-06  1.028436E-08  2.054086E-02  7.840776E-05  1.400287E-06  7.315988E-08  3.416690E-05  2.007504E-09  7.362926E-09  6.734197E-10  1.766955E-03  2.605418E-07  3.748239E-09  3.195410E-09  1.541479E-05  2.095604E-05  2.286199E-07  4.018569E-08  5.161747E-08  2.150840E-08
 3.131500E+02  6.379003E-03  8.812219E-07  2.839731E-11  3.771520E-11  4.206991E-11  5.072145E-11  1.011253E-02  4.535009E-06  9.643420E-09  2.048759E-02  7.689710E-05  1.318370E-06  7.095070E-08  3.350079E-05  1.903839E-09  7.000215E-09  6.476424E-10  1.738396E-03  2.484472E-07  3.626893E-09  3.089915E-09  1.510539E-05  2.053519E-05  2.150388E-07  3.774523E-08  4.849856E-08  2.044419E-08
 3.141500E+02  6.376727E-03  8.722419E-07  2.758181E-11  3.664149E-11  4.087451E-11  4.929211E-11  1.007543E-02  4.437777E-06  9.046411E-09  2.043443E-02  7.542386E-05  1.241701E-06  6.882115E-08  3.285097E-05  1.806125E-09  6.657477E-09  6.229788E-10  1.710412E-03  2.369772E-07  3.510005E-09  2.988367E-09  1.480412E-05  2.012542E-05  2.023430E-07  3.546766E-08  4.558690E-08  1.943850E-08
 3.151500E+02  6.374158E-03  8.633523E-07  2.679243E-11  3.560187E-11  3.971698E-11  4.790769E-11  1.003865E-02  4.343292E-06  8.490068E-09  2.038139E-02  7.398694E-05  1.169915E-06  6.676797E-08  3.221697E-05  1.713991E-09  6.333507E-09  5.993763E-10  1.682990E-03  2.260966E-07  3.397398E-09  2.890605E-09  1.451072E-05  1.972638E-05  1.904702E-07  3.334117E-08  4.286754E-08  1.848780E-08
 3.161500E+02  6.371305E-03  8.545535E-07  2.602828E-11  3.459520E-11  3.859608E-11  4.656672E-11  1.000219E-02  4.251461E-06  7.971383E-09  2.032847E-02  7.258530E-05  1.102678E-06  6.478804E-08  3.159836E-05  1.627087E-09  6.027179E-09  5.767851E-10  1.656118E-03  2.157723E-07  3.288902E-09  2.796475E-09  1.422495E-05  1.933773E-05  1.793626E-07  3.135491E-08  4.032670E-08  1.758883E-08
 3.171500E+02  6.368176E-03  8.458458E-07  2.528852E-11  3.362039E-11  3.751059E-11  4.526778E-11  9.966029E-03  4.162194E-06  7.487590E-09  2.027567E-02  7.121790E-05  1.039677E-06  6.287839E-08  3.099472E-05  1.545091E-09  5.737441E-09  5.551577E-10  1.629784E-03  2.059735E-07  3.184352E-09  2.705832E-09  1.394657E-05  1.895915E-05  1.689667E-07  2.949885E-08  3.795167E-08  1.673851E-08
 3.181500E+02  6.364779E-03  8.372293E-07  2.457234E-11  3.267640E-11  3.645934E-11  4.400949E-11  9.930173E-03  4.075405E-06  7.036140E-09  2.022300E-02  6.988377E-05  9.806233E-07  6.103617E-08  3.040563E-05  1.467698E-09  5.463307E-09  5.344490E-10  1.603975E-03  1.966709E-07  3.083594E-09  2.618534E-09  1.367534E-05  1.859031E-05  1.592331E-07  2.776372E-08  3.573070E-08  1.593397E-08
 3.191500E+02  6.361121E-03  8.287043E-07  2.387895E-11  3.176219E-11  3.544121E-11  4.279052E-11  9.894617E-03  3.991010E-06  6.614685E-09  2.017046E-02  6.858194E-05  9.252499E-07  5.925866E-08  2.983068E-05  1.394627E-09  5.203855E-09  5.146162E-10  1.578681E-03  1.878370E-07  2.986476E-09  2.534448E-09  1.341106E-05  1.823093E-05  1.501161E-07  2.614097E-08  3.365294E-08  1.517252E-08
 3.201500E+02  6.357209E-03  8.202707E-07  2.320758E-11  3.087678E-11  3.445509E-11  4.160959E-11  9.859356E-03  3.908930E-06  6.221058E-09  2.011805E-02  6.731150E-05  8.733084E-07  5.754328E-08  2.926949E-05  1.325614E-09  4.958223E-09  4.956188E-10  1.553891E-03  1.794462E-07  2.892855E-09  2.453443E-09  1.315351E-05  1.788071E-05  1.415734E-07  2.462270E-08  3.170836E-08  1.445164E-08
 3.211500E+02  6.353052E-03  8.119285E-07  2.255750E-11  3.001921E-11  3.349993E-11  4.046543E-11  9.824387E-03  3.829088E-06  5.853263E-09  2.006578E-02  6.607154E-05  8.245686E-07  5.588754E-08  2.872169E-05  1.260412E-09  4.725601E-09  4.774180E-10  1.529593E-03  1.714741E-07  2.802594E-09  2.375396E-09  1.290248E-05  1.753937E-05  1.335656E-07  2.320160E-08  2.988768E-08  1.376896E-08
 3.221500E+02  6.348656E-03  8.036778E-07  2.192800E-11  2.918856E-11  3.257469E-11  3.935685E-11  9.789704E-03  3.751410E-06  5.509458E-09  2.001365E-02  6.486121E-05  7.788168E-07  5.428908E-08  2.818689E-05  1.198790E-09  4.505234E-09  4.599772E-10  1.505777E-03  1.638978E-07  2.715561E-09  2.300190E-09  1.265776E-05  1.720664E-05  1.260564E-07  2.187092E-08  2.818232E-08  1.312228E-08
 3.231500E+02  6.344028E-03  7.955184E-07  2.131837E-11  2.838393E-11  3.167838E-11  3.828266E-11  9.755305E-03  3.675825E-06  5.187940E-09  1.996165E-02  6.367966E-05  7.358545E-07  5.274562E-08  2.766476E-05  1.140534E-09  4.296411E-09  4.432614E-10  1.482431E-03  1.566960E-07  2.631629E-09  2.227710E-09  1.241918E-05  1.688226E-05  1.190122E-07  2.062441E-08  2.658435E-08  1.250951E-08
 3.241500E+02  6.339175E-03  7.874500E-07  2.072796E-11  2.760446E-11  3.081005E-11  3.724175E-11  9.721186E-03  3.602265E-06  4.887137E-09  1.990980E-02  6.252609E-05  6.954974E-07  5.125502E-08  2.715494E-05  1.085442E-09  4.098469E-09  4.272376E-10  1.459547E-03  1.498483E-07  2.550677E-09  2.157850E-09  1.218655E-05  1.656598E-05  1.124017E-07  1.945627E-08  2.508640E-08  1.192871E-08
 3.251500E+02  6.334104E-03  7.794725E-07  2.015612E-11  2.684932E-11  2.996877E-11  3.623301E-11  9.687343E-03  3.530664E-06  4.605598E-09  1.985810E-02  6.139970E-05  6.575744E-07  4.981519E-08  2.665710E-05  1.033327E-09  3.910783E-09  4.118741E-10  1.437113E-03  1.433357E-07  2.472590E-09  2.090504E-09  1.195969E-05  1.625754E-05  1.061959E-07  1.836116E-08  2.368167E-08  1.137806E-08
 3.261500E+02  6.328821E-03  7.715855E-07  1.960223E-11  2.611768E-11  2.915363E-11  3.525539E-11  9.653772E-03  3.460959E-06  4.341980E-09  1.980654E-02  6.029975E-05  6.219263E-07  4.842416E-08  2.617091E-05  9.840103E-10  3.732769E-09  3.971410E-10  1.415121E-03  1.371402E-07  2.397255E-09  2.025574E-09  1.173842E-05  1.595673E-05  1.003679E-07  1.733410E-08  2.236385E-08  1.085584E-08
 3.271500E+02  6.323333E-03  7.637888E-07  1.906568E-11  2.540877E-11  2.836378E-11  3.430786E-11  9.620469E-03  3.393089E-06  4.095041E-09  1.975514E-02  5.922549E-05  5.884051E-07  4.708004E-08  2.569606E-05  9.373288E-10  3.563878E-09  3.830098E-10  1.393559E-03  1.312450E-07  2.324567E-09  1.962964E-09  1.152258E-05  1.566330E-05  9.489267E-08  1.637050E-08  2.112708E-08  1.036044E-08
 3.281500E+02  6.317646E-03  7.560819E-07  1.854590E-11  2.472184E-11  2.759836E-11  3.338943E-11  9.587432E-03  3.326996E-06  3.863631E-09  1.970389E-02  5.817621E-05  5.568731E-07  4.578100E-08  2.523224E-05  8.931277E-10  3.403596E-09  3.694534E-10  1.372419E-03  1.256340E-07  2.254422E-09  1.902584E-09  1.131201E-05  1.537705E-05  8.974702E-08  1.546608E-08  1.996593E-08  9.890362E-09
 3.291500E+02  6.311765E-03  7.484644E-07  1.804232E-11  2.405616E-11  2.685658E-11  3.249915E-11  9.554656E-03  3.262623E-06  3.646687E-09  1.965279E-02  5.715122E-05  5.272023E-07  4.452532E-08  2.477916E-05  8.512623E-10  3.251439E-09  3.564458E-10  1.351692E-03  1.202923E-07  2.186723E-09  1.844345E-09  1.110655E-05  1.509776E-05  8.490939E-08  1.461690E-08  1.887537E-08  9.444175E-09
 3.301500E+02  6.305697E-03  7.409359E-07  1.755440E-11  2.341101E-11  2.613765E-11  3.163609E-11  9.522138E-03  3.199915E-06  3.443223E-09  1.960185E-02  5.614985E-05  4.992734E-07  4.331134E-08  2.433652E-05  8.115972E-10  3.106953E-09  3.439627E-10  1.331369E-03  1.152056E-07  2.121376E-09  1.788163E-09  1.090606E-05  1.482523E-05  8.035971E-08  1.381927E-08  1.785073E-08  9.020552E-09
 3.311500E+02  6.299448E-03  7.334959E-07  1.708161E-11  2.278572E-11  2.544080E-11  3.079935E-11  9.489875E-03  3.138820E-06  3.252326E-09  1.955106E-02  5.517145E-05  4.729755E-07  4.213747E-08  2.390406E-05  7.740053E-10  2.969713E-09  3.319805E-10  1.311440E-03  1.103607E-07  2.058290E-09  1.733960E-09  1.071039E-05  1.455925E-05  7.607936E-08  1.306979E-08  1.688765E-08  8.618240E-09
 3.321500E+02  6.293024E-03  7.261438E-07  1.662346E-11  2.217963E-11  2.476532E-11  2.998807E-11  9.457863E-03  3.079288E-06  3.073150E-09  1.950044E-02  5.421541E-05  4.482049E-07  4.100219E-08  2.348149E-05  7.383677E-10  2.839316E-09  3.204771E-10  1.291897E-03  1.057449E-07  1.997379E-09  1.681657E-09  1.051940E-05  1.429964E-05  7.205097E-08  1.236530E-08  1.598212E-08  8.236063E-09
 3.331500E+02  6.286429E-03  7.188791E-07  1.617944E-11  2.159210E-11  2.411049E-11  2.920142E-11  9.426099E-03  3.021271E-06  2.904911E-09  1.944997E-02  5.328110E-05  4.248655E-07  3.990403E-08  2.306855E-05  7.045726E-10  2.715388E-09  3.094313E-10  1.272732E-03  1.013463E-07  1.938560E-09  1.631181E-09  1.033295E-05  1.404622E-05  6.825841E-08  1.170284E-08  1.513038E-08  7.872915E-09
 3.341500E+02  6.279670E-03  7.117011E-07  1.574909E-11  2.102252E-11  2.347563E-11  2.843858E-11  9.394581E-03  2.964720E-06  2.746879E-09  1.939967E-02  5.236795E-05  4.028673E-07  3.884161E-08  2.266499E-05  6.725154E-10  2.597573E-09  2.988229E-10  1.253937E-03  9.715362E-08  1.881754E-09  1.582462E-09  1.015092E-05  1.379880E-05  6.468664E-08  1.107969E-08  1.432895E-08  7.527754E-09
 3.351500E+02  6.272750E-03  7.046094E-07  1.533196E-11  2.047029E-11  2.286008E-11  2.769878E-11  9.363304E-03  2.909592E-06  2.598379E-09  1.934953E-02  5.147537E-05  3.821265E-07  3.781359E-08  2.227056E-05  6.420977E-10  2.485540E-09  2.886327E-10  1.235503E-03  9.315634E-08  1.826885E-09  1.535431E-09  9.973169E-06  1.355721E-05  6.132167E-08  1.049331E-08  1.357458E-08  7.199602E-09
 3.361500E+02  6.265677E-03  6.976032E-07  1.492759E-11  1.993485E-11  2.226320E-11  2.698126E-11  9.332265E-03  2.855843E-06  2.458784E-09  1.929956E-02  5.060282E-05  3.625651E-07  3.681868E-08  2.188502E-05  6.132273E-10  2.378973E-09  2.788424E-10  1.217422E-03  8.934442E-08  1.773878E-09  1.490025E-09  9.799588E-06  1.332129E-05  5.815045E-08  9.941316E-09  1.286425E-08  6.887537E-09
 3.371500E+02  6.258454E-03  6.906818E-07  1.453558E-11  1.941563E-11  2.168439E-11  2.628530E-11  9.301462E-03  2.803430E-06  2.327510E-09  1.924976E-02  4.974976E-05  3.441100E-07  3.585566E-08  2.150813E-05  5.858175E-10  2.277580E-09  2.694346E-10  1.199687E-03  8.570840E-08  1.722664E-09  1.446180E-09  9.630053E-06  1.309088E-05  5.516082E-08  9.421521E-09  1.219517E-08  6.590691E-09
 3.381500E+02  6.251087E-03  6.838446E-07  1.415550E-11  1.891210E-11  2.112303E-11  2.561018E-11  9.270892E-03  2.752313E-06  2.204016E-09  1.920012E-02  4.891567E-05  3.266933E-07  3.492335E-08  2.113967E-05  5.597871E-10  2.181081E-09  2.603928E-10  1.182290E-03  8.223936E-08  1.673176E-09  1.403837E-09  9.464452E-06  1.286581E-05  5.234145E-08  8.931871E-09  1.156472E-08  6.308249E-09
 3.391500E+02  6.243580E-03  6.770909E-07  1.378695E-11  1.842374E-11  2.057856E-11  2.495523E-11  9.240551E-03  2.702453E-06  2.087798E-09  1.915065E-02  4.810004E-05  3.102513E-07  3.402062E-08  2.077942E-05  5.350595E-10  2.089216E-09  2.517010E-10  1.165225E-03  7.892883E-08  1.625349E-09  1.362939E-09  9.302673E-06  1.264595E-05  4.968178E-08  8.470458E-09  1.097046E-08  6.039440E-09
 3.401500E+02  6.235938E-03  6.704200E-07  1.342957E-11  1.795006E-11  2.005043E-11  2.431979E-11  9.210437E-03  2.653813E-06  1.978387E-09  1.910135E-02  4.730239E-05  2.947246E-07  3.314640E-08  2.042716E-05  5.115628E-10  2.001739E-09  2.433443E-10  1.148483E-03  7.576886E-08  1.579120E-09  1.323431E-09  9.144609E-06  1.243114E-05  4.717192E-08  8.035505E-09  1.041012E-08  5.783541E-09
 3.411500E+02  6.228165E-03  6.638310E-07  1.308297E-11  1.749057E-11  1.953810E-11  2.370323E-11  9.180547E-03  2.606355E-06  1.875348E-09  1.905222E-02  4.652225E-05  2.800577E-07  3.229963E-08  2.008269E-05  4.892297E-10  1.918418E-09  2.353082E-10  1.132058E-03  7.275188E-08  1.534431E-09  1.285261E-09  8.990157E-06  1.222124E-05  4.480268E-08  7.625354E-09  9.881578E-09  5.539868E-09
 3.421500E+02  6.220266E-03  6.573233E-07  1.274681E-11  1.704481E-11  1.904105E-11  2.310492E-11  9.150878E-03  2.560045E-06  1.778275E-09  1.900326E-02  4.575914E-05  2.661989E-07  3.147933E-08  1.974579E-05  4.679964E-10  1.839033E-09  2.275791E-10  1.115942E-03  6.987076E-08  1.491224E-09  1.248378E-09  8.839217E-06  1.201612E-05  4.256546E-08  7.238459E-09  9.382873E-09  5.307777E-09
 3.431500E+02  6.212245E-03  6.508962E-07  1.242073E-11  1.661233E-11  1.855878E-11  2.252429E-11  9.121427E-03  2.514849E-06  1.686790E-09  1.895448E-02  4.501264E-05  2.530996E-07  3.068455E-08  1.941629E-05  4.478033E-10  1.763380E-09  2.201438E-10  1.100130E-03  6.711877E-08  1.449445E-09  1.212733E-09  8.691692E-06  1.181564E-05  4.045223E-08  6.873380E-09  8.912159E-09  5.086662E-09
 3.441500E+02  6.204107E-03  6.445487E-07  1.210441E-11  1.619269E-11  1.809081E-11  2.196075E-11  9.092192E-03  2.470734E-06  1.600542E-09  1.890586E-02  4.428230E-05  2.407144E-07  2.991436E-08  1.909398E-05  4.285941E-10  1.691264E-09  2.129900E-10  1.084614E-03  6.448950E-08  1.409040E-09  1.178281E-09  8.547487E-06  1.161968E-05  3.845549E-08  6.528771E-09  8.467717E-09  4.875951E-09
 3.451500E+02  6.195855E-03  6.382801E-07  1.179752E-11  1.578548E-11  1.763667E-11  2.141375E-11  9.063169E-03  2.427669E-06  1.519201E-09  1.885742E-02  4.356771E-05  2.290009E-07  2.916789E-08  1.877868E-05  4.103160E-10  1.622501E-09  2.061057E-10  1.069388E-03  6.197692E-08  1.369959E-09  1.144976E-09  8.406513E-06  1.142811E-05  3.656822E-08  6.203378E-09  8.047943E-09  4.675103E-09
 3.461500E+02  6.187493E-03  6.320897E-07  1.149975E-11  1.539028E-11  1.719591E-11  2.088277E-11  9.034357E-03  2.385622E-06  1.442463E-09  1.880916E-02  4.286845E-05  2.179194E-07  2.844429E-08  1.847022E-05  3.929190E-10  1.556919E-09  1.994797E-10  1.054447E-03  5.957532E-08  1.332154E-09  1.112777E-09  8.268681E-06  1.124081E-05  3.478386E-08  5.896029E-09  7.651339E-09  4.483609E-09
 3.471500E+02  6.179026E-03  6.259766E-07  1.121081E-11  1.500671E-11  1.676811E-11  2.036727E-11  9.005752E-03  2.344565E-06  1.370043E-09  1.876107E-02  4.218414E-05  2.074326E-07  2.774274E-08  1.816841E-05  3.763563E-10  1.494355E-09  1.931010E-10  1.039783E-03  5.727926E-08  1.295578E-09  1.081641E-09  8.133906E-06  1.105767E-05  3.309629E-08  5.605629E-09  7.276504E-09  4.300987E-09
 3.481500E+02  6.170457E-03  6.199400E-07  1.093041E-11  1.463439E-11  1.635283E-11  1.986677E-11  8.977353E-03  2.304469E-06  1.301674E-09  1.871316E-02  4.151438E-05  1.975059E-07  2.706249E-08  1.787309E-05  3.605836E-10  1.434653E-09  1.869595E-10  1.025391E-03  5.508364E-08  1.260186E-09  1.051530E-09  8.002106E-06  1.087858E-05  3.149976E-08  5.331154E-09  6.922131E-09  4.126785E-09
 3.491500E+02  6.161789E-03  6.139791E-07  1.065826E-11  1.427296E-11  1.594967E-11  1.938078E-11  8.949156E-03  2.265307E-06  1.237108E-09  1.866542E-02  4.085882E-05  1.881064E-07  2.640276E-08  1.758410E-05  3.455593E-10  1.377670E-09  1.810451E-10  1.011265E-03  5.298358E-08  1.225936E-09  1.022406E-09  7.873201E-06  1.070342E-05  2.998891E-08  5.071650E-09  6.586996E-09  3.960572E-09
 3.501500E+02  6.153027E-03  6.080930E-07  1.039410E-11  1.392206E-11  1.555825E-11  1.890883E-11  8.921159E-03  2.227051E-06  1.176113E-09  1.861786E-02  4.021708E-05  1.792037E-07  2.576286E-08  1.730127E-05  3.312441E-10  1.323267E-09  1.753486E-10  9.973989E-04  5.097449E-08  1.192785E-09  9.942328E-10  7.747112E-06  1.053209E-05  2.855871E-08  4.826221E-09  6.269954E-09  3.801944E-09
 3.511500E+02  6.144173E-03  6.022811E-07  1.013768E-11  1.358136E-11  1.517818E-11  1.845049E-11  8.893360E-03  2.189676E-06  1.118473E-09  1.857047E-02  3.958881E-05  1.707690E-07  2.514208E-08  1.702444E-05  3.176010E-10  1.271315E-09  1.698609E-10  9.837878E-04  4.905201E-08  1.160695E-09  9.669753E-10  7.623766E-06  1.036449E-05  2.720444E-08  4.594031E-09  5.969936E-09  3.650519E-09
 3.521500E+02  6.135232E-03  5.965423E-07  9.888724E-12  1.325052E-11  1.480910E-11  1.800530E-11  8.865757E-03  2.153157E-06  1.063985E-09  1.852327E-02  3.897368E-05  1.627756E-07  2.453976E-08  1.675347E-05  3.045951E-10  1.221691E-09  1.645735E-10  9.704259E-04  4.721200E-08  1.129627E-09  9.406001E-10  7.503090E-06  1.020052E-05  2.592169E-08  4.374299E-09  5.685938E-09  3.505934E-09
 3.531500E+02  6.126206E-03  5.908759E-07  9.647008E-12  1.292923E-11  1.445065E-11  1.757285E-11  8.838346E-03  2.117471E-06  1.012461E-09  1.847624E-02  3.837136E-05  1.551981E-07  2.395527E-08  1.648822E-05  2.921934E-10  1.174280E-09  1.594781E-10  9.573080E-04  4.545054E-08  1.099545E-09  9.150753E-10  7.385013E-06  1.004008E-05  2.470634E-08  4.166292E-09  5.417024E-09  3.367847E-09
 3.541500E+02  6.117098E-03  5.852810E-07  9.412295E-12  1.261718E-11  1.410249E-11  1.715274E-11  8.811127E-03  2.082593E-06  9.637229E-10  1.842939E-02  3.778152E-05  1.480130E-07  2.338800E-08  1.622853E-05  2.803648E-10  1.128970E-09  1.545670E-10  9.444288E-04  4.376393E-08  1.070413E-09  8.903700E-10  7.269466E-06  9.883087E-06  2.355449E-08  3.969323E-09  5.162315E-09  3.235936E-09
 3.551500E+02  6.107913E-03  5.797568E-07  9.184357E-12  1.231408E-11  1.376431E-11  1.674458E-11  8.784096E-03  2.048502E-06  9.176062E-10  1.838271E-02  3.720385E-05  1.411979E-07  2.283735E-08  1.597426E-05  2.690800E-10  1.085659E-09  1.498327E-10  9.317833E-04  4.214862E-08  1.042198E-09  8.664546E-10  7.156385E-06  9.729440E-06  2.246253E-08  3.782750E-09  4.920986E-09  3.109894E-09
 3.561500E+02  6.098653E-03  5.743026E-07  8.962978E-12  1.201963E-11  1.343577E-11  1.634798E-11  8.757251E-03  2.015175E-06  8.739559E-10  1.833621E-02  3.663804E-05  1.347322E-07  2.230277E-08  1.572530E-05  2.583113E-10  1.044249E-09  1.452680E-10  9.193664E-04  4.060129E-08  1.014867E-09  8.433007E-10  7.045704E-06  9.579057E-06  2.142703E-08  3.605972E-09  4.692268E-09  2.989432E-09
 3.571500E+02  6.089320E-03  5.689173E-07  8.747947E-12  1.173357E-11  1.311657E-11  1.596259E-11  8.730590E-03  1.982591E-06  8.326273E-10  1.828990E-02  3.608382E-05  1.285961E-07  2.178369E-08  1.548149E-05  2.480325E-10  1.004646E-09  1.408661E-10  9.071735E-04  3.911876E-08  9.883887E-10  8.208809E-10  6.937361E-06  9.431851E-06  2.044480E-08  3.438425E-09  4.475436E-09  2.874276E-09
 3.581500E+02  6.079918E-03  5.636003E-07  8.539060E-12  1.145563E-11  1.280641E-11  1.558804E-11  8.704111E-03  1.950731E-06  7.934847E-10  1.824376E-02  3.554088E-05  1.227713E-07  2.127961E-08  1.524272E-05  2.382189E-10  9.667637E-10  1.366205E-10  8.951996E-04  3.769801E-08  9.627334E-10  7.991691E-10  6.831296E-06  9.287742E-06  1.951283E-08  3.279579E-09  4.269812E-09  2.764168E-09
 3.591500E+02  6.070450E-03  5.583507E-07  8.336121E-12  1.118555E-11  1.250502E-11  1.522400E-11  8.677812E-03  1.919574E-06  7.564010E-10  1.819780E-02  3.500895E-05  1.172405E-07  2.079002E-08  1.500886E-05  2.288472E-10  9.305176E-10  1.325250E-10  8.834403E-04  3.633619E-08  9.378720E-10  7.781399E-10  6.727450E-06  9.146650E-06  1.862831E-08  3.128938E-09  4.074760E-09  2.658861E-09
 3.601500E+02  6.060918E-03  5.531676E-07  8.138942E-12  1.092308E-11  1.221210E-11  1.487013E-11  8.651691E-03  1.889102E-06  7.212573E-10  1.815201E-02  3.448777E-05  1.119875E-07  2.031443E-08  1.477980E-05  2.198952E-10  8.958292E-10  1.285735E-10  8.718909E-04  3.503058E-08  9.137769E-10  7.577693E-10  6.625767E-06  9.008496E-06  1.778858E-08  2.986037E-09  3.889683E-09  2.558124E-09
 3.611500E+02  6.051325E-03  5.480503E-07  7.947338E-12  1.066798E-11  1.192740E-11  1.452612E-11  8.625746E-03  1.859295E-06  6.879420E-10  1.810641E-02  3.397706E-05  1.069970E-07  1.985238E-08  1.455541E-05  2.113421E-10  8.626240E-10  1.247604E-10  8.605471E-04  3.377861E-08  8.904213E-10  7.380338E-10  6.526192E-06  8.873207E-06  1.699116E-08  2.850440E-09  3.714020E-09  2.461737E-09
 3.621500E+02  6.041674E-03  5.429978E-07  7.761133E-12  1.042002E-11  1.165065E-11  1.419166E-11  8.599974E-03  1.830136E-06  6.563506E-10  1.806098E-02  3.347658E-05  1.022546E-07  1.940342E-08  1.433557E-05  2.031681E-10  8.308312E-10  1.210802E-10  8.494046E-04  3.257782E-08  8.677796E-10  7.189111E-10  6.428670E-06  8.740709E-06  1.623370E-08  2.721735E-09  3.547245E-09  2.369490E-09
 3.631500E+02  6.031967E-03  5.380095E-07  7.580156E-12  1.017897E-11  1.138161E-11  1.386646E-11  8.574374E-03  1.801608E-06  6.263849E-10  1.801574E-02  3.298608E-05  9.774674E-08  1.896711E-08  1.412019E-05  1.953547E-10  8.003839E-10  1.175277E-10  8.384591E-04  3.142589E-08  8.458269E-10  7.003797E-10  6.333151E-06  8.610933E-06  1.551401E-08  2.599539E-09  3.388863E-09  2.281187E-09
 3.641500E+02  6.022206E-03  5.330844E-07  7.404242E-12  9.944623E-12  1.112003E-11  1.355022E-11  8.548944E-03  1.773693E-06  5.979529E-10  1.797067E-02  3.250531E-05  9.346082E-08  1.854304E-08  1.390915E-05  1.878840E-10  7.712183E-10  1.140979E-10  8.277066E-04  3.032060E-08  8.245396E-10  6.824189E-10  6.239584E-06  8.483809E-06  1.483003E-08  2.483489E-09  3.238410E-09  2.196640E-09
 3.651500E+02  6.012394E-03  5.282219E-07  7.233233E-12  9.716763E-12  1.086569E-11  1.324266E-11  8.523681E-03  1.746376E-06  5.709683E-10  1.792578E-02  3.203405E-05  8.938480E-08  1.813081E-08  1.370235E-05  1.807394E-10  7.432743E-10  1.107860E-10  8.171429E-04  2.925986E-08  8.038948E-10  6.650088E-10  6.147919E-06  8.359271E-06  1.417980E-08  2.373245E-09  3.095449E-09  2.115672E-09
 3.661500E+02  6.002534E-03  5.234209E-07  7.066974E-12  9.495190E-12  1.061835E-11  1.294352E-11  8.498585E-03  1.719640E-06  5.453500E-10  1.788106E-02  3.157206E-05  8.550742E-08  1.773004E-08  1.349969E-05  1.739051E-10  7.164947E-10  1.075874E-10  8.067642E-04  2.824167E-08  7.838705E-10  6.481302E-10  6.058111E-06  8.237254E-06  1.356149E-08  2.268488E-09  2.959569E-09  2.038113E-09
 3.671500E+02  5.992627E-03  5.186809E-07  6.905316E-12  9.279708E-12  1.037780E-11  1.265254E-11  8.473653E-03  1.693471E-06  5.210217E-10  1.783653E-02  3.111912E-05  8.181806E-08  1.734034E-08  1.330106E-05  1.673661E-10  6.908254E-10  1.044978E-10  7.965667E-04  2.726412E-08  7.644455E-10  6.317647E-10  5.970111E-06  8.117696E-06  1.297339E-08  2.168918E-09  2.830385E-09  1.963805E-09
 3.681500E+02  5.982676E-03  5.140009E-07  6.748116E-12  9.070128E-12  1.014383E-11  1.236947E-11  8.448883E-03  1.667854E-06  4.979120E-10  1.779217E-02  3.067502E-05  7.830671E-08  1.696138E-08  1.310637E-05  1.611081E-10  6.662148E-10  1.015130E-10  7.865466E-04  2.632541E-08  7.455994E-10  6.158947E-10  5.883877E-06  8.000536E-06  1.241386E-08  2.074251E-09  2.707533E-09  1.892596E-09
 3.691500E+02  5.972683E-03  5.093802E-07  6.595235E-12  8.866268E-12  9.916240E-12  1.209406E-11  8.424274E-03  1.642774E-06  4.759536E-10  1.774799E-02  3.023955E-05  7.496394E-08  1.659279E-08  1.291553E-05  1.551177E-10  6.426141E-10  9.862894E-11  7.767002E-04  2.542382E-08  7.273126E-10  6.005031E-10  5.799363E-06  7.885715E-06  1.188139E-08  1.984222E-09  2.590671E-09  1.824342E-09
 3.701500E+02  5.962650E-03  5.048180E-07  6.446539E-12  8.667951E-12  9.694826E-12  1.182609E-11  8.399823E-03  1.618217E-06  4.550833E-10  1.770398E-02  2.981250E-05  7.178088E-08  1.623424E-08  1.272844E-05  1.493822E-10  6.199770E-10  9.584178E-11  7.670239E-04  2.455771E-08  7.095663E-10  5.855735E-10  5.716529E-06  7.773176E-06  1.137454E-08  1.898581E-09  2.479478E-09  1.758906E-09
 3.711500E+02  5.952579E-03  5.003136E-07  6.301899E-12  8.475006E-12  9.479402E-12  1.156531E-11  8.375529E-03  1.594170E-06  4.352418E-10  1.766016E-02  2.939369E-05  6.874914E-08  1.588543E-08  1.254502E-05  1.438895E-10  5.982594E-10  9.314784E-11  7.575143E-04  2.372552E-08  6.923422E-10  5.710902E-10  5.635333E-06  7.662863E-06  1.089195E-08  1.817093E-09  2.373651E-09  1.696159E-09
 3.721500E+02  5.942472E-03  4.958661E-07  6.161190E-12  8.287270E-12  9.269784E-12  1.131152E-11  8.351391E-03  1.570620E-06  4.163730E-10  1.761651E-02  2.898291E-05  6.586082E-08  1.554603E-08  1.236518E-05  1.386282E-10  5.774196E-10  9.054358E-11  7.481679E-04  2.292577E-08  6.756229E-10  5.570380E-10  5.555735E-06  7.554721E-06  1.043234E-08  1.739535E-09  2.272903E-09  1.635977E-09
 3.731500E+02  5.932331E-03  4.914749E-07  6.024289E-12  8.104583E-12  9.065795E-12  1.106450E-11  8.327406E-03  1.547554E-06  3.984245E-10  1.757303E-02  2.857997E-05  6.310847E-08  1.521575E-08  1.218884E-05  1.335873E-10  5.574178E-10  8.802564E-11  7.389814E-04  2.215705E-08  6.593914E-10  5.434022E-10  5.477697E-06  7.448698E-06  9.994501E-09  1.665698E-09  2.176967E-09  1.578245E-09
 3.741500E+02  5.922157E-03  4.871391E-07  5.891081E-12  7.926790E-12  8.867264E-12  1.082405E-11  8.303574E-03  1.524960E-06  3.813466E-10  1.752973E-02  2.818470E-05  6.048504E-08  1.489431E-08  1.201591E-05  1.287566E-10  5.382162E-10  8.559076E-11  7.299515E-04  2.141802E-08  6.436316E-10  5.301688E-10  5.401182E-06  7.344743E-06  9.577307E-09  1.595387E-09  2.085589E-09  1.522850E-09
 3.751500E+02  5.911953E-03  4.828580E-07  5.761453E-12  7.753743E-12  8.674025E-12  1.058997E-11  8.279891E-03  1.502825E-06  3.650929E-10  1.748661E-02  2.779692E-05  5.798391E-08  1.458142E-08  1.184632E-05  1.241263E-10  5.197790E-10  8.323585E-11  7.210750E-04  2.070739E-08  6.283278E-10  5.173243E-10  5.326151E-06  7.242807E-06  9.179683E-09  1.528414E-09  1.998530E-09  1.469687E-09
 3.761500E+02  5.901721E-03  4.786308E-07  5.635295E-12  7.585299E-12  8.485917E-12  1.036206E-11  8.256357E-03  1.481139E-06  3.496194E-10  1.744366E-02  2.741645E-05  5.559880E-08  1.427682E-08  1.167999E-05  1.196872E-10  5.020721E-10  8.095791E-11  7.123489E-04  2.002395E-08  6.134650E-10  5.048557E-10  5.252571E-06  7.142841E-06  8.800617E-09  1.464606E-09  1.915564E-09  1.418656E-09
 3.771500E+02  5.891462E-03  4.744569E-07  5.512502E-12  7.421317E-12  8.302786E-12  1.014015E-11  8.232971E-03  1.459890E-06  3.348848E-10  1.740089E-02  2.704314E-05  5.332379E-08  1.398025E-08  1.151683E-05  1.154303E-10  4.850630E-10  7.875410E-11  7.037700E-04  1.936652E-08  5.990286E-10  4.927503E-10  5.180407E-06  7.044798E-06  8.439155E-09  1.403797E-09  1.836480E-09  1.369661E-09
 3.781500E+02  5.881177E-03  4.703355E-07  5.392971E-12  7.261664E-12  8.124482E-12  9.924045E-12  8.209730E-03  1.439068E-06  3.208501E-10  1.735829E-02  2.667680E-05  5.115329E-08  1.369146E-08  1.135679E-05  1.113474E-10  4.687209E-10  7.662167E-11  6.953354E-04  1.873401E-08  5.850046E-10  4.809962E-10  5.109624E-06  6.948632E-06  8.094396E-09  1.345832E-09  1.761076E-09  1.322612E-09
 3.791500E+02  5.870869E-03  4.662660E-07  5.276604E-12  7.106209E-12  7.950860E-12  9.713582E-12  8.186633E-03  1.418660E-06  3.074786E-10  1.731586E-02  2.631729E-05  4.908202E-08  1.341022E-08  1.119978E-05  1.074305E-10  4.530164E-10  7.455800E-11  6.870421E-04  1.812536E-08  5.713795E-10  4.695816E-10  5.040191E-06  6.854300E-06  7.765488E-09  1.290565E-09  1.689164E-09  1.277421E-09
 3.801500E+02  5.860538E-03  4.622475E-07  5.163306E-12  6.954826E-12  7.781780E-12  9.508591E-12  8.163678E-03  1.398658E-06  2.947357E-10  1.727361E-02  2.596445E-05  4.710498E-08  1.313629E-08  1.104575E-05  1.036720E-10  4.379216E-10  7.256057E-11  6.788874E-04  1.753956E-08  5.581405E-10  4.584954E-10  4.972076E-06  6.761758E-06  7.451628E-09  1.237855E-09  1.620566E-09  1.234009E-09
 3.811500E+02  5.850187E-03  4.582793E-07  5.052983E-12  6.807394E-12  7.617107E-12  9.308908E-12  8.140865E-03  1.379052E-06  2.825887E-10  1.723153E-02  2.561813E-05  4.521745E-08  1.286945E-08  1.089461E-05  1.000649E-10  4.234100E-10  7.062696E-11  6.708685E-04  1.697564E-08  5.452749E-10  4.477268E-10  4.905248E-06  6.670964E-06  7.152057E-09  1.187574E-09  1.555111E-09  1.192295E-09
 3.821500E+02  5.839817E-03  4.543609E-07  4.945548E-12  6.663796E-12  7.456708E-12  9.114378E-12  8.118191E-03  1.359831E-06  2.710069E-10  1.718963E-02  2.527818E-05  4.341496E-08  1.260948E-08  1.074630E-05  9.660227E-11  4.094561E-10  6.875485E-11  6.629826E-04  1.643270E-08  5.327706E-10  4.372653E-10  4.839676E-06  6.581878E-06  6.866057E-09  1.139596E-09  1.492642E-09  1.152206E-09
 3.831500E+02  5.829430E-03  4.504915E-07  4.840914E-12  6.523916E-12  7.300459E-12  8.924847E-12  8.095656E-03  1.340986E-06  2.599611E-10  1.714789E-02  2.494445E-05  4.169331E-08  1.235618E-08  1.060077E-05  9.327764E-11  3.960360E-10  6.694202E-11  6.552271E-04  1.590986E-08  5.206161E-10  4.271009E-10  4.775332E-06  6.494459E-06  6.592948E-09  1.093806E-09  1.433007E-09  1.113671E-09
 3.841500E+02  5.819026E-03  4.466704E-07  4.738997E-12  6.387646E-12  7.148235E-12  8.740169E-12  8.073257E-03  1.322508E-06  2.494239E-10  1.710633E-02  2.461682E-05  4.004848E-08  1.210933E-08  1.045794E-05  9.008488E-11  3.831266E-10  6.518632E-11  6.475993E-04  1.540629E-08  5.088001E-10  4.172239E-10  4.712188E-06  6.408670E-06  6.332091E-09  1.050094E-09  1.376064E-09  1.076622E-09
 3.851500E+02  5.808607E-03  4.428969E-07  4.639717E-12  6.254878E-12  6.999918E-12  8.560202E-12  8.050993E-03  1.304389E-06  2.393694E-10  1.706494E-02  2.429514E-05  3.847670E-08  1.186876E-08  1.031775E-05  8.701812E-11  3.707062E-10  6.348570E-11  6.400968E-04  1.492118E-08  4.973118E-10  4.076250E-10  4.650216E-06  6.324472E-06  6.082877E-09  1.008354E-09  1.321679E-09  1.040996E-09
 3.861500E+02  5.798175E-03  4.391705E-07  4.542995E-12  6.125510E-12  6.855393E-12  8.384809E-12  8.028863E-03  1.286619E-06  2.297732E-10  1.702372E-02  2.397928E-05  3.697440E-08  1.163427E-08  1.018016E-05  8.407180E-11  3.587538E-10  6.183820E-11  6.327170E-04  1.445378E-08  4.861408E-10  3.982953E-10  4.589388E-06  6.241830E-06  5.844732E-09  9.684893E-10  1.269726E-09  1.006731E-09
 3.871500E+02  5.787731E-03  4.354904E-07  4.448757E-12  5.999442E-12  6.714550E-12  8.213855E-12  8.006866E-03  1.269190E-06  2.206121E-10  1.698267E-02  2.366911E-05  3.553818E-08  1.140569E-08  1.004509E-05  8.124063E-11  3.472497E-10  6.024192E-11  6.254576E-04  1.400337E-08  4.752769E-10  3.892261E-10  4.529679E-06  6.160707E-06  5.617114E-09  9.304059E-10  1.220082E-09  9.737684E-10
 3.881500E+02  5.777276E-03  4.318559E-07  4.356928E-12  5.876577E-12  6.577280E-12  8.047212E-12  7.985000E-03  1.252094E-06  2.118642E-10  1.694178E-02  2.336451E-05  3.416484E-08  1.118282E-08  9.912497E-06  7.851955E-11  3.361749E-10  5.869505E-11  6.183162E-04  1.356925E-08  4.647105E-10  3.804090E-10  4.471064E-06  6.081070E-06  5.399509E-09  8.940160E-10  1.172635E-09  9.420536E-10
 3.891500E+02  5.766811E-03  4.282666E-07  4.267439E-12  5.756821E-12  6.443480E-12  7.884755E-12  7.963264E-03  1.235324E-06  2.035090E-10  1.690107E-02  2.306536E-05  3.285134E-08  1.096552E-08  9.782319E-06  7.590377E-11  3.255113E-10  5.719584E-11  6.112904E-04  1.315075E-08  4.544322E-10  3.718360E-10  4.413517E-06  6.002884E-06  5.191428E-09  8.592361E-10  1.127278E-09  9.115334E-10
 3.901500E+02  5.756337E-03  4.247216E-07  4.180220E-12  5.640086E-12  6.313049E-12  7.726364E-12  7.941657E-03  1.218871E-06  1.955270E-10  1.686053E-02  2.277153E-05  3.159481E-08  1.075360E-08  9.654506E-06  7.338872E-11  3.152418E-10  5.574261E-11  6.043779E-04  1.274726E-08  4.444329E-10  3.634993E-10  4.357015E-06  5.926117E-06  4.992412E-09  8.259874E-10  1.083907E-09  8.821572E-10
 3.911500E+02  5.745856E-03  4.212205E-07  4.095206E-12  5.526282E-12  6.185889E-12  7.571921E-12  7.920177E-03  1.202728E-06  1.878995E-10  1.682015E-02  2.248291E-05  3.039251E-08  1.054693E-08  9.529004E-06  7.097005E-11  3.053500E-10  5.433375E-11  5.975767E-04  1.235816E-08  4.347039E-10  3.553914E-10  4.301534E-06  5.850736E-06  4.802023E-09  7.941954E-10  1.042428E-09  8.538770E-10
 3.921500E+02  5.735369E-03  4.177626E-07  4.012333E-12  5.415325E-12  6.061906E-12  7.421313E-12  7.898823E-03  1.186888E-06  1.806093E-10  1.677994E-02  2.219938E-05  2.924185E-08  1.034533E-08  9.405763E-06  6.864362E-11  2.958202E-10  5.296771E-11  5.908844E-04  1.198287E-08  4.252369E-10  3.475051E-10  4.247051E-06  5.776712E-06  4.619848E-09  7.637892E-10  1.002748E-09  8.266468E-10
 3.931500E+02  5.724876E-03  4.143472E-07  3.931538E-12  5.307134E-12  5.941009E-12  7.274431E-12  7.877594E-03  1.171343E-06  1.736397E-10  1.673989E-02  2.192084E-05  2.814040E-08  1.014867E-08  9.284733E-06  6.640548E-11  2.866374E-10  5.164301E-11  5.842990E-04  1.162085E-08  4.160236E-10  3.398334E-10  4.193543E-06  5.704013E-06  4.445494E-09  7.347020E-10  9.647804E-10  8.004230E-10
 3.941500E+02  5.714379E-03  4.109739E-07  3.852763E-12  5.201629E-12  5.823109E-12  7.131167E-12  7.856488E-03  1.156087E-06  1.669752E-10  1.670002E-02  2.164718E-05  2.708582E-08  9.956805E-09  9.165867E-06  6.425187E-11  2.777874E-10  5.035820E-11  5.778184E-04  1.127156E-08  4.070563E-10  3.323696E-10  4.140991E-06  5.632610E-06  4.278590E-09  7.068703E-10  9.284439E-10  7.751637E-10
 3.951500E+02  5.703880E-03  4.076419E-07  3.775947E-12  5.098733E-12  5.708121E-12  6.991421E-12  7.835505E-03  1.141114E-06  1.606009E-10  1.666031E-02  2.137829E-05  2.607590E-08  9.769592E-09  9.049116E-06  6.217919E-11  2.692566E-10  4.911193E-11  5.714405E-04  1.093451E-08  3.983273E-10  3.251072E-10  4.089371E-06  5.562475E-06  4.118783E-09  6.802342E-10  8.936607E-10  7.508292E-10
 3.961500E+02  5.693378E-03  4.043507E-07  3.701036E-12  4.998371E-12  5.595961E-12  6.855091E-12  7.814643E-03  1.126416E-06  1.545027E-10  1.662076E-02  2.111407E-05  2.510856E-08  9.586900E-09  8.934435E-06  6.018405E-11  2.610320E-10  4.790286E-11  5.651635E-04  1.060921E-08  3.898293E-10  3.180399E-10  4.038664E-06  5.493579E-06  3.965739E-09  6.547366E-10  8.603570E-10  7.273813E-10
 3.971500E+02  5.682874E-03  4.010998E-07  3.627974E-12  4.900473E-12  5.486550E-12  6.722082E-12  7.793902E-03  1.111987E-06  1.486675E-10  1.658137E-02  2.085443E-05  2.418181E-08  9.408599E-09  8.821780E-06  5.826316E-11  2.531012E-10  4.672972E-11  5.589853E-04  1.029520E-08  3.815553E-10  3.111617E-10  3.988850E-06  5.425896E-06  3.819141E-09  6.303236E-10  8.284631E-10  7.047838E-10
 3.981500E+02  5.672371E-03  3.978885E-07  3.556710E-12  4.804967E-12  5.379809E-12  6.592299E-12  7.773279E-03  1.097821E-06  1.430827E-10  1.654215E-02  2.059926E-05  2.329377E-08  9.234564E-09  8.711106E-06  5.641344E-11  2.454523E-10  4.559129E-11  5.529041E-04  9.992030E-09  3.734984E-10  3.044667E-10  3.939909E-06  5.359399E-06  3.678688E-09  6.069440E-10  7.979126E-10  6.830019E-10
 3.991500E+02  5.661868E-03  3.947164E-07  3.487192E-12  4.711786E-12  5.275664E-12  6.465653E-12  7.752773E-03  1.083913E-06  1.377362E-10  1.650310E-02  2.034846E-05  2.244265E-08  9.064676E-09  8.602371E-06  5.463191E-11  2.380741E-10  4.448639E-11  5.469179E-04  9.699289E-09  3.656521E-10  2.979493E-10  3.891822E-06  5.294062E-06  3.544095E-09  5.845492E-10  7.686427E-10  6.620027E-10
