#         T/K          U/kJ          H/kJ      S/J*K^-1
 2.731500E+02  5.724803E+01  5.725369E+01  1.656481E+02
 2.741500E+02  5.743172E+01  5.743739E+01  1.663194E+02
 2.751500E+02  5.761485E+01  5.762052E+01  1.669862E+02
 2.761500E+02  5.779729E+01  5.780296E+01  1.676480E+02
 2.771500E+02  5.797893E+01  5.798461E+01  1.683046E+02
 2.781500E+02  5.815970E+01  5.816538E+01  1.689557E+02
 2.791500E+02  5.833952E+01  5.834521E+01  1.696010E+02
 2.801500E+02  5.851834E+01  5.852403E+01  1.702405E+02
 2.811500E+02  5.869611E+01  5.870181E+01  1.708740E+02
 2.821500E+02  5.887280E+01  5.887850E+01  1.715013E+02
 2.831500E+02  5.904837E+01  5.905408E+01  1.721225E+02
 2.841500E+02  5.922282E+01  5.922853E+01  1.727375E+02
 2.851500E+02  5.939614E+01  5.940186E+01  1.733464E+02
 2.861500E+02  5.956833E+01  5.957405E+01  1.739492E+02
 2.871500E+02  5.973939E+01  5.974512E+01  1.745460E+02
 2.881500E+02  5.990934E+01  5.991507E+01  1.751369E+02
 2.891500E+02  6.007820E+01  6.008393E+01  1.757219E+02
 2.901500E+02  6.024598E+01  6.025172E+01  1.763011E+02
 2.911500E+02  6.041272E+01  6.041846E+01  1.768748E+02
 2.921500E+02  6.057843E+01  6.058418E+01  1.774430E+02
 2.931500E+02  6.074315E+01  6.074890E+01  1.780059E+02
 2.941500E+02  6.090690E+01  6.091266E+01  1.785636E+02
 2.951500E+02  6.106972E+01  6.107548E+01  1.791162E+02
 2.961500E+02  6.123162E+01  6.123739E+01  1.796638E+02
 2.971500E+02  6.139264E+01  6.139841E+01  1.802066E+02
 2.981500E+02  6.155281E+01  6.155859E+01  1.807447E+02
 2.991500E+02  6.171215E+01  6.171793E+01  1.812783E+02
 3.001500E+02  6.187068E+01  6.187646E+01  1.818074E+02
 3.011500E+02  6.202842E+01  6.203421E+01  1.823321E+02
 3.021500E+02  6.218541E+01  6.219120E+01  1.828525E+02
 3.031500E+02  6.234164E+01  6.234744E+01  1.833687E+02
 3.041500E+02  6.249715E+01  6.250296E+01  1.838809E+02
 3.051500E+02  6.265195E+01  6.265776E+01  1.843890E+02
 3.061500E+02  6.280606E+01  6.281187E+01  1.848932E+02
 3.071500E+02  6.295947E+01  6.296529E+01  1.853935E+02
 3.081500E+02  6.311222E+01  6.311804E+01  1.858900E+02
 3.091500E+02  6.326430E+01  6.327013E+01  1.863828E+02
 3.101500E+02  6.341572E+01  6.342156E+01  1.868718E+02
 3.111500E+02  6.356650E+01  6.357234E+01  1.873572E+02
 3.121500E+02  6.371664E+01  6.372248E+01  1.878390E+02
 3.131500E+02  6.386613E+01  6.387198E+01  1.883171E+02
 3.141500E+02  6.401500E+01  6.402085E+01  1.887918E+02
 3.151500E+02  6.416324E+01  6.416909E+01  1.892629E+02
 3.161500E+02  6.431085E+01  6.431671E+01  1.897306E+02
 3.171500E+02  6.445784E+01  6.446371E+01  1.901948E+02
 3.181500E+02  6.460421E+01  6.461008E+01  1.906556E+02
 3.191500E+02  6.474996E+01  6.475584E+01  1.911130E+02
 3.201500E+02  8.812081E+01  9.070542E+01  2.722465E+02
 3.211500E+02  8.817476E+01  9.076849E+01  2.724435E+02
 3.221500E+02  8.822870E+01  9.083153E+01  2.726398E+02
 3.231500E+02  8.828261E+01  9.089454E+01  2.728354E+02
 3.241500E+02  8.833651E+01  9.095752E+01  2.730303E+02
 3.251500E+02  8.839040E+01  9.102048E+01  2.732245E+02
 3.261500E+02  8.844427E+01  9.108341E+01  2.734180E+02
 3.271500E+02  8.849813E+01  9.114632E+01  2.736109E+02
 3.281500E+02  8.855198E+01  9.120921E+01  2.738032E+02
 3.291500E+02  8.860583E+01  9.127208E+01  2.739947E+02
 3.301500E+02  8.865966E+01  9.133493E+01  2.741857E+02
 3.311500E+02  8.871350E+01  9.139777E+01  2.743760E+02
 3.321500E+02  8.876733E+01  9.146060E+01  2.745657E+02
 3.331500E+02  8.882116E+01  9.152342E+01  2.747549E+02
 3.341500E+02  8.887499E+01  9.158622E+01  2.749434E+02
 3.351500E+02  8.892882E+01  9.164902E+01  2.751313E+02
 3.361500E+02  8.898266E+01  9.171181E+01  2.753186E+02
 3.371500E+02  8.903650E+01  9.177460E+01  2.755054E+02
 3.381500E+02  8.909034E+01  9.183738E+01  2.756916E+02
 3.391500E+02  8.914420E+01  9.190016E+01  2.758773E+02
 3.401500E+02  8.919806E+01  9.196294E+01  2.760624E+02
 3.411500E+02  8.925193E+01  9.202572E+01  2.762469E+02
 3.421500E+02  8.930581E+01  9.208851E+01  2.764310E+02
 3.431500E+02  8.935971E+01  9.215130E+01  2.766144E+02
 3.441500E+02  8.941361E+01  9.221409E+01  2.767974E+02
 3.451500E+02  8.946754E+01  9.227689E+01  2.769799E+02
 3.461500E+02  8.952148E+01  9.233969E+01  2.771618E+02
 3.471500E+02  8.957543E+01  9.240251E+01  2.773433E+02
 3.481500E+02  8.962940E+01  9.246533E+01  2.775242E+02
 3.491500E+02  8.968340E+01  9.252817E+01  2.777047E+02
 3.501500E+02  8.973741E+01  9.259102E+01  2.778847E+02
 3.511500E+02  8.979144E+01  9.265388E+01  2.780642E+02
 3.521500E+02  8.984549E+01  9.271676E+01  2.782432E+02
 3.531500E+02  8.989957E+01  9.277965E+01  2.784218E+02
 3.541500E+02  8.995367E+01  9.284256E+01  2.785999E+02
 3.551500E+02  9.000780E+01  9.290549E+01  2.787776E+02
 3.561500E+02  9.006195E+01  9.296843E+01  2.789548E+02
 3.571500E+02  9.011613E+01  9.303139E+01  2.791316E+02
 3.581500E+02  9.017033E+01  9.309438E+01  2.793079E+02
 3.591500E+02  9.022456E+01  9.315738E+01  2.794838E+02
 3.601500E+02  9.027883E+01  9.322041E+01  2.796593E+02
 3.611500E+02  9.033312E+01  9.328346E+01  2.798343E+02
 3.621500E+02  9.038744E+01  9.334654E+01  2.800089E+02
 3.631500E+02  9.044179E+01  9.340964E+01  2.801831E+02
 3.641500E+02  9.049617E+01  9.347276E+01  2.803569E+02
 3.651500E+02  9.055059E+01  9.353592E+01  2.805303E+02
 3.661500E+02  9.060504E+01  9.359910E+01  2.807033E+02
 3.671500E+02  9.065952E+01  9.366230E+01  2.808759E+02
 3.681500E+02  9.071403E+01  9.372554E+01  2.810481E+02
 3.691500E+02  9.076858E+01  9.378880E+01  2.812199E+02
 3.701500E+02  9.082317E+01  9.385210E+01  2.813914E+02
 3.711500E+02  9.087779E+01  9.391542E+01  2.815624E+02
 3.721500E+02  9.093245E+01  9.397878E+01  2.817331E+02
 3.731500E+02  9.098715E+01  9.404217E+01  2.819034E+02
 3.741500E+02  9.104188E+01  9.410559E+01  2.820733E+02
 3.751500E+02  9.109666E+01  9.416904E+01  2.822429E+02
 3.761500E+02  9.115147E+01  9.423253E+01  2.824121E+02
 3.771500E+02  9.120632E+01  9.429605E+01  2.825809E+02
 3.781500E+02  9.126121E+01  9.435961E+01  2.827494E+02
 3.791500E+02  9.131614E+01  9.442320E+01  2.829175E+02
 3.801500E+02  9.137111E+01  9.448683E+01  2.830853E+02
 3.811500E+02  9.142612E+01  9.455050E+01  2.832528E+02
 3.821500E+02  9.148117E+01  9.461420E+01  2.834199E+02
 3.831500E+02  9.153627E+01  9.467794E+01  2.835866E+02
 3.841500E+02  9.159141E+01  9.474172E+01  2.837530E+02
 3.851500E+02  9.164659E+01  9.480553E+01  2.839191E+02
 3.861500E+02  9.170181E+01  9.486939E+01  2.840849E+02
 3.871500E+02  9.175708E+01  9.493328E+01  2.842503E+02
 3.881500E+02  9.181239E+01  9.499722E+01  2.844154E+02
 3.891500E+02  9.186775E+01  9.506119E+01  2.845802E+02
 3.901500E+02  9.192314E+01  9.512521E+01  2.847446E+02
 3.911500E+02  9.197859E+01  9.518926E+01  2.849088E+02
 3.921500E+02  9.203408E+01  9.525336E+01  2.850726E+02
 3.931500E+02  9.208961E+01  9.531750E+01  2.852361E+02
 3.941500E+02  9.214520E+01  9.538168E+01  2.853993E+02
 3.951500E+02  9.220082E+01  9.544590E+01  2.855622E+02
 3.961500E+02  9.225650E+01  9.551017E+01  2.857248E+02
 3.971500E+02  9.231222E+01  9.557448E+01  2.858871E+02
 3.981500E+02  9.236798E+01  9.563883E+01  2.860491E+02
 3.991500E+02  9.242380E+01  9.570322E+01  2.862108E+02
