#         T/K            c1          c2-1          c3-4          c3-5          c3-7          c3-9            m1          m2-1          m3-1            w1            w2          w3-1          w3-2          c1m1        c1m2-1        c1m2-7        c2m1-1        c1w1-2        c1w2-1        c2w1-1        c2w1-9        m1w1-1        m1w1-4        m1w2-1        m2w1-1        m2w1-3      c1m1w1-1
 2.731500E+02  1.186000E-02  4.866750E-06  7.050003E-10  9.253300E-10  1.029503E-09  1.227554E-09  7.433979E-03  4.859618E-06  4.571734E-08  1.920089E-02  1.322736E-04  1.235744E-05  1.733881E-07  9.644866E-05  1.597942E-08  5.243355E-08  8.510050E-09  5.742357E-03  2.898968E-06  4.821296E-08  4.233608E-08  2.016218E-05  2.744616E-05  1.576979E-06  2.210695E-07  2.799875E-07  2.065386E-07
 2.741500E+02  1.187303E-02  4.809085E-06  6.795517E-10  8.922301E-10  9.927510E-10  1.184105E-09  7.396288E-03  4.714431E-06  4.190118E-08  1.917947E-02  1.294052E-04  1.148055E-05  1.673443E-07  9.397581E-05  1.488461E-08  4.899933E-08  8.085003E-09  5.634356E-03  2.734468E-06  4.629376E-08  4.061576E-08  1.965194E-05  2.674989E-05  1.459234E-06  2.036272E-07  2.579992E-07  1.934897E-07
 2.751500E+02  1.188503E-02  4.751944E-06  6.550916E-10  8.604039E-10  9.574101E-10  1.142310E-09  7.359027E-03  4.574701E-06  3.842966E-08  1.915725E-02  1.266096E-04  1.067040E-05  1.615372E-07  9.157945E-05  1.387170E-08  4.581173E-08  7.683376E-09  5.528636E-03  2.580083E-06  4.445803E-08  3.897178E-08  1.915769E-05  2.607552E-05  1.350961E-06  1.876718E-07  2.378777E-07  1.813382E-07
 2.761500E+02  1.189603E-02  4.695336E-06  6.315804E-10  8.298007E-10  9.234244E-10  1.102103E-09  7.322191E-03  4.440188E-06  3.526949E-08  1.913427E-02  1.238849E-04  9.921597E-06  1.559569E-07  8.925691E-05  1.293407E-08  4.285162E-08  7.303776E-09  5.425152E-03  2.435150E-06  4.270193E-08  3.740056E-08  1.867884E-05  2.542224E-05  1.251349E-06  1.730679E-07  2.194534E-07  1.700178E-07
 2.771500E+02  1.190604E-02  4.639268E-06  6.089800E-10  8.003722E-10  8.907406E-10  1.063423E-09  7.285775E-03  4.310665E-06  3.239074E-08  1.911055E-02  1.212292E-04  9.229220E-06  1.505939E-07  8.700563E-05  1.206571E-08  4.010146E-08  6.944895E-09  5.323860E-03  2.299054E-06  4.102180E-08  3.589869E-08  1.821484E-05  2.478932E-05  1.159660E-06  1.596931E-07  2.025732E-07  1.594675E-07
 2.781500E+02  1.191508E-02  4.583748E-06  5.872541E-10  7.720719E-10  8.593070E-10  1.026210E-09  7.249772E-03  4.185914E-06  2.976657E-08  1.908613E-02  1.186407E-04  8.588751E-06  1.454391E-07  8.482315E-05  1.126110E-08  3.754514E-08  6.605512E-09  5.224717E-03  2.171218E-06  3.941417E-08  3.446292E-08  1.776519E-05  2.417602E-05  1.075220E-06  1.474367E-07  1.870986E-07  1.496311E-07
 2.791500E+02  1.192317E-02  4.528783E-06  5.663675E-10  7.448549E-10  8.290743E-10  9.904068E-10  7.214177E-03  4.065730E-06  2.737286E-08  1.906102E-02  1.161176E-04  7.996055E-06  1.404839E-07  8.270710E-05  1.051519E-08  3.516790E-08  6.284480E-09  5.127678E-03  2.051107E-06  3.787573E-08  3.309018E-08  1.732935E-05  2.358164E-05  9.974181E-07  1.361986E-07  1.729043E-07  1.404566E-07
 2.801500E+02  1.193034E-02  4.474378E-06  5.462867E-10  7.186785E-10  7.999952E-10  9.559578E-10  7.178984E-03  3.949917E-06  2.518790E-08  1.903527E-02  1.136581E-04  7.447344E-06  1.357200E-07  8.065520E-05  9.823360E-09  3.295615E-08  5.980726E-09  5.032702E-03  1.938223E-06  3.640331E-08  3.177753E-08  1.690686E-05  2.300552E-05  9.256973E-07  1.258882E-07  1.598769E-07  1.318962E-07
 2.811500E+02  1.193660E-02  4.420540E-06  5.269795E-10  6.935014E-10  7.720239E-10  9.228103E-10  7.144189E-03  3.838289E-06  2.319216E-08  1.900888E-02  1.112606E-04  6.939148E-06  1.311394E-07  7.866524E-05  9.181383E-09  3.089743E-08  5.693243E-09  4.939746E-03  1.832100E-06  3.499392E-08  3.052216E-08  1.649724E-05  2.244701E-05  8.595497E-07  1.164235E-07  1.479136E-07  1.239057E-07
 2.821500E+02  1.194198E-02  4.367272E-06  5.084149E-10  6.692841E-10  7.451169E-10  8.909133E-10  7.109785E-03  3.730667E-06  2.136807E-08  1.898189E-02  1.089234E-04  6.468283E-06  1.267344E-07  7.673512E-05  8.585378E-09  2.898027E-08  5.421086E-09  4.848769E-03  1.732305E-06  3.364467E-08  2.932142E-08  1.610003E-05  2.190549E-05  7.985124E-07  1.077302E-07  1.369211E-07  1.164442E-07
 2.831500E+02  1.194650E-02  4.314580E-06  4.905632E-10  6.459887E-10  7.192320E-10  8.602180E-10  7.075766E-03  3.626884E-06  1.969978E-08  1.895432E-02  1.066449E-04  6.031829E-06  1.224978E-07  7.486280E-05  8.031791E-09  2.719413E-08  5.163370E-09  4.759730E-03  1.638434E-06  3.235284E-08  2.817278E-08  1.571481E-05  2.138037E-05  7.421633E-07  9.974085E-08  1.268151E-07  1.094740E-07
 2.841500E+02  1.195017E-02  4.262466E-06  4.733960E-10  6.235785E-10  6.943288E-10  8.306774E-10  7.042128E-03  3.526777E-06  1.817299E-08  1.892619E-02  1.044234E-04  5.627109E-06  1.184226E-07  7.304633E-05  7.517360E-09  2.552930E-08  4.919265E-09  4.672588E-03  1.550111E-06  3.111582E-08  2.707382E-08  1.534116E-05  2.087107E-05  6.901173E-07  9.239436E-08  1.175187E-07  1.029604E-07
 2.851500E+02  1.195302E-02  4.210935E-06  4.568859E-10  6.020186E-10  6.703687E-10  8.022462E-10  7.008864E-03  3.430194E-06  1.677482E-08  1.889753E-02  1.022574E-04  5.251665E-06  1.145021E-07  7.128380E-05  7.039091E-09  2.397686E-08  4.687989E-09  4.587303E-03  1.466984E-06  2.993115E-08  2.602226E-08  1.497868E-05  2.037704E-05  6.420228E-07  8.563522E-08  1.089625E-07  9.687101E-08
 2.861500E+02  1.195507E-02  4.159987E-06  4.410066E-10  5.812753E-10  6.473144E-10  7.748811E-10  6.975970E-03  3.336988E-06  1.549363E-08  1.886835E-02  1.001455E-04  4.903238E-06  1.107299E-07  6.957341E-05  6.594236E-09  2.252856E-08  4.468812E-09  4.503836E-03  1.388725E-06  2.879644E-08  2.501591E-08  1.462697E-05  1.989774E-05  5.975586E-07  7.941304E-08  1.010831E-07  9.117613E-08
 2.871500E+02  1.195634E-02  4.109626E-06  4.257330E-10  5.613164E-10  6.251301E-10  7.485404E-10  6.943440E-03  3.247019E-06  1.431888E-08  1.883867E-02  9.808612E-05  4.579756E-06  1.070998E-07  6.791341E-05  6.180270E-09  2.117683E-08  4.261046E-09  4.422149E-03  1.315028E-06  2.770946E-08  2.405270E-08  1.428568E-05  1.943268E-05  5.564313E-07  7.368203E-08  9.382312E-08  8.584819E-08
 2.881500E+02  1.195685E-02  4.059853E-06  4.110407E-10  5.421108E-10  6.037816E-10  7.231841E-10  6.911268E-03  3.160156E-06  1.324108E-08  1.880851E-02  9.607787E-05  4.279313E-06  1.036061E-07  6.630211E-05  5.794871E-09  1.991468E-08  4.064045E-09  4.342204E-03  1.245608E-06  2.666805E-08  2.313063E-08  1.395443E-05  1.898135E-05  5.183726E-07  6.840055E-08  8.713013E-08  8.086167E-08
 2.891500E+02  1.195661E-02  4.010668E-06  3.969067E-10  5.236287E-10  5.832358E-10  6.987736E-10  6.879449E-03  3.076271E-06  1.225161E-08  1.877790E-02  9.411935E-05  4.000158E-06  1.002432E-07  6.473788E-05  5.435905E-09  1.873566E-08  3.877203E-09  4.263963E-03  1.180197E-06  2.567016E-08  2.224784E-08  1.363289E-05  1.854330E-05  4.831372E-07  6.353071E-08  8.095658E-08  7.619296E-08
 2.901500E+02  1.195565E-02  3.962073E-06  3.833087E-10  5.058416E-10  5.634610E-10  6.752719E-10  6.847979E-03  2.995243E-06  1.134268E-08  1.874686E-02  9.220922E-05  3.740681E-06  9.700562E-08  6.321917E-05  5.101410E-09  1.763382E-08  3.699950E-09  4.187389E-03  1.118548E-06  2.471385E-08  2.140252E-08  1.332073E-05  1.811805E-05  4.505005E-07  5.903803E-08  7.525913E-08  7.182019E-08
 2.911500E+02  1.195399E-02  3.914067E-06  3.702252E-10  4.887219E-10  5.444269E-10  6.526436E-10  6.816851E-03  2.916958E-06  1.050724E-08  1.871539E-02  9.034616E-05  3.499399E-06  9.388831E-08  6.174445E-05  4.789576E-09  1.660368E-08  3.531749E-09  4.112446E-03  1.060428E-06  2.379726E-08  2.059297E-08  1.301763E-05  1.770518E-05  4.202570E-07  5.489111E-08  6.999828E-08  6.772309E-08
 2.921500E+02  1.195164E-02  3.866650E-06  3.576358E-10  4.722433E-10  5.261043E-10  6.308545E-10  6.786060E-03  2.841305E-06  9.738893E-09  1.868351E-02  8.852889E-05  3.274949E-06  9.088635E-08  6.031228E-05  4.498741E-09  1.564015E-08  3.372099E-09  4.039099E-03  1.005618E-06  2.291861E-08  1.981755E-08  1.272328E-05  1.730426E-05  3.922184E-07  5.106133E-08  6.513804E-08  6.388288E-08
 2.931500E+02  1.194862E-02  3.819821E-06  3.455207E-10  4.563805E-10  5.084651E-10  6.098718E-10  6.755603E-03  2.768179E-06  9.031825E-09  1.865125E-02  8.675617E-05  3.066077E-06  8.799505E-08  5.892125E-05  4.227371E-09  1.473855E-08  3.220524E-09  3.967313E-03  9.539165E-07  2.207622E-08  1.907473E-08  1.243739E-05  1.691489E-05  3.662122E-07  4.752260E-08  6.064558E-08  6.028214E-08
 2.941500E+02  1.194495E-02  3.773579E-06  3.338611E-10  4.411092E-10  4.914825E-10  5.896640E-10  6.725472E-03  2.697480E-06  8.380773E-09  1.861863E-02  8.502680E-05  2.871625E-06  8.520992E-08  5.757001E-05  3.974052E-09  1.389455E-08  3.076580E-09  3.897054E-03  9.051332E-07  2.126848E-08  1.836303E-08  1.215967E-05  1.653669E-05  3.420802E-07  4.425111E-08  5.649093E-08  5.690472E-08
 2.951500E+02  1.194065E-02  3.727922E-06  3.226389E-10  4.264060E-10  4.751305E-10  5.702010E-10  6.695664E-03  2.629113E-06  7.780953E-09  1.858564E-02  8.333958E-05  2.690530E-06  8.252666E-08  5.625727E-05  3.737483E-09  1.310414E-08  2.939846E-09  3.828288E-03  8.590905E-07  2.049384E-08  1.768103E-08  1.188985E-05  1.616927E-05  3.196773E-07  4.122513E-08  5.264673E-08  5.373563E-08
 2.961500E+02  1.193574E-02  3.682849E-06  3.118367E-10  4.122486E-10  4.593844E-10  5.514536E-10  6.666173E-03  2.562985E-06  7.228017E-09  1.855232E-02  8.169338E-05  2.521808E-06  7.994117E-08  5.498176E-05  3.516459E-09  1.236361E-08  2.809930E-09  3.760982E-03  8.156223E-07  1.975084E-08  1.702741E-08  1.162766E-05  1.581228E-05  2.988705E-07  3.842482E-08  4.908799E-08  5.076095E-08
 2.971500E+02  1.193023E-02  3.638356E-06  3.014377E-10  3.986155E-10  4.442204E-10  5.333939E-10  6.636995E-03  2.499010E-06  6.718012E-09  1.851867E-02  8.008709E-05  2.364555E-06  7.744952E-08  5.374228E-05  3.309872E-09  1.166954E-08  2.686459E-09  3.695104E-03  7.745735E-07  1.903810E-08  1.640089E-08  1.137286E-05  1.546537E-05  2.795375E-07  3.583204E-08  4.579185E-08  4.796778E-08
 2.981500E+02  1.192414E-02  3.594442E-06  2.914260E-10  3.854861E-10  4.296155E-10  5.159953E-10  6.608125E-03  2.437103E-06  6.247341E-09  1.848472E-02  7.851963E-05  2.217936E-06  7.504793E-08  5.253765E-05  3.116698E-09  1.101875E-08  2.569084E-09  3.630622E-03  7.357985E-07  1.835427E-08  1.580024E-08  1.112520E-05  1.512820E-05  2.615661E-07  3.343023E-08  4.273744E-08  4.534409E-08
 2.991500E+02  1.191749E-02  3.551104E-06  2.817862E-10  3.728405E-10  4.155480E-10  4.992318E-10  6.579557E-03  2.377186E-06  5.812728E-09  1.845047E-02  7.698995E-05  2.081180E-06  7.273282E-08  5.136676E-05  2.935989E-09  1.040829E-08  2.457476E-09  3.567505E-03  6.991614E-07  1.769809E-08  1.522432E-08  1.088444E-05  1.480045E-05  2.448532E-07  3.120421E-08  3.990562E-08  4.287876E-08
 3.001500E+02  1.191029E-02  3.508337E-06  2.725036E-10  3.606597E-10  4.019966E-10  4.830789E-10  6.551288E-03  2.319183E-06  5.411191E-09  1.841593E-02  7.549702E-05  1.953577E-06  7.050072E-08  5.022850E-05  2.766871E-09  9.835433E-09  2.351325E-09  3.505722E-03  6.645347E-07  1.706835E-08  1.467203E-08  1.065037E-05  1.448182E-05  2.293039E-07  2.914012E-08  3.727890E-08  4.056140E-08
 3.011500E+02  1.190256E-02  3.466140E-06  2.635641E-10  3.489255E-10  3.889413E-10  4.675129E-10  6.523313E-03  2.263019E-06  5.040010E-09  1.838113E-02  7.403986E-05  1.834469E-06  6.834834E-08  4.912185E-05  2.608535E-09  9.297655E-09  2.250337E-09  3.445244E-03  6.317993E-07  1.646388E-08  1.414230E-08  1.042275E-05  1.417201E-05  2.148310E-07  2.722524E-08  3.484124E-08  3.838239E-08
 3.021500E+02  1.189431E-02  3.424507E-06  2.549540E-10  3.376205E-10  3.763625E-10  4.525109E-10  6.495627E-03  2.208625E-06  4.696706E-09  1.834607E-02  7.261750E-05  1.723250E-06  6.627252E-08  4.804578E-05  2.460233E-09  8.792609E-09  2.154240E-09  3.386042E-03  6.008432E-07  1.588360E-08  1.363415E-08  1.020138E-05  1.387072E-05  2.013544E-07  2.544793E-08  3.257796E-08  3.633276E-08
 3.031500E+02  1.188556E-02  3.383435E-06  2.466604E-10  3.267277E-10  3.642417E-10  4.380510E-10  6.468226E-03  2.155935E-06  4.379015E-09  1.831077E-02  7.122901E-05  1.619359E-06  6.427024E-08  4.699932E-05  2.321273E-09  8.318118E-09  2.062771E-09  3.328086E-03  5.715620E-07  1.532644E-08  1.314661E-08  9.986065E-06  1.357768E-05  1.888001E-07  2.379753E-08  3.047557E-08  3.440416E-08
 3.041500E+02  1.187633E-02  3.342921E-06  2.386708E-10  3.162311E-10  3.525610E-10  4.241124E-10  6.441105E-03  2.104885E-06  4.084870E-09  1.827523E-02  6.987348E-05  1.522279E-06  6.233859E-08  4.598154E-05  2.191014E-09  7.872162E-09  1.975688E-09  3.271349E-03  5.438573E-07  1.479142E-08  1.267877E-08  9.776600E-06  1.329263E-05  1.771002E-07  2.226425E-08  2.852173E-08  3.258884E-08
 3.051500E+02  1.186662E-02  3.302959E-06  2.309732E-10  3.061153E-10  3.413032E-10  4.106747E-10  6.414260E-03  2.055413E-06  3.812385E-09  1.823948E-02  6.855002E-05  1.431529E-06  6.047482E-08  4.499151E-05  2.068862E-09  7.452863E-09  1.892759E-09  3.215803E-03  5.176374E-07  1.427755E-08  1.222978E-08  9.572801E-06  1.301530E-05  1.661920E-07  2.083910E-08  2.670509E-08  3.087955E-08
 3.061500E+02  1.185646E-02  3.263545E-06  2.235562E-10  2.963652E-10  3.304519E-10  3.977188E-10  6.387687E-03  2.007462E-06  3.559832E-09  1.820351E-02  6.725777E-05  1.346666E-06  5.867625E-08  4.402838E-05  1.954267E-09  7.058480E-09  1.813766E-09  3.161422E-03  4.928158E-07  1.378395E-08  1.179879E-08  9.374486E-06  1.274545E-05  1.560178E-07  1.951386E-08  2.501524E-08  2.926957E-08
 3.071500E+02  1.184586E-02  3.224674E-06  2.164088E-10  2.869668E-10  3.199912E-10  3.852259E-10  6.361381E-03  1.960975E-06  3.325635E-09  1.816735E-02  6.599591E-05  1.267280E-06  5.694036E-08  4.309128E-05  1.846720E-09  6.687392E-09  1.738504E-09  3.108179E-03  4.693118E-07  1.330973E-08  1.138503E-08  9.181482E-06  1.248284E-05  1.465242E-07  1.828094E-08  2.344261E-08  2.775262E-08
 3.081500E+02  1.183483E-02  3.186341E-06  2.095203E-10  2.779064E-10  3.099061E-10  3.731782E-10  6.335339E-03  1.915898E-06  3.108348E-09  1.813100E-02  6.476362E-05  1.192991E-06  5.526469E-08  4.217941E-05  1.745747E-09  6.338092E-09  1.666780E-09  3.056048E-03  4.470495E-07  1.285407E-08  1.098775E-08  8.993620E-06  1.222725E-05  1.376622E-07  1.713340E-08  2.197839E-08  2.632285E-08
 3.091500E+02  1.182338E-02  3.148542E-06  2.028806E-10  2.691708E-10  3.001819E-10  3.615587E-10  6.309556E-03  1.872180E-06  2.906650E-09  1.809448E-02  6.356011E-05  1.123448E-06  5.364693E-08  4.129198E-05  1.650910E-09  6.009179E-09  1.598410E-09  3.005004E-03  4.259576E-07  1.241616E-08  1.060621E-08  8.810737E-06  1.197844E-05  1.293865E-07  1.606484E-08  2.061451E-08  2.497480E-08
 3.101500E+02  1.181153E-02  3.111271E-06  1.964801E-10  2.607474E-10  2.908047E-10  3.503509E-10  6.284028E-03  1.829772E-06  2.719327E-09  1.805778E-02  6.238462E-05  1.058323E-06  5.208483E-08  4.042823E-05  1.561803E-09  5.699350E-09  1.533221E-09  2.955022E-03  4.059693E-07  1.199526E-08  1.023976E-08  8.632678E-06  1.173621E-05  1.216551E-07  1.506938E-08  1.934352E-08  2.370339E-08
 3.111500E+02  1.179929E-02  3.074523E-06  1.903093E-10  2.526241E-10  2.817611E-10  3.395390E-10  6.258751E-03  1.788627E-06  2.545271E-09  1.802093E-02  6.123641E-05  9.973159E-07  5.057625E-08  3.958742E-05  1.478046E-09  5.407391E-09  1.471051E-09  2.906079E-03  3.870219E-07  1.159064E-08  9.887718E-09  8.459292E-06  1.150034E-05  1.144294E-07  1.414160E-08  1.815857E-08  2.250387E-08
 3.121500E+02  1.178667E-02  3.038293E-06  1.843594E-10  2.447895E-10  2.730383E-10  3.291078E-10  6.233722E-03  1.748699E-06  2.383461E-09  1.798394E-02  6.011475E-05  9.401454E-07  4.911914E-08  3.876884E-05  1.399289E-09  5.132172E-09  1.411746E-09  2.858150E-03  3.690565E-07  1.120161E-08  9.549479E-09  8.290432E-06  1.127065E-05  1.076737E-07  1.327653E-08  1.705336E-08  2.137181E-08
 3.131500E+02  1.177369E-02  3.002574E-06  1.786218E-10  2.372322E-10  2.646238E-10  3.190428E-10  6.208937E-03  1.709946E-06  2.232965E-09  1.794680E-02  5.901894E-05  8.865520E-07  4.771154E-08  3.797181E-05  1.325205E-09  4.872640E-09  1.355159E-09  2.811213E-03  3.520176E-07  1.082751E-08  9.224446E-09  8.125959E-06  1.104693E-05  1.013549E-07  1.246957E-08  1.602206E-08  2.030306E-08
 3.141500E+02  1.176035E-02  2.967362E-06  1.730882E-10  2.299418E-10  2.565058E-10  3.093300E-10  6.184391E-03  1.672324E-06  2.092923E-09  1.790953E-02  5.794831E-05  8.362946E-07  4.635155E-08  3.719568E-05  1.255492E-09  4.627813E-09  1.301154E-09  2.765245E-03  3.358533E-07  1.046771E-08  8.912053E-09  7.965738E-06  1.082901E-05  9.544257E-08  1.171650E-08  1.505932E-08  1.929378E-08
 3.151500E+02  1.174667E-02  2.932651E-06  1.677508E-10  2.229078E-10  2.486730E-10  2.999561E-10  6.160082E-03  1.635796E-06  1.962548E-09  1.787215E-02  5.690219E-05  7.891495E-07  4.503737E-08  3.643979E-05  1.189868E-09  4.396777E-09  1.249600E-09  2.720224E-03  3.205147E-07  1.012161E-08  8.611761E-09  7.809637E-06  1.061670E-05  8.990835E-08  1.101341E-08  1.416020E-08  1.834034E-08
 3.161500E+02  1.173267E-02  2.898435E-06  1.626019E-10  2.161205E-10  2.411145E-10  2.909081E-10  6.136005E-03  1.600321E-06  1.841115E-09  1.783465E-02  5.587993E-05  7.449090E-07  4.376727E-08  3.570353E-05  1.128069E-09  4.178678E-09  1.200374E-09  2.676129E-03  3.059559E-07  9.788645E-09  8.323053E-09  7.657530E-06  1.040983E-05  8.472613E-08  1.035671E-08  1.332015E-08  1.743938E-08
 3.171500E+02  1.171834E-02  2.864708E-06  1.576343E-10  2.095705E-10  2.338198E-10  2.821737E-10  6.112156E-03  1.565864E-06  1.727958E-09  1.779704E-02  5.488092E-05  7.033802E-07  4.253958E-08  3.498632E-05  1.069853E-09  3.972722E-09  1.153360E-09  2.632938E-03  2.921337E-07  9.468255E-09  8.045438E-09  7.509296E-06  1.020824E-05  7.987167E-08  9.743083E-09  1.253494E-08  1.658773E-08
 3.181500E+02  1.170371E-02  2.831465E-06  1.528411E-10  2.032487E-10  2.267788E-10  2.737410E-10  6.088534E-03  1.532389E-06  1.622465E-09  1.775934E-02  5.390454E-05  6.643838E-07  4.135272E-08  3.428756E-05  1.014990E-09  3.778163E-09  1.108449E-09  2.590631E-03  2.790074E-07  9.159922E-09  7.778448E-09  7.364818E-06  1.001176E-05  7.532255E-08  9.169461E-09  1.180070E-08  1.578245E-08
 3.191500E+02  1.168877E-02  2.798700E-06  1.482154E-10  1.971463E-10  2.199818E-10  2.655986E-10  6.065133E-03  1.499863E-06  1.524072E-09  1.772155E-02  5.295021E-05  6.277533E-07  4.020516E-08  3.360671E-05  9.632710E-10  3.594310E-09  1.065535E-09  2.549188E-03  2.665389E-07  8.863143E-09  7.521633E-09  7.223981E-06  9.820244E-06  7.105797E-08  8.633014E-09  1.111383E-08  1.502078E-08
 3.201500E+02  1.167356E-02  2.766407E-06  1.437510E-10  1.912551E-10  2.134197E-10  2.577356E-10  6.041952E-03  1.468253E-06  1.432259E-09  1.768368E-02  5.201735E-05  5.933336E-07  3.909542E-08  3.294323E-05  9.144970E-10  3.420513E-09  1.024521E-09  2.508589E-03  2.546921E-07  8.577443E-09  7.274565E-09  7.086677E-06  9.633539E-06  6.705866E-08  8.131130E-09  1.047102E-08  1.430014E-08
 3.211500E+02  1.165806E-02  2.734579E-06  1.394417E-10  1.855671E-10  2.070835E-10  2.501415E-10  6.018985E-03  1.437527E-06  1.346548E-09  1.764573E-02  5.110541E-05  5.609809E-07  3.802211E-08  3.229659E-05  8.684846E-10  3.256168E-09  9.853135E-10  2.468815E-03  2.434332E-07  8.302363E-09  7.036838E-09  6.952799E-06  9.451500E-06  6.330674E-08  7.661389E-09  9.869196E-09  1.361811E-08
 3.221500E+02  1.164229E-02  2.703212E-06  1.352815E-10  1.800745E-10  2.009647E-10  2.428062E-10  5.996231E-03  1.407656E-06  1.266498E-09  1.760772E-02  5.021385E-05  5.305610E-07  3.698388E-08  3.166630E-05  8.250624E-10  3.100708E-09  9.478243E-10  2.429847E-03  2.327304E-07  8.037467E-09  6.808059E-09  6.822245E-06  9.273987E-06  5.978564E-08  7.221556E-09  9.305518E-09  1.297242E-08
 3.231500E+02  1.162627E-02  2.672299E-06  1.312648E-10  1.747700E-10  1.950551E-10  2.357200E-10  5.973685E-03  1.378612E-06  1.191702E-09  1.756965E-02  4.934213E-05  5.019492E-07  3.597943E-08  3.105188E-05  7.840702E-10  2.953605E-09  9.119697E-10  2.391666E-03  2.225535E-07  7.782339E-09  6.587858E-09  6.694917E-06  9.100867E-06  5.647997E-08  6.809563E-09  8.777358E-09  1.236095E-08
 3.241500E+02  1.161000E-02  2.641834E-06  1.273861E-10  1.696465E-10  1.893469E-10  2.288736E-10  5.951345E-03  1.350365E-06  1.121785E-09  1.753152E-02  4.848976E-05  4.750294E-07  3.500752E-08  3.045284E-05  7.453589E-10  2.814364E-09  8.776707E-10  2.354256E-03  2.128745E-07  7.536579E-09  6.375878E-09  6.570720E-06  8.932009E-06  5.337543E-08  6.423495E-09  8.282284E-09  1.178172E-08
 3.251500E+02  1.159349E-02  2.611811E-06  1.236403E-10  1.646972E-10  1.838324E-10  2.222581E-10  5.929208E-03  1.322890E-06  1.056401E-09  1.749334E-02  4.765622E-05  4.496934E-07  3.406697E-08  2.986875E-05  7.087891E-10  2.682521E-09  8.448523E-10  2.317598E-03  2.036666E-07  7.299807E-09  6.171779E-09  6.449561E-06  8.767288E-06  5.045875E-08  6.061578E-09  7.818042E-09  1.123287E-08
 3.261500E+02  1.157674E-02  2.582225E-06  1.200223E-10  1.599156E-10  1.785044E-10  2.158648E-10  5.907270E-03  1.296161E-06  9.952289E-10  1.745512E-02  4.684105E-05  4.258405E-07  3.315662E-08  2.929915E-05  6.742307E-10  2.557643E-09  8.134435E-10  2.281676E-03  1.949047E-07  7.071657E-09  5.975237E-09  6.331351E-06  8.606581E-06  4.771760E-08  5.722170E-09  7.382543E-09  1.071264E-08
 3.271500E+02  1.155978E-02  2.553069E-06  1.165272E-10  1.552954E-10  1.733561E-10  2.096856E-10  5.885530E-03  1.270154E-06  9.379741E-10  1.741687E-02  4.604376E-05  4.033768E-07  3.227537E-08  2.874363E-05  6.415621E-10  2.439325E-09  7.833770E-10  2.246472E-03  1.865652E-07  6.851781E-09  5.785940E-09  6.216004E-06  8.449772E-06  4.514052E-08  5.403748E-09  6.973851E-09  1.021941E-08
 3.281500E+02  1.154260E-02  2.524337E-06  1.131505E-10  1.508306E-10  1.683806E-10  2.037126E-10  5.863982E-03  1.244844E-06  8.843631E-10  1.737858E-02  4.526392E-05  3.822147E-07  3.142219E-08  2.820177E-05  6.106698E-10  2.327185E-09  7.545890E-10  2.211971E-03  1.786258E-07  6.639847E-09  5.603594E-09  6.103437E-06  8.296747E-06  4.271684E-08  5.104901E-09  6.590169E-09  9.751628E-09
 3.291500E+02  1.152521E-02  2.496024E-06  1.098878E-10  1.465155E-10  1.635716E-10  1.979380E-10  5.842626E-03  1.220210E-06  8.341432E-10  1.734027E-02  4.450106E-05  3.622726E-07  3.059604E-08  2.767318E-05  5.814476E-10  2.220868E-09  7.270190E-10  2.178157E-03  1.710654E-07  6.435534E-09  5.427913E-09  5.993569E-06  8.147396E-06  4.043665E-08  4.824319E-09  6.229831E-09  9.307860E-09
 3.301500E+02  1.150763E-02  2.468124E-06  1.067348E-10  1.423443E-10  1.589229E-10  1.923547E-10  5.821458E-03  1.196228E-06  7.870804E-10  1.730194E-02  4.375477E-05  3.434743E-07  2.979596E-08  2.715748E-05  5.537961E-10  2.120040E-09  7.006095E-10  2.145013E-03  1.638643E-07  6.238539E-09  5.258628E-09  5.886324E-06  8.001613E-06  3.829072E-08  4.560787E-09  5.891291E-09  8.886752E-09
 3.311500E+02  1.148985E-02  2.440631E-06  1.036874E-10  1.383120E-10  1.544286E-10  1.869556E-10  5.800474E-03  1.172879E-06  7.429585E-10  1.726360E-02  4.302462E-05  3.257488E-07  2.902102E-08  2.665429E-05  5.276224E-10  2.024388E-09  6.753062E-10  2.112525E-03  1.570036E-07  6.048568E-09  5.095480E-09  5.781625E-06  7.859297E-06  3.627047E-08  4.313176E-09  5.573111E-09  8.487032E-09
 3.321500E+02  1.147189E-02  2.413539E-06  1.007416E-10  1.344132E-10  1.500830E-10  1.817340E-10  5.779674E-03  1.150141E-06  7.015769E-10  1.722524E-02  4.231021E-05  3.090298E-07  2.827032E-08  2.616326E-05  5.028397E-10  1.933618E-09  6.510574E-10  2.080679E-03  1.504658E-07  5.865344E-09  4.938220E-09  5.679401E-06  7.720347E-06  3.436789E-08  4.080439E-09  5.273958E-09  8.107507E-09
 3.331500E+02  1.145376E-02  2.386842E-06  9.789383E-11  1.306432E-10  1.458807E-10  1.766834E-10  5.759053E-03  1.127996E-06  6.627500E-10  1.718689E-02  4.161113E-05  2.932554E-07  2.754300E-08  2.568403E-05  4.793665E-10  1.847455E-09  6.278140E-10  2.049459E-03  1.442341E-07  5.688599E-09  4.786611E-09  5.579580E-06  7.584667E-06  3.257553E-08  3.861603E-09  4.992591E-09  7.747055E-09
 3.341500E+02  1.143546E-02  2.360535E-06  9.514031E-11  1.269971E-10  1.418163E-10  1.717976E-10  5.738610E-03  1.106425E-06  6.263057E-10  1.714853E-02  4.092702E-05  2.783676E-07  2.683823E-08  2.521628E-05  4.571265E-10  1.765640E-09  6.055297E-10  2.018851E-03  1.382928E-07  5.518078E-09  4.640429E-09  5.482095E-06  7.452166E-06  3.088645E-08  3.655762E-09  4.727857E-09  7.404622E-09
 3.351500E+02  1.141699E-02  2.334612E-06  9.247764E-11  1.234705E-10  1.378849E-10  1.670705E-10  5.718341E-03  1.085408E-06  5.920843E-10  1.711018E-02  4.025749E-05  2.643124E-07  2.615521E-08  2.475967E-05  4.360485E-10  1.687930E-09  5.841601E-10  1.988843E-03  1.326271E-07  5.353535E-09  4.499455E-09  5.386880E-06  7.322754E-06  2.929417E-08  3.462075E-09  4.478684E-09  7.079218E-09
 3.361500E+02  1.139837E-02  2.309068E-06  8.990245E-11  1.200590E-10  1.340817E-10  1.624965E-10  5.698244E-03  1.064930E-06  5.599378E-10  1.707184E-02  3.960217E-05  2.510394E-07  2.549318E-08  2.431389E-05  4.160654E-10  1.614097E-09  5.636633E-10  1.959419E-03  1.272229E-07  5.194737E-09  4.363483E-09  5.293871E-06  7.196343E-06  2.779266E-08  3.279760E-09  4.244073E-09  6.769910E-09
 3.371500E+02  1.137960E-02  2.283896E-06  8.741157E-11  1.167584E-10  1.304019E-10  1.580700E-10  5.678318E-03  1.044973E-06  5.297287E-10  1.703351E-02  3.896073E-05  2.385013E-07  2.485141E-08  2.387863E-05  3.971146E-10  1.543928E-09  5.439995E-10  1.930568E-03  1.220669E-07  5.041459E-09  4.232314E-09  5.203006E-06  7.072849E-06  2.637628E-08  3.108089E-09  4.023096E-09  6.475822E-09
 3.381500E+02  1.136069E-02  2.259092E-06  8.500190E-11  1.135647E-10  1.268410E-10  1.537858E-10  5.658558E-03  1.025520E-06  5.013296E-10  1.699520E-02  3.833280E-05  2.266538E-07  2.422918E-08  2.345361E-05  3.791373E-10  1.477221E-09  5.251308E-10  1.902277E-03  1.171465E-07  4.893486E-09  4.105758E-09  5.114227E-06  6.952192E-06  2.503978E-08  2.946383E-09  3.814888E-09  6.196129E-09
 3.391500E+02  1.134164E-02  2.234649E-06  8.267049E-11  1.104740E-10  1.233949E-10  1.496386E-10  5.638963E-03  1.006557E-06  4.746218E-10  1.695691E-02  3.771807E-05  2.154559E-07  2.362583E-08  2.303853E-05  3.620781E-10  1.413786E-09  5.070213E-10  1.874532E-03  1.124500E-07  4.750613E-09  3.983635E-09  5.027475E-06  6.834293E-06  2.377826E-08  2.794010E-09  3.618644E-09  5.930055E-09
 3.401500E+02  1.132247E-02  2.210562E-06  8.041451E-11  1.074826E-10  1.200594E-10  1.456237E-10  5.619531E-03  9.880686E-07  4.494953E-10  1.691864E-02  3.711619E-05  2.048686E-07  2.304069E-08  2.263312E-05  3.458855E-10  1.353446E-09  4.896367E-10  1.847322E-03  1.079661E-07  4.612643E-09  3.865770E-09  4.942694E-06  6.719075E-06  2.258712E-08  2.650384E-09  3.433611E-09  5.676869E-09
 3.411500E+02  1.130317E-02  2.186827E-06  7.823122E-11  1.045870E-10  1.168304E-10  1.417363E-10  5.600259E-03  9.700398E-07  4.258476E-10  1.688041E-02  3.652687E-05  1.948559E-07  2.247313E-08  2.223710E-05  3.305107E-10  1.296033E-09  4.729446E-10  1.820635E-03  1.036842E-07  4.479386E-09  3.751997E-09  4.859831E-06  6.606465E-06  2.146210E-08  2.514955E-09  3.259092E-09  5.435882E-09
 3.421500E+02  1.128375E-02  2.163437E-06  7.611801E-11  1.017837E-10  1.137043E-10  1.379718E-10  5.581145E-03  9.524567E-07  4.035837E-10  1.684221E-02  3.594978E-05  1.853839E-07  2.192256E-08  2.185023E-05  3.159082E-10  1.241389E-09  4.569140E-10  1.794458E-03  9.959434E-08  4.350664E-09  3.642157E-09  4.778832E-06  6.496391E-06  2.039918E-08  2.387213E-09  3.094431E-09  5.206447E-09
 3.431500E+02  1.126421E-02  2.140387E-06  7.407235E-11  9.906940E-11  1.106773E-10  1.343260E-10  5.562187E-03  9.353059E-07  3.826148E-10  1.680404E-02  3.538463E-05  1.764208E-07  2.138839E-08  2.147224E-05  3.020351E-10  1.189368E-09  4.415156E-10  1.768782E-03  9.568692E-08  4.226301E-09  3.536096E-09  4.699647E-06  6.388784E-06  1.939464E-08  2.266680E-09  2.939022E-09  4.987952E-09
 3.441500E+02  1.124457E-02  2.117673E-06  7.209183E-11  9.644096E-11  1.077458E-10  1.307946E-10  5.543382E-03  9.185744E-07  3.628585E-10  1.676592E-02  3.483114E-05  1.679369E-07  2.087007E-08  2.110290E-05  2.888511E-10  1.139828E-09  4.267213E-10  1.743595E-03  9.195301E-08  4.106132E-09  3.433670E-09  4.622228E-06  6.283578E-06  1.844497E-08  2.152913E-09  2.792295E-09  4.779821E-09
 3.451500E+02  1.122483E-02  2.095288E-06  7.017412E-11  9.389532E-11  1.049066E-10  1.273735E-10  5.524729E-03  9.022497E-07  3.442381E-10  1.672784E-02  3.428901E-05  1.599043E-07  2.036705E-08  2.074197E-05  2.763183E-10  1.092638E-09  4.125046E-10  1.718885E-03  8.838410E-08  3.989999E-09  3.334738E-09  4.546526E-06  6.180707E-06  1.754690E-08  2.045495E-09  2.653719E-09  4.581512E-09
 3.461500E+02  1.120499E-02  2.073228E-06  6.831698E-11  9.142956E-11  1.021564E-10  1.240590E-10  5.506226E-03  8.863195E-07  3.266821E-10  1.668980E-02  3.375797E-05  1.522970E-07  1.987881E-08  2.038922E-05  2.644012E-10  1.047675E-09  3.988402E-10  1.694643E-03  8.497216E-08  3.877748E-09  3.239166E-09  4.472495E-06  6.080109E-06  1.669738E-08  1.944039E-09  2.522800E-09  4.392513E-09
 3.471500E+02  1.118505E-02  2.051488E-06  6.651826E-11  8.904085E-11  9.949192E-11  1.208472E-10  5.487869E-03  8.707724E-07  3.101237E-10  1.665181E-02  3.323776E-05  1.450903E-07  1.940486E-08  2.004443E-05  2.530663E-10  1.004821E-09  3.857039E-10  1.670858E-03  8.170955E-08  3.769234E-09  3.146826E-09  4.400090E-06  5.981722E-06  1.589353E-08  1.848184E-09  2.399074E-09  4.212340E-09
 3.481500E+02  1.116503E-02  2.030063E-06  6.477589E-11  8.672648E-11  9.691029E-11  1.177346E-10  5.469658E-03  8.555968E-07  2.945010E-10  1.661388E-02  3.272811E-05  1.382613E-07  1.894473E-08  1.970738E-05  2.422821E-10  9.639675E-10  3.730728E-10  1.647519E-03  7.858905E-08  3.664316E-09  3.057595E-09  4.329269E-06  5.885488E-06  1.513268E-08  1.757591E-09  2.282109E-09  4.040538E-09
 3.491500E+02  1.114493E-02  2.008948E-06  6.308790E-11  8.448386E-11  9.440857E-11  1.147178E-10  5.451591E-03  8.407820E-07  2.797559E-10  1.657600E-02  3.222877E-05  1.317885E-07  1.849794E-08  1.937786E-05  2.320190E-10  9.250096E-10  3.609251E-10  1.624618E-03  7.560382E-08  3.562860E-09  2.971355E-09  4.259989E-06  5.791349E-06  1.441232E-08  1.671944E-09  2.171500E-09  3.876677E-09
 3.501500E+02  1.112475E-02  1.988138E-06  6.145236E-11  8.231047E-11  9.198398E-11  1.117934E-10  5.433664E-03  8.263174E-07  2.658343E-10  1.653817E-02  3.173949E-05  1.256516E-07  1.806405E-08  1.905568E-05  2.222491E-10  8.878498E-10  3.492400E-10  1.602145E-03  7.274738E-08  3.464737E-09  2.887993E-09  4.192209E-06  5.699251E-06  1.373009E-08  1.590946E-09  2.066868E-09  3.720351E-09
 3.511500E+02  1.110449E-02  1.967628E-06  5.986744E-11  8.020391E-11  8.963383E-11  1.089582E-10  5.415878E-03  8.121928E-07  2.526860E-10  1.650041E-02  3.126003E-05  1.198316E-07  1.764263E-08  1.874064E-05  2.129461E-10  8.523956E-10  3.379975E-10  1.580090E-03  7.001359E-08  3.369823E-09  2.807400E-09  4.125891E-06  5.609139E-06  1.308378E-08  1.514323E-09  1.967860E-09  3.571177E-09
 3.521500E+02  1.108416E-02  1.947413E-06  5.833137E-11  7.816186E-11  8.735554E-11  1.062092E-10  5.398228E-03  7.983985E-07  2.402636E-10  1.646271E-02  3.079017E-05  1.143107E-07  1.723328E-08  1.843255E-05  2.040854E-10  8.185600E-10  3.271789E-10  1.558444E-03  6.739660E-08  3.278000E-09  2.729473E-09  4.060995E-06  5.520961E-06  1.247132E-08  1.441814E-09  1.874144E-09  3.428791E-09
 3.531500E+02  1.106377E-02  1.927490E-06  5.684246E-11  7.618208E-11  8.514664E-11  1.035434E-10  5.380715E-03  7.849249E-07  2.285234E-10  1.642508E-02  3.032967E-05  1.090721E-07  1.683559E-08  1.813122E-05  1.956435E-10  7.862607E-10  3.167661E-10  1.537198E-03  6.489091E-08  3.189154E-09  2.654113E-09  3.997485E-06  5.434667E-06  1.189079E-08  1.373179E-09  1.785411E-09  3.292853E-09
 3.541500E+02  1.104331E-02  1.907853E-06  5.539906E-11  7.426243E-11  8.300473E-11  1.009579E-10  5.363335E-03  7.717629E-07  2.174241E-10  1.638751E-02  2.987831E-05  1.041000E-07  1.644918E-08  1.783647E-05  1.875985E-10  7.554198E-10  3.067420E-10  1.516344E-03  6.249126E-08  3.103176E-09  2.581223E-09  3.935325E-06  5.350208E-06  1.134035E-08  1.308189E-09  1.701369E-09  3.163038E-09
 3.551500E+02  1.102280E-02  1.888497E-06  5.399960E-11  7.240084E-11  8.092751E-11  9.845008E-11  5.346088E-03  7.589036E-07  2.069273E-10  1.635001E-02  2.943587E-05  9.937976E-08  1.607368E-08  1.754815E-05  1.799298E-10  7.259641E-10  2.970902E-10  1.495873E-03  6.019269E-08  3.019960E-09  2.510712E-09  3.874479E-06  5.267536E-06  1.081830E-08  1.246633E-09  1.621747E-09  3.039041E-09
 3.561500E+02  1.100224E-02  1.869419E-06  5.264257E-11  7.059533E-11  7.891277E-11  9.601719E-11  5.328971E-03  7.463384E-07  1.969972E-10  1.631258E-02  2.900215E-05  9.489734E-08  1.570874E-08  1.726606E-05  1.726177E-10  6.978242E-10  2.877951E-10  1.475776E-03  5.799047E-08  2.939408E-09  2.442492E-09  3.814915E-06  5.186606E-06  1.032303E-08  1.188312E-09  1.546289E-09  2.920573E-09
 3.571500E+02  1.098162E-02  1.850614E-06  5.132652E-11  6.884398E-11  7.695838E-11  9.365673E-11  5.311983E-03  7.340590E-07  1.876001E-10  1.627523E-02  2.857694E-05  9.063967E-08  1.535402E-08  1.699006E-05  1.656439E-10  6.709345E-10  2.788418E-10  1.456046E-03  5.588012E-08  2.861421E-09  2.376480E-09  3.756598E-06  5.107371E-06  9.853050E-09  1.133039E-09  1.474757E-09  2.807360E-09
 3.581500E+02  1.096095E-02  1.832077E-06  5.005003E-11  6.714495E-11  7.506230E-11  9.136625E-11  5.295122E-03  7.220575E-07  1.787046E-10  1.623795E-02  2.816004E-05  8.659446E-08  1.500918E-08  1.671999E-05  1.589910E-10  6.452330E-10  2.702161E-10  1.436675E-03  5.385740E-08  2.785907E-09  2.312594E-09  3.699498E-06  5.029791E-06  9.406937E-09  1.080639E-09  1.406926E-09  2.699144E-09
 3.591500E+02  1.094025E-02  1.813804E-06  4.881177E-11  6.549646E-11  7.322254E-11  8.914340E-11  5.278387E-03  7.103261E-07  1.702813E-10  1.620075E-02  2.775127E-05  8.275012E-08  1.467391E-08  1.645568E-05  1.526425E-10  6.206612E-10  2.619045E-10  1.417655E-03  5.191827E-08  2.712778E-09  2.250756E-09  3.643584E-06  4.953821E-06  8.983364E-09  1.030949E-09  1.342586E-09  2.595680E-09
 3.601500E+02  1.091950E-02  1.795792E-06  4.761043E-11  6.389681E-11  7.143722E-11  8.698592E-11  5.261775E-03  6.988574E-07  1.623026E-10  1.616363E-02  2.735042E-05  7.909575E-08  1.434790E-08  1.619700E-05  1.465831E-10  5.971636E-10  2.538941E-10  1.398979E-03  5.005888E-08  2.641947E-09  2.190892E-09  3.588824E-06  4.879422E-06  8.581083E-09  9.838144E-10  1.281540E-09  2.496736E-09
 3.611500E+02  1.089871E-02  1.778035E-06  4.644476E-11  6.234436E-11  6.970449E-11  8.489160E-11  5.245285E-03  6.876439E-07  1.547426E-10  1.612659E-02  2.695732E-05  7.562109E-08  1.403085E-08  1.594380E-05  1.407980E-10  5.746879E-10  2.461724E-10  1.380639E-03  4.827561E-08  2.573333E-09  2.132931E-09  3.535191E-06  4.806553E-06  8.198921E-09  9.390913E-10  1.223602E-09  2.402093E-09
 3.621500E+02  1.087790E-02  1.760530E-06  4.531355E-11  6.083751E-11  6.802260E-11  8.285836E-11  5.228917E-03  6.766788E-07  1.475774E-10  1.608964E-02  2.657179E-05  7.231647E-08  1.372248E-08  1.569594E-05  1.352734E-10  5.531842E-10  2.387278E-10  1.362627E-03  4.656498E-08  2.506857E-09  2.076803E-09  3.482656E-06  4.735176E-06  7.835774E-09  8.966439E-10  1.168598E-09  2.311544E-09
 3.631500E+02  1.085705E-02  1.743273E-06  4.421566E-11  5.937476E-11  6.638985E-11  8.088416E-11  5.212667E-03  6.659553E-07  1.407841E-10  1.605276E-02  2.619366E-05  6.917279E-08  1.342252E-08  1.545328E-05  1.299964E-10  5.326057E-10  2.315490E-10  1.344938E-03  4.492370E-08  2.442443E-09  2.022444E-09  3.431192E-06  4.665255E-06  7.490606E-09  8.563451E-10  1.116366E-09  2.224891E-09
 3.641500E+02  1.083617E-02  1.726259E-06  4.314995E-11  5.795462E-11  6.480460E-11  7.896705E-11  5.196535E-03  6.554668E-07  1.343415E-10  1.601598E-02  2.582275E-05  6.618148E-08  1.313070E-08  1.521570E-05  1.249545E-10  5.129078E-10  2.246251E-10  1.327564E-03  4.334866E-08  2.380018E-09  1.969789E-09  3.380771E-06  4.596752E-06  7.162439E-09  8.180752E-10  1.066750E-09  2.141948E-09
 3.651500E+02  1.081527E-02  1.709485E-06  4.211537E-11  5.657568E-11  6.326528E-11  7.710515E-11  5.180518E-03  6.452069E-07  1.282297E-10  1.597928E-02  2.545890E-05  6.333444E-08  1.284676E-08  1.498305E-05  1.201360E-10  4.940485E-10  2.179461E-10  1.310498E-03  4.183687E-08  2.319513E-09  1.918779E-09  3.331369E-06  4.529632E-06  6.850354E-09  7.817221E-10  1.019608E-09  2.062538E-09
 3.661500E+02  1.079435E-02  1.692948E-06  4.111086E-11  5.523658E-11  6.177037E-11  7.529664E-11  5.164617E-03  6.351695E-07  1.224300E-10  1.594267E-02  2.510195E-05  6.062407E-08  1.257045E-08  1.475523E-05  1.155301E-10  4.759877E-10  2.115020E-10  1.293734E-03  4.038551E-08  2.260859E-09  1.869353E-09  3.282959E-06  4.463862E-06  6.553486E-09  7.471800E-10  9.748039E-10  1.986494E-09
 3.671500E+02  1.077340E-02  1.676642E-06  4.013544E-11  5.393601E-11  6.031841E-11  7.353978E-11  5.148829E-03  6.253485E-07  1.169248E-10  1.590615E-02  2.475174E-05  5.804318E-08  1.230155E-08  1.453210E-05  1.111261E-10  4.586876E-10  2.052834E-10  1.277266E-03  3.899190E-08  2.203993E-09  1.821457E-09  3.235518E-06  4.399407E-06  6.271021E-09  7.143498E-10  9.322092E-10  1.913657E-09
 3.681500E+02  1.075245E-02  1.660565E-06  3.918814E-11  5.267270E-11  5.890799E-11  7.183288E-11  5.133153E-03  6.157384E-07  1.116977E-10  1.586973E-02  2.440812E-05  5.558498E-08  1.203981E-08  1.431355E-05  1.069143E-10  4.421124E-10  1.992815E-10  1.261087E-03  3.765346E-08  2.148852E-09  1.775037E-09  3.189021E-06  4.336237E-06  6.002191E-09  6.831381E-10  8.917046E-10  1.843877E-09
 3.691500E+02  1.073147E-02  1.644712E-06  3.826804E-11  5.144542E-11  5.753776E-11  7.017431E-11  5.117587E-03  6.063333E-07  1.067331E-10  1.583339E-02  2.407095E-05  5.324310E-08  1.178502E-08  1.409948E-05  1.028853E-10  4.262280E-10  1.934876E-10  1.245192E-03  3.636777E-08  2.095376E-09  1.730040E-09  3.143447E-06  4.274319E-06  5.746273E-09  6.534570E-10  8.531769E-10  1.777010E-09
 3.701500E+02  1.071049E-02  1.629081E-06  3.737424E-11  5.025302E-11  5.620639E-11  6.856251E-11  5.102130E-03  5.971280E-07  1.020166E-10  1.579715E-02  2.374007E-05  5.101149E-08  1.153696E-08  1.388975E-05  9.903018E-11  4.110022E-10  1.878936E-10  1.229574E-03  3.513251E-08  2.043509E-09  1.686417E-09  3.098771E-06  4.213623E-06  5.502585E-09  6.252240E-10  8.165199E-10  1.712922E-09
 3.711500E+02  1.068950E-02  1.613667E-06  3.650588E-11  4.909434E-11  5.491264E-11  6.699598E-11  5.086781E-03  5.881172E-07  9.753450E-11  1.576101E-02  2.341535E-05  4.888447E-08  1.129542E-08  1.368428E-05  9.534067E-11  3.964044E-10  1.824916E-10  1.214227E-03  3.394548E-08  1.993194E-09  1.644120E-09  3.054974E-06  4.154119E-06  5.270484E-09  5.983612E-10  7.816335E-10  1.651483E-09
 3.721500E+02  1.066850E-02  1.598468E-06  3.566214E-11  4.796830E-11  5.365528E-11  6.547324E-11  5.071539E-03  5.792958E-07  9.327391E-11  1.572496E-02  2.309664E-05  4.685665E-08  1.106022E-08  1.348295E-05  9.180879E-11  3.824056E-10  1.772742E-10  1.199147E-03  3.280457E-08  1.944379E-09  1.603103E-09  3.012033E-06  4.095779E-06  5.049366E-09  5.727954E-10  7.484235E-10  1.592571E-09
 3.731500E+02  1.064749E-02  1.583479E-06  3.484222E-11  4.687385E-11  5.243314E-11  6.399291E-11  5.056402E-03  5.706588E-07  8.922277E-11  1.568901E-02  2.278382E-05  4.492296E-08  1.083114E-08  1.328567E-05  8.842704E-11  3.689781E-10  1.722341E-10  1.184326E-03  3.170778E-08  1.897013E-09  1.563321E-09  2.969927E-06  4.038575E-06  4.838657E-09  5.484576E-10  7.168010E-10  1.536071E-09
 3.741500E+02  1.062648E-02  1.568697E-06  3.404534E-11  4.580997E-11  5.124509E-11  6.255362E-11  5.041368E-03  5.622016E-07  8.536972E-11  1.565316E-02  2.247676E-05  4.307861E-08  1.060801E-08  1.309232E-05  8.518827E-11  3.560959E-10  1.673645E-10  1.169761E-03  3.065321E-08  1.851045E-09  1.524733E-09  2.928638E-06  3.982480E-06  4.637820E-09  5.252827E-10  6.866824E-10  1.481871E-09
 3.751500E+02  1.060548E-02  1.554119E-06  3.327077E-11  4.477568E-11  5.009005E-11  6.115407E-11  5.026438E-03  5.539193E-07  8.170408E-11  1.561740E-02  2.217532E-05  4.131906E-08  1.039065E-08  1.290283E-05  8.208574E-11  3.437340E-10  1.626588E-10  1.155446E-03  2.963905E-08  1.806430E-09  1.487297E-09  2.888145E-06  3.927466E-06  4.446345E-09  5.032096E-10  6.579887E-10  1.429869E-09
 3.761500E+02  1.058447E-02  1.539742E-06  3.251778E-11  4.377003E-11  4.896694E-11  5.979300E-11  5.011609E-03  5.458077E-07  7.821577E-11  1.558175E-02  2.187938E-05  3.964004E-08  1.017888E-08  1.271709E-05  7.911305E-11  3.318690E-10  1.581108E-10  1.141375E-03  2.866356E-08  1.763121E-09  1.450974E-09  2.848431E-06  3.873510E-06  4.263751E-09  4.821804E-10  6.306457E-10  1.379963E-09
 3.771500E+02  1.056347E-02  1.525562E-06  3.178569E-11  4.279212E-11  4.787477E-11  5.846919E-11  4.996880E-03  5.378622E-07  7.489532E-11  1.554620E-02  2.158882E-05  3.803749E-08  9.972539E-09  1.253502E-05  7.626411E-11  3.204783E-10  1.537145E-10  1.127543E-03  2.772510E-08  1.721075E-09  1.415726E-09  2.809475E-06  3.820585E-06  4.089585E-09  4.621406E-10  6.045830E-10  1.332061E-09
 3.781500E+02  1.054247E-02  1.511577E-06  3.107382E-11  4.184107E-11  4.681255E-11  5.718147E-11  4.982250E-03  5.300787E-07  7.173382E-11  1.551075E-02  2.130353E-05  3.650759E-08  9.771459E-09  1.235653E-05  7.353318E-11  3.095406E-10  1.494640E-10  1.113947E-03  2.682209E-08  1.680248E-09  1.381516E-09  2.771261E-06  3.768667E-06  3.923419E-09  4.430390E-10  5.797346E-10  1.286071E-09
 3.791500E+02  1.052149E-02  1.497783E-06  3.038155E-11  4.091602E-11  4.577934E-11  5.592871E-11  4.967718E-03  5.224531E-07  6.872285E-11  1.547540E-02  2.102338E-05  3.504671E-08  9.575485E-09  1.218152E-05  7.091478E-11  2.990358E-10  1.453539E-10  1.100580E-03  2.595304E-08  1.640602E-09  1.348310E-09  2.733771E-06  3.717733E-06  3.764848E-09  4.248270E-10  5.560379E-10  1.241909E-09
 3.801500E+02  1.050051E-02  1.484176E-06  2.970824E-11  4.001616E-11  4.477422E-11  5.470982E-11  4.953283E-03  5.149814E-07  6.585449E-11  1.544016E-02  2.074827E-05  3.365144E-08  9.384467E-09  1.200993E-05  6.840373E-11  2.889446E-10  1.413788E-10  1.087438E-03  2.511652E-08  1.602096E-09  1.316073E-09  2.696989E-06  3.667761E-06  3.613488E-09  4.074590E-10  5.334339E-10  1.199493E-09
 3.811500E+02  1.047954E-02  1.470755E-06  2.905330E-11  3.914069E-11  4.379632E-11  5.352373E-11  4.938944E-03  5.076598E-07  6.312128E-11  1.540502E-02  2.047809E-05  3.231853E-08  9.198256E-09  1.184166E-05  6.599509E-11  2.792485E-10  1.375337E-10  1.074517E-03  2.431117E-08  1.564693E-09  1.284774E-09  2.660897E-06  3.618726E-06  3.468979E-09  3.908916E-10  5.118671E-10  1.158746E-09
 3.821500E+02  1.045858E-02  1.457516E-06  2.841616E-11  3.828887E-11  4.284479E-11  5.236943E-11  4.924699E-03  5.004845E-07  6.051617E-11  1.536999E-02  2.021272E-05  3.104492E-08  9.016713E-09  1.167664E-05  6.368420E-11  2.699304E-10  1.338138E-10  1.061812E-03  2.353568E-08  1.528356E-09  1.254380E-09  2.625480E-06  3.570609E-06  3.330978E-09  3.750842E-10  4.912848E-10  1.119595E-09
 3.831500E+02  1.043764E-02  1.444455E-06  2.779624E-11  3.745994E-11  4.191880E-11  5.124594E-11  4.910548E-03  4.934518E-07  5.803253E-11  1.533506E-02  1.995208E-05  2.982770E-08  8.839700E-09  1.151480E-05  6.146661E-11  2.609735E-10  1.302144E-10  1.049319E-03  2.278881E-08  1.493051E-09  1.224863E-09  2.590723E-06  3.523387E-06  3.199163E-09  3.599982E-10  4.716373E-10  1.081970E-09
 3.841500E+02  1.041672E-02  1.431572E-06  2.719303E-11  3.665321E-11  4.101757E-11  5.015231E-11  4.896489E-03  4.865583E-07  5.566409E-11  1.530024E-02  1.969604E-05  2.866413E-08  8.667085E-09  1.135605E-05  5.933810E-11  2.523621E-10  1.267310E-10  1.037034E-03  2.206938E-08  1.458743E-09  1.196192E-09  2.556610E-06  3.477040E-06  3.073227E-09  3.455973E-10  4.528777E-10  1.045804E-09
 3.851500E+02  1.039581E-02  1.418861E-06  2.660600E-11  3.586798E-11  4.014033E-11  4.908763E-11  4.882522E-03  4.798005E-07  5.340492E-11  1.526552E-02  1.944453E-05  2.755161E-08  8.498740E-09  1.120033E-05  5.729466E-11  2.440812E-10  1.233594E-10  1.024951E-03  2.137627E-08  1.425401E-09  1.168340E-09  2.523126E-06  3.431548E-06  2.952881E-09  3.318470E-10  4.349616E-10  1.011033E-09
 3.861500E+02  1.037493E-02  1.406322E-06  2.603464E-11  3.510359E-11  3.928634E-11  4.805100E-11  4.868645E-03  4.731751E-07  5.124947E-11  1.523091E-02  1.919743E-05  2.648766E-08  8.334541E-09  1.104756E-05  5.533248E-11  2.361165E-10  1.200954E-10  1.013068E-03  2.070838E-08  1.392993E-09  1.141280E-09  2.490258E-06  3.386893E-06  2.837851E-09  3.187149E-10  4.178471E-10  9.775984E-10
 3.871500E+02  1.035406E-02  1.393950E-06  2.547848E-11  3.435940E-11  3.845490E-11  4.704157E-11  4.854857E-03  4.666788E-07  4.919244E-11  1.519641E-02  1.895466E-05  2.546995E-08  8.174369E-09  1.089768E-05  5.344794E-11  2.284544E-10  1.169351E-10  1.001381E-03  2.006470E-08  1.361489E-09  1.114986E-09  2.457990E-06  3.343053E-06  2.727878E-09  3.061701E-10  4.014943E-10  9.454414E-10
 3.881500E+02  1.033322E-02  1.381743E-06  2.493704E-11  3.363480E-11  3.764531E-11  4.605852E-11  4.841157E-03  4.603086E-07  4.722887E-11  1.516201E-02  1.871612E-05  2.449626E-08  8.018107E-09  1.075062E-05  5.163758E-11  2.210820E-10  1.138748E-10  9.898842E-04  1.944423E-08  1.330860E-09  1.089433E-09  2.426311E-06  3.300012E-06  2.622715E-09  2.941838E-10  3.858659E-10  9.145074E-10
 3.891500E+02  1.031240E-02  1.369700E-06  2.440988E-11  3.292919E-11  3.685690E-11  4.510104E-11  4.827545E-03  4.540614E-07  4.535405E-11  1.512773E-02  1.848173E-05  2.356451E-08  7.865644E-09  1.060631E-05  4.989814E-11  2.139869E-10  1.109109E-10  9.785754E-04  1.884604E-08  1.301077E-09  1.064597E-09  2.395206E-06  3.257752E-06  2.522132E-09  2.827282E-10  3.709263E-10  8.847445E-10
 3.901500E+02  1.029160E-02  1.357816E-06  2.389656E-11  3.224200E-11  3.608904E-11  4.416837E-11  4.814020E-03  4.479342E-07  4.356353E-11  1.509355E-02  1.825139E-05  2.267268E-08  7.716871E-09  1.046469E-05  4.822649E-11  2.071573E-10  1.080398E-10  9.674504E-04  1.826923E-08  1.272114E-09  1.040455E-09  2.364663E-06  3.216254E-06  2.425906E-09  2.717775E-10  3.566418E-10  8.561029E-10
 3.911500E+02  1.027083E-02  1.346090E-06  2.339666E-11  3.157266E-11  3.534111E-11  4.325976E-11  4.800579E-03  4.419242E-07  4.185312E-11  1.505948E-02  1.802502E-05  2.181891E-08  7.571684E-09  1.032571E-05  4.661968E-11  2.005820E-10  1.052582E-10  9.565056E-04  1.771294E-08  1.243945E-09  1.016985E-09  2.334669E-06  3.175502E-06  2.333830E-09  2.613069E-10  3.429806E-10  8.285350E-10
 3.921500E+02  1.025009E-02  1.334518E-06  2.290977E-11  3.092063E-11  3.461250E-11  4.237450E-11  4.787224E-03  4.360286E-07  4.021884E-11  1.502552E-02  1.780255E-05  2.100139E-08  7.429980E-09  1.018930E-05  4.507486E-11  1.942504E-10  1.025629E-10  9.457375E-04  1.717635E-08  1.216544E-09  9.941642E-10  2.305211E-06  3.135480E-06  2.245706E-09  2.512933E-10  3.299127E-10  8.019959E-10
 3.931500E+02  1.022937E-02  1.323100E-06  2.243551E-11  3.028541E-11  3.390265E-11  4.151188E-11  4.773951E-03  4.302446E-07  3.865693E-11  1.499168E-02  1.758387E-05  2.021844E-08  7.291662E-09  1.005540E-05  4.358936E-11  1.881523E-10  9.995086E-11  9.351426E-04  1.665868E-08  1.189888E-09  9.719727E-10  2.276279E-06  3.096170E-06  2.161346E-09  2.417144E-10  3.174093E-10  7.764423E-10
 3.941500E+02  1.020868E-02  1.311831E-06  2.197349E-11  2.966648E-11  3.321097E-11  4.067123E-11  4.760762E-03  4.245696E-07  3.716383E-11  1.495794E-02  1.736893E-05  1.946842E-08  7.156635E-09  9.923949E-06  4.216062E-11  1.822778E-10  9.741913E-11  9.247175E-04  1.615917E-08  1.163952E-09  9.503904E-10  2.247860E-06  3.057558E-06  2.080572E-09  2.325493E-10  3.054436E-10  7.518331E-10
 3.951500E+02  1.018803E-02  1.300710E-06  2.152334E-11  2.906337E-11  3.253695E-11  3.985191E-11  4.747654E-03  4.190011E-07  3.573619E-11  1.492431E-02  1.715764E-05  1.874982E-08  7.024805E-09  9.794903E-06  4.078620E-11  1.766178E-10  9.496486E-11  9.144589E-04  1.567710E-08  1.138715E-09  9.293978E-10  2.219943E-06  3.019628E-06  2.003215E-09  2.237783E-10  2.939898E-10  7.281292E-10
 3.961500E+02  1.016741E-02  1.289735E-06  2.108471E-11  2.847559E-11  3.188005E-11  3.905328E-11  4.734628E-03  4.135365E-07  3.437082E-11  1.489079E-02  1.694992E-05  1.806119E-08  6.896085E-09  9.668204E-06  3.946377E-11  1.711634E-10  9.258534E-11  9.043635E-04  1.521180E-08  1.114155E-09  9.089763E-10  2.192518E-06  2.982365E-06  1.929116E-09  2.153826E-10  2.830236E-10  7.052930E-10
 3.971500E+02  1.014682E-02  1.278903E-06  2.065726E-11  2.790271E-11  3.123976E-11  3.827474E-11  4.721681E-03  4.081735E-07  3.306470E-11  1.485738E-02  1.674571E-05  1.740113E-08  6.770387E-09  9.543799E-06  3.819113E-11  1.659062E-10  9.027794E-11  8.944282E-04  1.476261E-08  1.090250E-09  8.891081E-10  2.165573E-06  2.945755E-06  1.858122E-09  2.073443E-10  2.725221E-10  6.832889E-10
 3.981500E+02  1.012626E-02  1.268211E-06  2.024065E-11  2.734427E-11  3.061561E-11  3.751569E-11  4.708813E-03  4.029096E-07  3.181498E-11  1.482409E-02  1.654492E-05  1.676834E-08  6.647629E-09  9.421637E-06  3.696616E-11  1.608381E-10  8.804015E-11  8.846499E-04  1.432889E-08  1.066980E-09  8.697757E-10  2.139098E-06  2.909783E-06  1.790090E-09  1.996466E-10  2.624633E-10  6.620828E-10
 3.991500E+02  1.010574E-02  1.257659E-06  1.983457E-11  2.679986E-11  3.000711E-11  3.677557E-11  4.696024E-03  3.977427E-07  3.061896E-11  1.479090E-02  1.634749E-05  1.616158E-08  6.527729E-09  9.301668E-06  3.578686E-11  1.559514E-10  8.586956E-11  8.750255E-04  1.391005E-08  1.044326E-09  8.509623E-10  2.113083E-06  2.874436E-06  1.724882E-09  1.922734E-10  2.528265E-10  6.416420E-10
