#         T/K          U/kJ          H/kJ      S/J*K^-1
 2.731500E+02  3.971033E+01  3.971430E+01  1.332298E+02
 2.741500E+02  3.987275E+01  3.987673E+01  1.338234E+02
 2.751500E+02  4.003509E+01  4.003907E+01  1.344144E+02
 2.761500E+02  4.019716E+01  4.020115E+01  1.350024E+02
 2.771500E+02  4.035882E+01  4.036281E+01  1.355868E+02
 2.781500E+02  4.051991E+01  4.052389E+01  1.361670E+02
 2.791500E+02  4.068027E+01  4.068426E+01  1.367425E+02
 2.801500E+02  4.083976E+01  4.084376E+01  1.373128E+02
 2.811500E+02  4.099827E+01  4.100226E+01  1.378776E+02
 2.821500E+02  4.115566E+01  4.115965E+01  1.384364E+02
 2.831500E+02  4.131182E+01  4.131582E+01  1.389889E+02
 2.841500E+02  4.146666E+01  4.147066E+01  1.395348E+02
 2.851500E+02  4.162010E+01  4.162410E+01  1.400739E+02
 2.861500E+02  4.177206E+01  4.177607E+01  1.406059E+02
 2.871500E+02  4.192248E+01  4.192649E+01  1.411306E+02
 2.881500E+02  4.207131E+01  4.207531E+01  1.416480E+02
 2.891500E+02  4.221850E+01  4.222251E+01  1.421580E+02
 2.901500E+02  4.236404E+01  4.236805E+01  1.426605E+02
 2.911500E+02  4.250790E+01  4.251191E+01  1.431554E+02
 2.921500E+02  4.265007E+01  4.265408E+01  1.436429E+02
 2.931500E+02  4.279055E+01  4.279456E+01  1.441229E+02
 2.941500E+02  4.292934E+01  4.293336E+01  1.445956E+02
 2.951500E+02  4.306646E+01  4.307048E+01  1.450609E+02
 2.961500E+02  4.320192E+01  4.320594E+01  1.455191E+02
 2.971500E+02  4.333575E+01  4.333977E+01  1.459703E+02
 2.981500E+02  4.346797E+01  4.347200E+01  1.464145E+02
 2.991500E+02  4.359862E+01  4.360265E+01  1.468520E+02
 3.001500E+02  4.372772E+01  4.373175E+01  1.472828E+02
 3.011500E+02  4.385532E+01  4.385936E+01  1.477073E+02
 3.021500E+02  4.398146E+01  4.398549E+01  1.481254E+02
 3.031500E+02  4.410616E+01  4.411019E+01  1.485375E+02
 3.041500E+02  4.422947E+01  4.423351E+01  1.489436E+02
 3.051500E+02  4.435144E+01  4.435548E+01  1.493439E+02
 3.061500E+02  4.447211E+01  4.447615E+01  1.497387E+02
 3.071500E+02  4.459152E+01  4.459556E+01  1.501281E+02
 3.081500E+02  4.470971E+01  4.471375E+01  1.505123E+02
 3.091500E+02  4.482672E+01  4.483076E+01  1.508914E+02
 3.101500E+02  4.494260E+01  4.494664E+01  1.512656E+02
 3.111500E+02  4.505738E+01  4.506143E+01  1.516352E+02
 3.121500E+02  4.517112E+01  4.517517E+01  1.520001E+02
 3.131500E+02  4.528384E+01  4.528790E+01  1.523607E+02
 3.141500E+02  4.539560E+01  4.539966E+01  1.527170E+02
 3.151500E+02  4.550643E+01  4.551048E+01  1.530692E+02
 3.161500E+02  4.561636E+01  4.562042E+01  1.534175E+02
 3.171500E+02  4.572544E+01  4.572950E+01  1.537620E+02
 3.181500E+02  4.583371E+01  4.583777E+01  1.541028E+02
 3.191500E+02  4.594120E+01  4.594526E+01  1.544402E+02
 3.201500E+02  4.604794E+01  4.605200E+01  1.547741E+02
 3.211500E+02  4.615398E+01  4.615804E+01  1.551048E+02
 3.221500E+02  4.625934E+01  4.626340E+01  1.554324E+02
 3.231500E+02  4.636406E+01  4.636813E+01  1.557569E+02
 3.241500E+02  4.646817E+01  4.647224E+01  1.560786E+02
 3.251500E+02  4.657171E+01  4.657578E+01  1.563976E+02
 3.261500E+02  4.667471E+01  4.667878E+01  1.567139E+02
 3.271500E+02  4.677719E+01  4.678127E+01  1.570276E+02
 3.281500E+02  4.687920E+01  4.688327E+01  1.573389E+02
 3.291500E+02  4.698075E+01  4.698483E+01  1.576479E+02
 3.301500E+02  4.708187E+01  4.708595E+01  1.579547E+02
 3.311500E+02  4.718261E+01  4.718669E+01  1.582594E+02
 3.321500E+02  4.728297E+01  4.728706E+01  1.585620E+02
 3.331500E+02  4.738300E+01  4.738708E+01  1.588627E+02
 3.341500E+02  4.748271E+01  4.748680E+01  1.591616E+02
 3.351500E+02  4.758214E+01  4.758623E+01  1.594587E+02
 3.361500E+02  4.768130E+01  4.768539E+01  1.597541E+02
 3.371500E+02  4.778023E+01  4.778432E+01  1.600480E+02
 3.381500E+02  4.787895E+01  4.788304E+01  1.603403E+02
 3.391500E+02  4.797748E+01  4.798157E+01  1.606313E+02
 3.401500E+02  4.807584E+01  4.807994E+01  1.609209E+02
 3.411500E+02  4.817406E+01  4.817816E+01  1.612092E+02
 3.421500E+02  4.827217E+01  4.827627E+01  1.614964E+02
 3.431500E+02  4.837017E+01  4.837427E+01  1.617824E+02
 3.441500E+02  4.846810E+01  4.847221E+01  1.620674E+02
 3.451500E+02  4.856598E+01  4.857008E+01  1.623514E+02
 3.461500E+02  4.866382E+01  4.866793E+01  1.626345E+02
 3.471500E+02  4.876165E+01  4.876576E+01  1.629167E+02
 3.481500E+02  4.885948E+01  4.886359E+01  1.631981E+02
 3.491500E+02  4.895734E+01  4.896145E+01  1.634788E+02
 3.501500E+02  4.905524E+01  4.905935E+01  1.637588E+02
 3.511500E+02  4.915321E+01  4.915732E+01  1.640382E+02
 3.521500E+02  4.925125E+01  4.925537E+01  1.643170E+02
 3.531500E+02  4.934939E+01  4.935351E+01  1.645953E+02
 3.541500E+02  4.944765E+01  4.945177E+01  1.648731E+02
 3.551500E+02  4.954604E+01  4.955016E+01  1.651506E+02
 3.561500E+02  4.964458E+01  4.964870E+01  1.654276E+02
 3.571500E+02  4.974328E+01  4.974740E+01  1.657044E+02
 3.581500E+02  4.984216E+01  4.984628E+01  1.659809E+02
 3.591500E+02  4.994123E+01  4.994536E+01  1.662571E+02
 3.601500E+02  5.004052E+01  5.004465E+01  1.665332E+02
 3.611500E+02  5.014002E+01  5.014415E+01  1.668091E+02
 3.621500E+02  5.023977E+01  5.024390E+01  1.670849E+02
 3.631500E+02  5.033976E+01  5.034389E+01  1.673606E+02
 3.641500E+02  5.044002E+01  5.044415E+01  1.676363E+02
 3.651500E+02  5.054055E+01  5.054469E+01  1.679120E+02
 3.661500E+02  5.064137E+01  5.064551E+01  1.681878E+02
 3.671500E+02  5.074250E+01  5.074664E+01  1.684636E+02
 3.681500E+02  5.084393E+01  5.084808E+01  1.687395E+02
 3.691500E+02  5.094569E+01  5.094983E+01  1.690155E+02
 3.701500E+02  5.104778E+01  5.105193E+01  1.692917E+02
 3.711500E+02  5.115021E+01  5.115436E+01  1.695681E+02
 3.721500E+02  5.125300E+01  5.125715E+01  1.698446E+02
 3.731500E+02  5.135615E+01  5.136030E+01  1.701214E+02
 3.741500E+02  5.145967E+01  5.146382E+01  1.703985E+02
 3.751500E+02  5.156356E+01  5.156772E+01  1.706758E+02
 3.761500E+02  5.166785E+01  5.167201E+01  1.709534E+02
 3.771500E+02  7.864558E+01  8.168978E+01  2.506707E+02
 3.781500E+02  7.869090E+01  8.174405E+01  2.508146E+02
 3.791500E+02  7.873622E+01  8.179830E+01  2.509580E+02
 3.801500E+02  7.878153E+01  8.185254E+01  2.511011E+02
 3.811500E+02  7.882683E+01  8.190677E+01  2.512437E+02
 3.821500E+02  7.887214E+01  8.196098E+01  2.513859E+02
 3.831500E+02  7.891743E+01  8.201518E+01  2.515277E+02
 3.841500E+02  7.896273E+01  8.206937E+01  2.516691E+02
 3.851500E+02  7.900802E+01  8.212356E+01  2.518101E+02
 3.861500E+02  7.905331E+01  8.217773E+01  2.519508E+02
 3.871500E+02  7.909860E+01  8.223189E+01  2.520910E+02
 3.881500E+02  7.914389E+01  8.228605E+01  2.522309E+02
 3.891500E+02  7.918919E+01  8.234021E+01  2.523704E+02
 3.901500E+02  7.923448E+01  8.239435E+01  2.525095E+02
 3.911500E+02  7.927978E+01  8.244850E+01  2.526482E+02
 3.921500E+02  7.932507E+01  8.250264E+01  2.527866E+02
 3.931500E+02  7.937038E+01  8.255677E+01  2.529246E+02
 3.941500E+02  7.941569E+01  8.261091E+01  2.530623E+02
 3.951500E+02  7.946100E+01  8.266504E+01  2.531996E+02
 3.961500E+02  7.950632E+01  8.271917E+01  2.533366E+02
 3.971500E+02  7.955164E+01  8.277331E+01  2.534732E+02
 3.981500E+02  7.959697E+01  8.282744E+01  2.536094E+02
 3.991500E+02  7.964231E+01  8.288158E+01  2.537454E+02
