#         T/K            c1          c2-1          c3-4          c3-5          c3-7          c3-9            m1          m2-1          m3-1            w1            w2          w3-1          w3-2          c1m1        c1m2-1        c1m2-7        c2m1-1        c1w1-2        c1w2-1        c2w1-1        c2w1-9        m1w1-1        m1w1-4        m1w2-1        m2w1-1        m2w1-3      c1m1w1-1
 2.731500E+02  8.541282E-03  2.523933E-06  2.632864E-10  3.455698E-10  3.844739E-10  4.584373E-10  1.660615E-02  2.424707E-05  5.095040E-07  1.565583E-02  8.793149E-05  6.697555E-06  9.397385E-08  1.551473E-04  5.741409E-08  1.883939E-07  9.857810E-09  3.371671E-03  1.387762E-06  2.038539E-08  1.790053E-08  3.671990E-05  4.998569E-05  2.341567E-06  8.992957E-07  1.138970E-06  2.708730E-07
 2.741500E+02  8.550501E-03  2.493934E-06  2.537684E-10  3.331899E-10  3.707280E-10  4.421864E-10  1.653122E-02  2.354908E-05  4.677615E-07  1.563361E-02  8.597251E-05  6.216640E-06  9.061581E-08  1.512515E-04  5.353955E-08  1.762493E-07  9.370360E-09  3.307193E-03  1.308197E-06  1.956727E-08  1.716731E-08  3.579990E-05  4.873022E-05  2.166638E-06  8.290211E-07  1.050384E-06  2.538205E-07
 2.751500E+02  8.558950E-03  2.464192E-06  2.446181E-10  3.212838E-10  3.575069E-10  4.265504E-10  1.645704E-02  2.287644E-05  4.297212E-07  1.561085E-02  8.406529E-05  5.772811E-06  8.739353E-08  1.474730E-04  4.995035E-08  1.649627E-07  8.909428E-09  3.244104E-03  1.233579E-06  1.878495E-08  1.646683E-08  3.490848E-05  4.751392E-05  2.005799E-06  7.646830E-07  9.692506E-07  2.379361E-07
 2.761500E+02  8.566646E-03  2.434714E-06  2.358210E-10  3.098330E-10  3.447904E-10  4.115059E-10  1.638360E-02  2.222807E-05  3.950315E-07  1.558759E-02  8.220838E-05  5.363030E-06  8.430108E-08  1.438079E-04  4.662387E-08  1.544686E-07  8.473461E-09  3.182376E-03  1.163580E-06  1.803680E-08  1.579757E-08  3.404466E-05  4.633541E-05  1.857841E-06  7.057450E-07  8.948980E-07  2.231341E-07
 2.771500E+02  8.573604E-03  2.405505E-06  2.273634E-10  2.988198E-10  3.325590E-10  3.970302E-10  1.631090E-02  2.160295E-05  3.633760E-07  1.556383E-02  8.040036E-05  4.984522E-06  8.133280E-08  1.402524E-04  4.353939E-08  1.447070E-07  8.061003E-09  3.121983E-03  1.097894E-06  1.732125E-08  1.515804E-08  3.320743E-05  4.519334E-05  1.721662E-06  6.517222E-07  8.267198E-07  2.093354E-07
 2.781500E+02  8.579843E-03  2.376571E-06  2.192318E-10  2.882274E-10  3.207937E-10  3.831015E-10  1.623892E-02  2.100009E-05  3.344702E-07  1.553960E-02  7.863984E-05  4.634746E-06  7.848329E-08  1.368028E-04  4.067795E-08  1.356226E-07  7.670689E-09  3.062896E-03  1.036239E-06  1.663679E-08  1.454685E-08  3.239587E-05  4.408640E-05  1.596262E-06  6.021758E-07  7.641671E-07  1.964668E-07
 2.791500E+02  8.585379E-03  2.347916E-06  2.114134E-10  2.780392E-10  3.094766E-10  3.696987E-10  1.616767E-02  2.041856E-05  3.080582E-07  1.551492E-02  7.692546E-05  4.311384E-06  7.574738E-08  1.334555E-04  3.802217E-08  1.271646E-07  7.301237E-09  3.005089E-03  9.783489E-07  1.598199E-08  1.396269E-08  3.160907E-05  4.301336E-05  1.480728E-06  5.567086E-07  7.067426E-07  1.844611E-07
 2.801500E+02  8.590228E-03  2.319545E-06  2.038960E-10  2.682395E-10  2.985901E-10  3.568016E-10  1.609711E-02  1.985748E-05  2.839090E-07  1.548981E-02  7.525592E-05  4.012312E-06  7.312016E-08  1.302073E-04  3.555611E-08  1.192863E-07  6.951444E-09  2.948535E-03  9.239785E-07  1.535550E-08  1.340427E-08  3.084616E-05  4.197302E-05  1.374233E-06  5.149608E-07  6.539958E-07  1.732561E-07
 2.811500E+02  8.594407E-03  2.291461E-06  1.966675E-10  2.588132E-10  2.881176E-10  3.443907E-10  1.602726E-02  1.931600E-05  2.618146E-07  1.546428E-02  7.362994E-05  3.735586E-06  7.059692E-08  1.270548E-04  3.326515E-08  1.119447E-07  6.620181E-09  2.893208E-03  8.728987E-07  1.475602E-08  1.287040E-08  3.010630E-05  4.096422E-05  1.276018E-06  4.766064E-07  6.055182E-07  1.627943E-07
 2.821500E+02  8.597932E-03  2.263668E-06  1.897167E-10  2.497456E-10  2.780428E-10  3.324473E-10  1.595810E-02  1.879331E-05  2.415873E-07  1.543836E-02  7.204628E-05  3.479428E-06  6.817316E-08  1.239949E-04  3.113587E-08  1.051003E-07  6.306389E-09  2.839081E-03  8.248963E-07  1.418232E-08  1.235993E-08  2.938869E-05  3.998587E-05  1.185397E-06  4.413497E-07  5.609393E-07  1.530228E-07
 2.831500E+02  8.600820E-03  2.236170E-06  1.830325E-10  2.410228E-10  2.683504E-10  3.209533E-10  1.588963E-02  1.828865E-05  2.230577E-07  1.541205E-02  7.050372E-05  3.242208E-06  6.584460E-08  1.210245E-04  2.915596E-08  9.871660E-08  6.009072E-09  2.786130E-03  7.797726E-07  1.363322E-08  1.187178E-08  2.869256E-05  3.903689E-05  1.101740E-06  4.089224E-07  5.199226E-07  1.438925E-07
 2.841500E+02  8.603087E-03  2.208969E-06  1.766044E-10  2.326313E-10  2.590253E-10  3.098913E-10  1.582182E-02  1.780128E-05  2.060727E-07  1.538538E-02  6.900110E-05  3.022433E-06  6.360715E-08  1.181406E-04  2.731411E-08  9.275997E-08  5.727294E-09  2.734329E-03  7.373427E-07  1.310760E-08  1.140490E-08  2.801715E-05  3.811627E-05  1.024476E-06  3.790809E-07  4.821626E-07  1.353581E-07
 2.851500E+02  8.604749E-03  2.182067E-06  1.704223E-10  2.245580E-10  2.500532E-10  2.992446E-10  1.575468E-02  1.733051E-05  1.904939E-07  1.535837E-02  6.753728E-05  2.818735E-06  6.145690E-08  1.153405E-04  2.559990E-08  8.719948E-08  5.460177E-09  2.683654E-03  6.974339E-07  1.260438E-08  1.095830E-08  2.736176E-05  3.722302E-05  9.530807E-07  3.516039E-07  4.473818E-07  1.273777E-07
 2.861500E+02  8.605821E-03  2.155466E-06  1.644764E-10  2.167906E-10  2.414203E-10  2.889971E-10  1.568820E-02  1.687565E-05  1.761962E-07  1.533101E-02  6.611115E-05  2.629859E-06  5.939012E-08  1.126214E-04  2.400378E-08  8.200656E-08  5.206896E-09  2.634079E-03  6.598855E-07  1.212256E-08  1.053105E-08  2.672570E-05  3.635620E-05  8.870770E-07  3.262902E-07  4.153277E-07  1.199126E-07
 2.871500E+02  8.606319E-03  2.129169E-06  1.587573E-10  2.093169E-10  2.331133E-10  2.791334E-10  1.562236E-02  1.643609E-05  1.630663E-07  1.530334E-02  6.472164E-05  2.454653E-06  5.740325E-08  1.099806E-04  2.251696E-08  7.715485E-08  4.966674E-09  2.585582E-03  6.245476E-07  1.166116E-08  1.012226E-08  2.610830E-05  3.551489E-05  8.260285E-07  3.029569E-07  3.857707E-07  1.129270E-07
 2.881500E+02  8.606258E-03  2.103176E-06  1.532562E-10  2.021255E-10  2.251194E-10  2.696385E-10  1.555716E-02  1.601120E-05  1.510016E-07  1.527537E-02  6.336769E-05  2.292060E-06  5.549289E-08  1.074157E-04  2.113133E-08  7.262003E-08  4.738781E-09  2.538138E-03  5.912804E-07  1.121925E-08  9.731061E-09  2.550892E-05  3.469822E-05  7.695367E-07  2.814377E-07  3.585015E-07  1.063874E-07
 2.891500E+02  8.605654E-03  2.077489E-06  1.479642E-10  1.952054E-10  2.174265E-10  2.604982E-10  1.549259E-02  1.560041E-05  1.399090E-07  1.524710E-02  6.204831E-05  2.141110E-06  5.365580E-08  1.049241E-04  1.983945E-08  6.837963E-08  4.522530E-09  2.491724E-03  5.599535E-07  1.079596E-08  9.356654E-09  2.492696E-05  3.390534E-05  7.172367E-07  2.615808E-07  3.333300E-07  1.002634E-07
 2.901500E+02  8.604520E-03  2.052108E-06  1.428732E-10  1.885457E-10  2.100226E-10  2.516986E-10  1.542865E-02  1.520316E-05  1.297042E-07  1.521856E-02  6.076250E-05  2.000912E-06  5.188888E-08  1.025035E-04  1.863444E-08  6.441288E-08  4.317277E-09  2.446317E-03  5.304450E-07  1.039045E-08  8.998265E-09  2.436182E-05  3.313546E-05  6.687949E-07  2.432483E-07  3.100824E-07  9.452626E-08
 2.911500E+02  8.602872E-03  2.027034E-06  1.379751E-10  1.821363E-10  2.028964E-10  2.432265E-10  1.536531E-02  1.481893E-05  1.203108E-07  1.518975E-02  5.950931E-05  1.870648E-06  5.018918E-08  1.001515E-04  1.750999E-08  6.070061E-08  4.122414E-09  2.401896E-03  5.026415E-07  1.000191E-08  8.655157E-09  2.381293E-05  3.238778E-05  6.239061E-07  2.263143E-07  2.886007E-07  8.914968E-08
 2.921500E+02  8.600723E-03  2.002266E-06  1.332623E-10  1.759674E-10  1.960371E-10  2.350691E-10  1.530258E-02  1.444720E-05  1.116592E-07  1.516069E-02  5.828782E-05  1.749563E-06  4.855385E-08  9.786608E-05  1.646025E-08  5.722505E-08  3.937370E-09  2.358438E-03  4.764367E-07  9.629587E-09  8.326632E-09  2.327976E-05  3.166156E-05  5.822903E-07  2.106640E-07  2.687404E-07  8.410915E-08
 2.931500E+02  8.598089E-03  1.977806E-06  1.287275E-10  1.700295E-10  1.894342E-10  2.272143E-10  1.524045E-02  1.408750E-05  1.036862E-07  1.513139E-02  5.709712E-05  1.636967E-06  4.698022E-08  9.564497E-05  1.547984E-08  5.396981E-08  3.761605E-09  2.315921E-03  4.517318E-07  9.272749E-09  8.012023E-09  2.276176E-05  3.095608E-05  5.436915E-07  1.961927E-07  2.503698E-07  7.938197E-08
 2.941500E+02  8.594982E-03  1.953652E-06  1.243635E-10  1.643135E-10  1.830776E-10  2.196502E-10  1.517890E-02  1.373935E-05  9.633462E-08  1.510186E-02  5.593634E-05  1.532221E-06  4.546570E-08  9.348614E-05  1.456380E-08  5.091968E-08  3.594614E-09  2.274325E-03  4.284341E-07  8.930703E-09  7.710697E-09  2.225844E-05  3.027065E-05  5.078746E-07  1.828048E-07  2.333685E-07  7.494707E-08
 2.951500E+02  8.591417E-03  1.929805E-06  1.201636E-10  1.588106E-10  1.769576E-10  2.123656E-10  1.511794E-02  1.340232E-05  8.955209E-08  1.507211E-02  5.480465E-05  1.434741E-06  4.400783E-08  9.138762E-05  1.370755E-08  4.806060E-08  3.435921E-09  2.233628E-03  4.064572E-07  8.602791E-09  7.422048E-09  2.176931E-05  2.960458E-05  4.746243E-07  1.704129E-07  2.176266E-07  7.078490E-08
 2.961500E+02  8.587406E-03  1.906262E-06  1.161213E-10  1.535126E-10  1.710650E-10  2.053496E-10  1.505754E-02  1.307599E-05  8.329113E-08  1.504216E-02  5.370121E-05  1.343985E-06  4.260426E-08  8.934748E-05  1.290685E-08  4.537954E-08  3.285075E-09  2.193811E-03  3.857202E-07  8.288382E-09  7.145501E-09  2.129390E-05  2.895725E-05  4.437428E-07  1.589373E-07  2.030435E-07  6.687731E-08
 2.971500E+02  8.582963E-03  1.883024E-06  1.122304E-10  1.484113E-10  1.653908E-10  1.985916E-10  1.499771E-02  1.275995E-05  7.750847E-08  1.501201E-02  5.262523E-05  1.259458E-06  4.125275E-08  8.736387E-05  1.215779E-08  4.286443E-08  3.141653E-09  2.154853E-03  3.661477E-07  7.986875E-09  6.880510E-09  2.083176E-05  2.832803E-05  4.150487E-07  1.483048E-07  1.895273E-07  6.320742E-08
 2.981500E+02  8.578100E-03  1.860089E-06  1.084848E-10  1.434991E-10  1.599265E-10  1.920818E-10  1.493844E-02  1.245381E-05  7.216465E-08  1.498167E-02  5.157594E-05  1.180700E-06  3.995115E-08  8.543500E-05  1.145674E-08  4.050407E-08  3.005258E-09  2.116735E-03  3.476691E-07  7.697700E-09  6.626551E-09  2.038245E-05  2.771633E-05  3.883753E-07  1.384488E-07  1.769939E-07  5.975957E-08
 2.991500E+02  8.572830E-03  1.837456E-06  1.048787E-10  1.387684E-10  1.546638E-10  1.858103E-10  1.487971E-02  1.215720E-05  6.722373E-08  1.495116E-02  5.055260E-05  1.107290E-06  3.869741E-08  8.355915E-05  1.080037E-08  3.828808E-08  2.875512E-09  2.079438E-03  3.302182E-07  7.420309E-09  6.383129E-09  1.994555E-05  2.712157E-05  3.635696E-07  1.293080E-07  1.653660E-07  5.651921E-08
 3.001500E+02  8.567165E-03  1.815123E-06  1.014067E-10  1.342122E-10  1.495950E-10  1.797681E-10  1.482152E-02  1.186976E-05  6.265289E-08  1.492048E-02  4.955446E-05  1.038837E-06  3.748957E-08  8.173464E-05  1.018558E-08  3.620683E-08  2.752063E-09  2.042943E-03  3.137332E-07  7.154184E-09  6.149769E-09  1.952067E-05  2.654320E-05  3.404908E-07  1.208266E-07  1.545732E-07  5.347279E-08
 3.011500E+02  8.561116E-03  1.793088E-06  9.806349E-11  1.298237E-10  1.447122E-10  1.739461E-10  1.476387E-02  1.159117E-05  5.842218E-08  1.488964E-02  4.858083E-05  9.749832E-07  3.632576E-08  7.995987E-05  9.609512E-09  3.425138E-08  2.634575E-09  2.007232E-03  2.981563E-07  6.898828E-09  5.926020E-09  1.910740E-05  2.598068E-05  3.190095E-07  1.129531E-07  1.445507E-07  5.060772E-08
 3.021500E+02  8.554697E-03  1.771351E-06  9.484392E-11  1.255962E-10  1.400084E-10  1.683359E-10  1.470674E-02  1.132109E-05  5.450425E-08  1.485866E-02  4.763103E-05  9.153963E-07  3.520419E-08  7.823329E-05  9.069505E-09  3.241343E-08  2.522734E-09  1.972286E-03  2.834334E-07  6.653768E-09  5.711454E-09  1.870538E-05  2.543351E-05  2.990065E-07  1.056406E-07  1.352391E-07  4.791229E-08
 3.031500E+02  8.547917E-03  1.749908E-06  9.174311E-11  1.215234E-10  1.354764E-10  1.629291E-10  1.465012E-02  1.105921E-05  5.087411E-08  1.482753E-02  4.670439E-05  8.597702E-07  3.412314E-08  7.655339E-05  8.563104E-09  3.068528E-08  2.416243E-09  1.938088E-03  2.695137E-07  6.418554E-09  5.505660E-09  1.831424E-05  2.490119E-05  2.803723E-07  9.884588E-08  1.265839E-07  4.537558E-08
 3.041500E+02  8.540789E-03  1.728758E-06  8.875640E-11  1.175994E-10  1.311096E-10  1.577180E-10  1.459402E-02  1.080523E-05  4.750888E-08  1.479628E-02  4.580026E-05  8.078222E-07  3.308100E-08  7.491871E-05  8.088034E-09  2.905975E-08  2.314821E-09  1.904622E-03  2.563497E-07  6.192754E-09  5.308249E-09  1.793364E-05  2.438323E-05  2.630060E-07  9.252936E-08  1.185352E-07  4.298745E-08
 3.051500E+02  8.533324E-03  1.707898E-06  8.587928E-11  1.138182E-10  1.269016E-10  1.526950E-10  1.453842E-02  1.055887E-05  4.438765E-08  1.476490E-02  4.491803E-05  7.592907E-07  3.207618E-08  7.332787E-05  7.642183E-09  2.753018E-08  2.218204E-09  1.871869E-03  2.438971E-07  5.975959E-09  5.118849E-09  1.756324E-05  2.387920E-05  2.468145E-07  8.665468E-08  1.110471E-07  4.073844E-08
 3.061500E+02  8.525531E-03  1.687327E-06  8.310744E-11  1.101743E-10  1.228461E-10  1.478527E-10  1.448332E-02  1.031985E-05  4.149129E-08  1.473341E-02  4.405708E-05  7.139344E-07  3.110719E-08  7.177951E-05  7.223593E-09  2.609038E-08  2.126143E-09  1.839814E-03  2.321140E-07  5.767778E-09  4.937106E-09  1.720272E-05  2.338863E-05  2.317121E-07  8.118844E-08  1.040772E-07  3.861974E-08
 3.071500E+02  8.517421E-03  1.667041E-06  8.043674E-11  1.066624E-10  1.189372E-10  1.431842E-10  1.442870E-02  1.008791E-05  3.880225E-08  1.470181E-02  4.321684E-05  6.715298E-07  3.017261E-08  7.027232E-05  6.830447E-09  2.473460E-08  2.038401E-09  1.808441E-03  2.209614E-07  5.567837E-09  4.762682E-09  1.685176E-05  2.291110E-05  2.176199E-07  7.609995E-08  9.758693E-08  3.662314E-08
 3.081500E+02  8.509005E-03  1.647039E-06  7.786320E-11  1.032773E-10  1.151692E-10  1.386828E-10  1.437457E-02  9.862797E-06  3.630447E-08  1.467012E-02  4.239672E-05  6.318704E-07  2.927106E-08  6.880503E-05  6.461059E-09  2.345745E-08  1.954756E-09  1.777733E-03  2.104028E-07  5.375781E-09  4.595255E-09  1.651007E-05  2.244621E-05  2.044648E-07  7.136098E-08  9.154045E-08  3.474097E-08
 3.091500E+02  8.500293E-03  1.627317E-06  7.538303E-11  1.000140E-10  1.115366E-10  1.343420E-10  1.432091E-02  9.644272E-06  3.398321E-08  1.463833E-02  4.159619E-05  5.947648E-07  2.840124E-08  6.737643E-05  6.113862E-09  2.225396E-08  1.874998E-09  1.747675E-03  2.004036E-07  5.191268E-09  4.434519E-09  1.617736E-05  2.199356E-05  1.921797E-07  6.694555E-08  8.590497E-08  3.296611E-08
 3.101500E+02  8.491293E-03  1.607873E-06  7.299256E-11  9.686793E-11  1.080343E-10  1.301557E-10  1.426772E-02  9.432102E-06  3.182495E-08  1.460645E-02  4.081469E-05  5.600361E-07  2.756189E-08  6.598533E-05  5.787402E-09  2.111946E-08  1.798928E-09  1.718253E-03  1.909318E-07  5.013976E-09  4.280182E-09  1.585334E-05  2.155276E-05  1.807025E-07  6.282977E-08  8.065023E-08  3.129189E-08
 3.111500E+02  8.482017E-03  1.588704E-06  7.068828E-11  9.383443E-11  1.046570E-10  1.261180E-10  1.421500E-02  9.226064E-06  2.981729E-08  1.457450E-02  4.005172E-05  5.275204E-07  2.675181E-08  6.463060E-05  5.480327E-09  2.004963E-08  1.726358E-09  1.689452E-03  1.819571E-07  4.843594E-09  4.131963E-09  1.553775E-05  2.112345E-05  1.699756E-07  5.899162E-08  7.574839E-08  2.971209E-08
 3.121500E+02  8.472472E-03  1.569808E-06  6.846685E-11  9.090917E-11  1.014001E-10  1.222230E-10  1.416272E-02  9.025946E-06  2.794884E-08  1.454248E-02  3.930676E-05  4.970658E-07  2.596986E-08  6.331113E-05  5.191380E-09  1.904043E-08  1.657112E-09  1.661256E-03  1.734511E-07  4.679828E-09  3.989599E-09  1.523032E-05  2.070526E-05  1.599462E-07  5.541084E-08  7.117377E-08  2.822091E-08
 3.131500E+02  8.462668E-03  1.551181E-06  6.632501E-11  8.808796E-11  9.825886E-11  1.184655E-10  1.411090E-02  8.831541E-06  2.620914E-08  1.451039E-02  3.857933E-05  4.685314E-07  2.521494E-08  6.202587E-05  4.919391E-09  1.808808E-08  1.591021E-09  1.633653E-03  1.653871E-07  4.522396E-09  3.852835E-09  1.493081E-05  2.029786E-05  1.505653E-07  5.206873E-08  6.690271E-08  2.681293E-08
 3.141500E+02  8.452614E-03  1.532821E-06  6.425969E-11  8.536679E-11  9.522881E-11  1.148400E-10  1.405952E-02  8.642653E-06  2.458854E-08  1.447824E-02  3.786895E-05  4.417869E-07  2.448600E-08  6.077377E-05  4.663273E-09  1.718908E-08  1.527927E-09  1.606628E-03  1.577402E-07  4.371028E-09  3.721429E-09  1.463897E-05  1.990092E-05  1.417874E-07  4.894806E-08  6.291337E-08  2.548309E-08
 3.151500E+02  8.442318E-03  1.514724E-06  6.226791E-11  8.274181E-11  9.230569E-11  1.113416E-10  1.400858E-02  8.459094E-06  2.307822E-08  1.444604E-02  3.717517E-05  4.167111E-07  2.378203E-08  5.955386E-05  4.422013E-09  1.634014E-08  1.467680E-09  1.580168E-03  1.504868E-07  4.225468E-09  3.595150E-09  1.435457E-05  1.951411E-05  1.335707E-07  4.603292E-08  5.918562E-08  2.422665E-08
 3.161500E+02  8.431788E-03  1.496888E-06  6.034682E-11  8.020931E-11  8.948539E-11  1.079654E-10  1.395806E-02  8.280682E-06  2.167002E-08  1.441379E-02  3.649752E-05  3.931918E-07  2.310206E-08  5.836515E-05  4.194669E-09  1.553821E-08  1.410139E-09  1.554260E-03  1.436049E-07  4.085471E-09  3.473780E-09  1.407738E-05  1.913713E-05  1.258764E-07  4.330865E-08  5.570084E-08  2.303919E-08
 3.171500E+02  8.421033E-03  1.479310E-06  5.849369E-11  7.776575E-11  8.676398E-11  1.047068E-10  1.390798E-02  8.107243E-06  2.035645E-08  1.438150E-02  3.583559E-05  3.711248E-07  2.244518E-08  5.720673E-05  3.980362E-09  1.478042E-08  1.355169E-09  1.528891E-03  1.370738E-07  3.950803E-09  3.357107E-09  1.380719E-05  1.876968E-05  1.186685E-07  4.076170E-08  5.244186E-08  2.191657E-08
 3.181500E+02  8.410061E-03  1.461986E-06  5.670589E-11  7.540772E-11  8.413767E-11  1.015612E-10  1.385831E-02  7.938609E-06  1.913060E-08  1.434918E-02  3.518894E-05  3.504133E-07  2.181050E-08  5.607770E-05  3.778274E-09  1.406411E-08  1.302643E-09  1.504049E-03  1.308738E-07  3.821240E-09  3.244931E-09  1.354379E-05  1.841147E-05  1.119138E-07  3.837954E-08  4.939281E-08  2.085493E-08
 3.191500E+02  8.398879E-03  1.444913E-06  5.498091E-11  7.313195E-11  8.160284E-11  9.852452E-11  1.380905E-02  7.774620E-06  1.798610E-08  1.431682E-02  3.455717E-05  3.309673E-07  2.119717E-08  5.497718E-05  3.587642E-09  1.338678E-08  1.252441E-09  1.479721E-03  1.249868E-07  3.696569E-09  3.137062E-09  1.328696E-05  1.806223E-05  1.055814E-07  3.615061E-08  4.653900E-08  1.985065E-08
 3.201500E+02  8.387494E-03  1.428089E-06  5.331634E-11  7.093530E-11  7.915600E-11  9.559251E-11  1.376020E-02  7.615120E-06  1.691710E-08  1.428444E-02  3.393989E-05  3.127034E-07  2.060438E-08  5.390434E-05  3.407755E-09  1.274610E-08  1.204449E-09  1.455895E-03  1.193954E-07  3.576586E-09  3.033317E-09  1.303652E-05  1.772168E-05  9.964269E-08  3.406421E-08  4.386686E-08  1.890033E-08
 3.211500E+02  8.375915E-03  1.411510E-06  5.170986E-11  6.881477E-11  7.679381E-11  9.276124E-11  1.371175E-02  7.459962E-06  1.591817E-08  1.425204E-02  3.333670E-05  2.955440E-07  2.003136E-08  5.285836E-05  3.237949E-09  1.213989E-08  1.158560E-09  1.432561E-03  1.140835E-07  3.461095E-09  2.933522E-09  1.279227E-05  1.738957E-05  9.407116E-08  3.211045E-08  4.136383E-08  1.800082E-08
 3.221500E+02  8.364148E-03  1.395173E-06  5.015925E-11  6.676745E-11  7.451305E-11  9.002692E-11  1.366370E-02  7.309001E-06  1.498433E-08  1.421962E-02  3.274723E-05  2.794169E-07  1.947735E-08  5.183845E-05  3.077605E-09  1.156610E-08  1.114672E-09  1.409705E-03  1.090357E-07  3.349912E-09  2.837511E-09  1.255404E-05  1.706564E-05  8.884222E-08  3.028018E-08  3.901828E-08  1.714912E-08
 3.231500E+02  8.352200E-03  1.379075E-06  4.866237E-11  6.479058E-11  7.231065E-11  8.738591E-11  1.361604E-02  7.162101E-06  1.411095E-08  1.418719E-02  3.217112E-05  2.642549E-07  1.894164E-08  5.084386E-05  2.926144E-09  1.102283E-08  1.072688E-09  1.387318E-03  1.042378E-07  3.242858E-09  2.745124E-09  1.232164E-05  1.674967E-05  8.393303E-08  2.856490E-08  3.681945E-08  1.634247E-08
 3.241500E+02  8.340078E-03  1.363212E-06  4.721719E-11  6.288149E-11  7.018365E-11  8.483471E-11  1.356876E-02  7.019129E-06  1.329379E-08  1.415475E-02  3.160802E-05  2.499957E-07  1.842355E-08  4.987384E-05  2.783027E-09  1.050829E-08  1.032515E-09  1.365389E-03  9.967607E-08  3.139763E-09  2.656211E-09  1.209491E-05  1.644140E-05  7.932238E-08  2.695678E-08  3.475736E-08  1.557824E-08
 3.251500E+02  8.327789E-03  1.347582E-06  4.582172E-11  6.103763E-11  6.812921E-11  8.236997E-11  1.352186E-02  6.879957E-06  1.252889E-08  1.412231E-02  3.105759E-05  2.365810E-07  1.792243E-08  4.892769E-05  2.647749E-09  1.002081E-08  9.940687E-10  1.343906E-03  9.533794E-08  3.040465E-09  2.570627E-09  1.187368E-05  1.614062E-05  7.499059E-08  2.544854E-08  3.282277E-08  1.485401E-08
 3.261500E+02  8.315338E-03  1.332182E-06  4.447410E-11  5.925655E-11  6.614460E-11  7.998845E-11  1.347534E-02  6.744464E-06  1.181264E-08  1.408987E-02  3.051949E-05  2.239568E-07  1.743763E-08  4.800472E-05  2.519839E-09  9.558821E-09  9.572652E-10  1.322861E-03  9.121136E-08  2.944810E-09  2.488233E-09  1.165778E-05  1.584712E-05  7.091935E-08  2.403343E-08  3.100709E-08  1.416747E-08
 3.271500E+02  8.302732E-03  1.317008E-06  4.317252E-11  5.753587E-11  6.422721E-11  7.768705E-11  1.342919E-02  6.612530E-06  1.114164E-08  1.405744E-02  2.999340E-05  2.120726E-07  1.696856E-08  4.710426E-05  2.398857E-09  9.120847E-09  9.220270E-10  1.302241E-03  8.728503E-08  2.852647E-09  2.408899E-09  1.144707E-05  1.556066E-05  6.709165E-08  2.270520E-08  2.930237E-08  1.351647E-08
 3.281500E+02  8.289978E-03  1.302057E-06  4.191523E-11  5.587336E-11  6.237453E-11  7.546281E-11  1.338341E-02  6.484044E-06  1.051280E-08  1.402501E-02  2.947902E-05  2.008815E-07  1.651464E-08  4.622566E-05  2.284389E-09  8.705516E-09  8.882800E-10  1.282039E-03  8.354830E-08  2.763837E-09  2.332496E-09  1.124140E-05  1.528107E-05  6.349168E-08  2.145804E-08  2.770125E-08  1.289899E-08
 3.291500E+02  8.277080E-03  1.287326E-06  4.070057E-11  5.426682E-11  6.058413E-11  7.331286E-11  1.333798E-02  6.358894E-06  9.923225E-09  1.399260E-02  2.897602E-05  1.903398E-07  1.607531E-08  4.536830E-05  2.176051E-09  8.311535E-09  8.559541E-10  1.262243E-03  7.999114E-08  2.678243E-09  2.258906E-09  1.104062E-05  1.500813E-05  6.010473E-08  2.028658E-08  2.619685E-08  1.231314E-08
 3.301500E+02  8.264045E-03  1.272812E-06  3.952695E-11  5.271419E-11  5.885371E-11  7.123447E-11  1.329291E-02  6.236976E-06  9.370243E-09  1.396021E-02  2.848412E-05  1.804065E-07  1.565003E-08  4.453158E-05  2.073481E-09  7.937693E-09  8.249826E-10  1.242846E-03  7.660408E-08  2.595735E-09  2.188013E-09  1.084458E-05  1.474166E-05  5.691709E-08  1.918581E-08  2.478283E-08  1.175715E-08
 3.311500E+02  8.250878E-03  1.258511E-06  3.839283E-11  5.121345E-11  5.718105E-11  6.922498E-11  1.324819E-02  6.118189E-06  8.851377E-09  1.392784E-02  2.800304E-05  1.710436E-07  1.523831E-08  4.371491E-05  1.976343E-09  7.582854E-09  7.953025E-10  1.223837E-03  7.337820E-08  2.516190E-09  2.119707E-09  1.065317E-05  1.448147E-05  5.391603E-08  1.815109E-08  2.345326E-08  1.122933E-08
 3.321500E+02  8.237585E-03  1.244422E-06  3.729674E-11  4.976268E-11  5.556399E-11  6.728187E-11  1.320382E-02  6.002434E-06  8.364334E-09  1.389549E-02  2.753249E-05  1.622156E-07  1.483963E-08  4.291772E-05  1.884318E-09  7.245950E-09  7.668537E-10  1.205208E-03  7.030506E-08  2.439489E-09  2.053883E-09  1.046624E-05  1.422738E-05  5.108967E-08  1.717810E-08  2.220265E-08  1.072813E-08
 3.331500E+02  8.224171E-03  1.230540E-06  3.623725E-11  4.836004E-11  5.400050E-11  6.540271E-11  1.315979E-02  5.889618E-06  7.906984E-09  1.386316E-02  2.707220E-05  1.538895E-07  1.445354E-08  4.213946E-05  1.797112E-09  6.925980E-09  7.395792E-10  1.186949E-03  6.737674E-08  2.365518E-09  1.990440E-09  1.028367E-05  1.397923E-05  4.842696E-08  1.626283E-08  2.102589E-08  1.025206E-08
 3.341500E+02  8.210640E-03  1.216863E-06  3.521302E-11  4.700375E-11  5.248860E-11  6.358515E-11  1.311609E-02  5.779649E-06  7.477353E-09  1.383087E-02  2.662192E-05  1.460342E-07  1.407958E-08  4.137961E-05  1.714446E-09  6.622002E-09  7.134252E-10  1.169054E-03  6.458573E-08  2.294170E-09  1.929283E-09  1.010534E-05  1.373685E-05  4.591759E-08  1.540154E-08  1.991823E-08  9.799749E-09
 3.351500E+02  8.196999E-03  1.203387E-06  3.422274E-11  4.569212E-11  5.102640E-11  6.182696E-11  1.307273E-02  5.672440E-06  7.073606E-09  1.379861E-02  2.618138E-05  1.386208E-07  1.371731E-08  4.063765E-05  1.636059E-09  6.333134E-09  6.883401E-10  1.151513E-03  6.192495E-08  2.225340E-09  1.870319E-09  9.931129E-06  1.350006E-05  4.355195E-08  1.459078E-08  1.887523E-08  9.369881E-09
 3.361500E+02  8.183251E-03  1.190111E-06  3.326516E-11  4.442350E-11  4.961209E-11  6.012597E-11  1.302970E-02  5.567907E-06  6.694042E-09  1.376639E-02  2.575034E-05  1.316224E-07  1.336633E-08  3.991308E-05  1.561709E-09  6.058544E-09  6.642752E-10  1.134318E-03  5.938772E-08  2.158929E-09  1.813460E-09  9.760920E-06  1.326873E-05  4.132108E-08  1.382730E-08  1.789279E-08  8.961235E-09
 3.371500E+02  8.169402E-03  1.177029E-06  3.233907E-11  4.319632E-11  4.824391E-11  5.848012E-11  1.298699E-02  5.465968E-06  6.337079E-09  1.373420E-02  2.532855E-05  1.250138E-07  1.302621E-08  3.920541E-05  1.491165E-09  5.797450E-09  6.411842E-10  1.117461E-03  5.696773E-08  2.094841E-09  1.758623E-09  9.594605E-06  1.304269E-05  3.921663E-08  1.310809E-08  1.696706E-08  8.572657E-09
 3.381500E+02  8.155455E-03  1.164141E-06  3.144333E-11  4.200908E-11  4.692018E-11  5.688740E-11  1.294460E-02  5.366545E-06  6.001246E-09  1.370206E-02  2.491579E-05  1.187713E-07  1.269659E-08  3.851419E-05  1.424214E-09  5.549120E-09  6.190230E-10  1.100935E-03  5.465901E-08  2.032986E-09  1.705727E-09  9.432075E-06  1.282180E-05  3.723079E-08  1.243037E-08  1.609447E-08  8.203062E-09
 3.391500E+02  8.141416E-03  1.151442E-06  3.057681E-11  4.086032E-11  4.563930E-11  5.534590E-11  1.290253E-02  5.269561E-06  5.685178E-09  1.366996E-02  2.451182E-05  1.128730E-07  1.237709E-08  3.783895E-05  1.360652E-09  5.312861E-09  5.977498E-10  1.084732E-03  5.245593E-08  1.973277E-09  1.654695E-09  9.273228E-06  1.260592E-05  3.535629E-08  1.179151E-08  1.527170E-08  7.851428E-09
 3.401500E+02  8.127289E-03  1.138930E-06  2.973847E-11  3.974865E-11  4.439972E-11  5.385379E-11  1.286077E-02  5.174945E-06  5.387603E-09  1.363791E-02  2.411643E-05  1.072982E-07  1.206736E-08  3.717927E-05  1.300291E-09  5.088024E-09  5.773248E-10  1.068845E-03  5.035318E-08  1.915630E-09  1.605454E-09  9.117963E-06  1.239492E-05  3.358631E-08  1.118909E-08  1.449563E-08  7.516795E-09
 3.411500E+02  8.113078E-03  1.126603E-06  2.892726E-11  3.867274E-11  4.319994E-11  5.240929E-11  1.281931E-02  5.082624E-06  5.107338E-09  1.360591E-02  2.372939E-05  1.020276E-07  1.176705E-08  3.653470E-05  1.242953E-09  4.873997E-09  5.577101E-10  1.053266E-03  4.834570E-08  1.859964E-09  1.557932E-09  8.966181E-06  1.218865E-05  3.191452E-08  1.062083E-08  1.376337E-08  7.198255E-09
 3.421500E+02  8.098787E-03  1.114456E-06  2.814221E-11  3.763128E-11  4.203854E-11  5.101070E-11  1.277816E-02  4.992532E-06  4.843282E-09  1.357396E-02  2.335051E-05  9.704318E-08  1.147583E-08  3.590485E-05  1.188471E-09  4.670203E-09  5.388697E-10  1.037989E-03  4.642874E-08  1.806205E-09  1.512064E-09  8.817788E-06  1.198699E-05  3.033496E-08  1.008462E-08  1.307222E-08  6.894955E-09
 3.431500E+02  8.084419E-03  1.102488E-06  2.738238E-11  3.662306E-11  4.091414E-11  4.965639E-11  1.273731E-02  4.904602E-06  4.594410E-09  1.354206E-02  2.297958E-05  9.232805E-08  1.119340E-08  3.528932E-05  1.136687E-09  4.476100E-09  5.207693E-10  1.023007E-03  4.459780E-08  1.754278E-09  1.467784E-09  8.672694E-06  1.178981E-05  2.884210E-08  9.578485E-09  1.241965E-08  6.606091E-09
 3.441500E+02  8.069979E-03  1.090696E-06  2.664686E-11  3.564688E-11  3.982543E-11  4.834479E-11  1.269676E-02  4.818771E-06  4.359766E-09  1.351022E-02  2.261639E-05  8.786636E-08  1.091944E-08  3.468770E-05  1.087455E-09  4.291176E-09  5.033765E-10  1.008314E-03  4.284862E-08  1.704113E-09  1.425030E-09  8.530809E-06  1.159701E-05  2.743073E-08  9.100581E-09  1.180331E-08  6.330904E-09
 3.451500E+02  8.055471E-03  1.079076E-06  2.593477E-11  3.470159E-11  3.877112E-11  4.707437E-11  1.265650E-02  4.734978E-06  4.138460E-09  1.347843E-02  2.226077E-05  8.364329E-08  1.065366E-08  3.409964E-05  1.040634E-09  4.114951E-09  4.866601E-10  9.939021E-04  4.117717E-08  1.655643E-09  1.383744E-09  8.392047E-06  1.140844E-05  2.609602E-08  8.649186E-09  1.122101E-08  6.068680E-09
 3.461500E+02  8.040897E-03  1.067627E-06  2.524528E-11  3.378611E-11  3.775000E-11  4.584370E-11  1.261653E-02  4.653163E-06  3.929663E-09  1.344671E-02  2.191252E-05  7.964495E-08  1.039579E-08  3.352476E-05  9.960946E-10  3.946968E-09  4.705906E-10  9.797659E-04  3.957964E-08  1.608803E-09  1.343868E-09  8.256326E-06  1.122402E-05  2.483340E-08  8.222693E-09  1.067067E-08  5.818744E-09
 3.471500E+02  8.026263E-03  1.056345E-06  2.457758E-11  3.289936E-11  3.676089E-11  4.465137E-11  1.257685E-02  4.573270E-06  3.732600E-09  1.341505E-02  2.157146E-05  7.585831E-08  1.014555E-08  3.296272E-05  9.537136E-10  3.786801E-09  4.551400E-10  9.658990E-04  3.805240E-08  1.563532E-09  1.305349E-09  8.123564E-06  1.104361E-05  2.363864E-08  7.819599E-09  1.015040E-08  5.580459E-09
 3.481500E+02  8.011570E-03  1.045228E-06  2.393089E-11  3.204035E-11  3.580267E-11  4.349604E-11  1.253744E-02  4.495243E-06  3.546548E-09  1.338345E-02  2.123742E-05  7.227115E-08  9.902679E-09  3.241317E-05  9.133753E-10  3.634045E-09  4.402814E-10  9.522954E-04  3.659205E-08  1.519770E-09  1.268134E-09  7.993684E-06  1.086713E-05  2.250774E-08  7.438500E-09  9.658373E-09  5.353226E-09
 3.491500E+02  7.996822E-03  1.034273E-06  2.330448E-11  3.120808E-11  3.487424E-11  4.237642E-11  1.249832E-02  4.419028E-06  3.370835E-09  1.335192E-02  2.091022E-05  6.887204E-08  9.666934E-09  3.187578E-05  8.749707E-10  3.488319E-09  4.259894E-10  9.389493E-04  3.519534E-08  1.477461E-09  1.232174E-09  7.866609E-06  1.069446E-05  2.143698E-08  7.078083E-09  9.192926E-09  5.136477E-09
 3.501500E+02  7.982023E-03  1.023479E-06  2.269762E-11  3.040163E-11  3.397457E-11  4.129125E-11  1.245947E-02  4.344574E-06  3.204829E-09  1.332046E-02  2.058969E-05  6.565022E-08  9.438072E-09  3.135023E-05  8.383972E-10  3.349263E-09  4.122396E-10  9.258550E-04  3.385921E-08  1.436550E-09  1.197421E-09  7.742266E-06  1.052550E-05  2.042286E-08  6.737118E-09  8.752485E-09  4.929678E-09
 3.511500E+02  7.967175E-03  1.012841E-06  2.210963E-11  2.962009E-11  3.310265E-11  4.023935E-11  1.242090E-02  4.271831E-06  3.047944E-09  1.328907E-02  2.027569E-05  6.259562E-08  9.215861E-09  3.083621E-05  8.035581E-10  3.216538E-09  3.990090E-10  9.130068E-04  3.258074E-08  1.396985E-09  1.163829E-09  7.620584E-06  1.036017E-05  1.946212E-08  6.414457E-09  8.335575E-09  4.732323E-09
 3.521500E+02  7.952282E-03  1.002358E-06  2.153985E-11  2.886259E-11  3.225752E-11  3.921956E-11  1.238259E-02  4.200752E-06  2.899629E-09  1.325774E-02  1.996804E-05  5.969875E-08  9.000079E-09  3.033341E-05  7.703622E-10  3.089823E-09  3.862754E-10  9.003994E-04  3.135719E-08  1.358716E-09  1.131354E-09  7.501494E-06  1.019835E-05  1.855167E-08  6.109023E-09  7.940821E-09  4.543935E-09
 3.531500E+02  7.937346E-03  9.920271E-07  2.098764E-11  2.812830E-11  3.143824E-11  3.823078E-11  1.234455E-02  4.131288E-06  2.759372E-09  1.322649E-02  1.966660E-05  5.695075E-08  8.790511E-09  2.984155E-05  7.387236E-10  2.968815E-09  3.740179E-10  8.880274E-04  3.018594E-08  1.321695E-09  1.099955E-09  7.384929E-06  1.003997E-05  1.768863E-08  5.819808E-09  7.566931E-09  4.364063E-09
 3.541500E+02  7.922370E-03  9.818461E-07  2.045238E-11  2.741641E-11  3.064392E-11  3.727194E-11  1.230677E-02  4.063396E-06  2.626692E-09  1.319531E-02  1.937121E-05  5.434325E-08  8.586950E-09  2.936033E-05  7.085614E-10  2.853228E-09  3.622164E-10  8.758856E-04  2.906451E-08  1.285875E-09  1.069592E-09  7.270823E-06  9.884931E-06  1.687032E-08  5.545869E-09  7.212697E-09  4.192280E-09
 3.551500E+02  7.907358E-03  9.718125E-07  1.993349E-11  2.672615E-11  2.987370E-11  3.634201E-11  1.226925E-02  3.997031E-06  2.501139E-09  1.316421E-02  1.908173E-05  5.186842E-08  8.389198E-09  2.888948E-05  6.797991E-10  2.742791E-09  3.508517E-10  8.639690E-04  2.799055E-08  1.251214E-09  1.040225E-09  7.159113E-06  9.733150E-06  1.609418E-08  5.286321E-09  6.876985E-09  4.028183E-09
 3.561500E+02  7.892311E-03  9.619238E-07  1.943041E-11  2.605678E-11  2.912675E-11  3.544000E-11  1.223198E-02  3.932151E-06  2.382294E-09  1.313318E-02  1.879803E-05  4.951888E-08  8.197063E-09  2.842873E-05  6.523647E-10  2.637249E-09  3.399056E-10  8.522727E-04  2.696183E-08  1.217667E-09  1.011817E-09  7.049739E-06  9.584544E-06  1.535784E-08  5.040336E-09  6.558732E-09  3.871390E-09
 3.571500E+02  7.877233E-03  9.521778E-07  1.894258E-11  2.540757E-11  2.840228E-11  3.456497E-11  1.219497E-02  3.868715E-06  2.269763E-09  1.310223E-02  1.851995E-05  4.728771E-08  8.010361E-09  2.797783E-05  6.261900E-10  2.536360E-09  3.293608E-10  8.407918E-04  2.597625E-08  1.185195E-09  9.843335E-10  6.942641E-06  9.439031E-06  1.465907E-08  4.807135E-09  6.256942E-09  3.721543E-09
 3.581500E+02  7.862125E-03  9.425722E-07  1.846948E-11  2.477785E-11  2.769951E-11  3.371600E-11  1.215821E-02  3.806685E-06  2.163178E-09  1.307136E-02  1.824738E-05  4.516839E-08  7.828914E-09  2.753651E-05  6.012110E-10  2.439894E-09  3.192005E-10  8.295216E-04  2.503179E-08  1.153759E-09  9.577401E-10  6.837762E-06  9.296533E-06  1.399577E-08  4.585991E-09  5.970681E-09  3.578298E-09
 3.591500E+02  7.846991E-03  9.331047E-07  1.801061E-11  2.416694E-11  2.701772E-11  3.289221E-11  1.212170E-02  3.746021E-06  2.062193E-09  1.304057E-02  1.798017E-05  4.315480E-08  7.652552E-09  2.710454E-05  5.773668E-10  2.347637E-09  3.094091E-10  8.184576E-04  2.412654E-08  1.123320E-09  9.320039E-10  6.735044E-06  9.156974E-06  1.336596E-08  4.376218E-09  5.699070E-09  3.441333E-09
 3.601500E+02  7.831832E-03  9.237731E-07  1.756548E-11  2.357421E-11  2.635618E-11  3.209275E-11  1.208543E-02  3.686686E-06  1.966486E-09  1.300987E-02  1.771821E-05  4.124115E-08  7.481108E-09  2.668168E-05  5.546003E-10  2.259382E-09  2.999713E-10  8.075952E-04  2.325871E-08  1.093844E-09  9.070937E-10  6.634435E-06  9.020281E-06  1.276779E-08  4.177175E-09  5.441288E-09  3.310343E-09
 3.611500E+02  7.816652E-03  9.145751E-07  1.713363E-11  2.299904E-11  2.571422E-11  3.131680E-11  1.204940E-02  3.628646E-06  1.875752E-09  1.297924E-02  1.746136E-05  3.942204E-08  7.314425E-09  2.626769E-05  5.328573E-10  2.174936E-09  2.908727E-10  7.969302E-04  2.242656E-08  1.065295E-09  8.829794E-10  6.535881E-06  8.886380E-06  1.219952E-08  3.988260E-09  5.196559E-09  3.185038E-09
 3.621500E+02  7.801451E-03  9.055086E-07  1.671460E-11  2.244085E-11  2.509118E-11  3.056358E-11  1.201362E-02  3.571864E-06  1.789709E-09  1.294870E-02  1.720952E-05  3.769234E-08  7.152349E-09  2.586236E-05  5.120867E-10  2.094116E-09  2.820996E-10  7.864582E-04  2.162848E-08  1.037640E-09  8.596321E-10  6.439331E-06  8.755203E-06  1.165950E-08  3.808907E-09  4.964158E-09  3.065144E-09
 3.631500E+02  7.786233E-03  8.965715E-07  1.630796E-11  2.189906E-11  2.448642E-11  2.983232E-11  1.197807E-02  3.516307E-06  1.708088E-09  1.291824E-02  1.696256E-05  3.604726E-08  6.994732E-09  2.546546E-05  4.922400E-10  2.016747E-09  2.736387E-10  7.761751E-04  2.086290E-08  1.010848E-09  8.370240E-10  6.344735E-06  8.626683E-06  1.114621E-08  3.638583E-09  4.743402E-09  2.950401E-09
 3.641500E+02  7.770999E-03  8.877617E-07  1.591330E-11  2.137312E-11  2.389933E-11  2.912231E-11  1.194275E-02  3.461944E-06  1.630641E-09  1.288786E-02  1.672037E-05  3.448226E-08  6.841432E-09  2.507678E-05  4.732717E-10  1.942666E-09  2.654775E-10  7.660768E-04  2.012836E-08  9.848875E-10  8.151286E-10  6.252045E-06  8.500752E-06  1.065818E-08  3.476790E-09  4.533650E-09  2.840564E-09
 3.651500E+02  7.755751E-03  8.790771E-07  1.553021E-11  2.086250E-11  2.332932E-11  2.843283E-11  1.190766E-02  3.408741E-06  1.557132E-09  1.285758E-02  1.648283E-05  3.299306E-08  6.692313E-09  2.469611E-05  4.551383E-10  1.871715E-09  2.576039E-10  7.561594E-04  1.942346E-08  9.597293E-10  7.939203E-10  6.161215E-06  8.377348E-06  1.019406E-08  3.323057E-09  4.334299E-09  2.735399E-09
 3.661500E+02  7.740492E-03  8.705157E-07  1.515830E-11  2.036670E-11  2.277583E-11  2.776320E-11  1.187280E-02  3.356669E-06  1.487341E-09  1.282737E-02  1.624985E-05  3.157566E-08  6.547240E-09  2.432327E-05  4.377990E-10  1.803746E-09  2.500065E-10  7.464190E-04  1.874686E-08  9.353451E-10  7.733745E-10  6.072198E-06  8.256409E-06  9.752551E-09  3.176943E-09  4.144780E-09  2.634684E-09
 3.671500E+02  7.725223E-03  8.620754E-07  1.479721E-11  1.988523E-11  2.223830E-11  2.711278E-11  1.183817E-02  3.305698E-06  1.421060E-09  1.279726E-02  1.602132E-05  3.022626E-08  6.406088E-09  2.395804E-05  4.212151E-10  1.738621E-09  2.426742E-10  7.368518E-04  1.809730E-08  9.117079E-10  7.534676E-10  5.984951E-06  8.137874E-06  9.332451E-09  3.038034E-09  3.964561E-09  2.538211E-09
 3.681500E+02  7.709947E-03  8.537543E-07  1.444657E-11  1.941760E-11  2.171622E-11  2.648094E-11  1.180376E-02  3.255799E-06  1.358096E-09  1.276724E-02  1.579713E-05  2.894127E-08  6.268732E-09  2.360026E-05  4.053499E-10  1.676205E-09  2.355967E-10  7.274542E-04  1.747357E-08  8.887915E-10  7.341771E-10  5.899430E-06  8.021684E-06  8.932618E-09  2.905937E-09  3.793138E-09  2.445781E-09
 3.691500E+02  7.694664E-03  8.455505E-07  1.410604E-11  1.896337E-11  2.120908E-11  2.586706E-11  1.176957E-02  3.206945E-06  1.298266E-09  1.273730E-02  1.557719E-05  2.771734E-08  6.135055E-09  2.324972E-05  3.901687E-10  1.616372E-09  2.287638E-10  7.182225E-04  1.687453E-08  8.665707E-10  7.154811E-10  5.815593E-06  7.907784E-06  8.551977E-09  2.780286E-09  3.630040E-09  2.357204E-09
 3.701500E+02  7.679377E-03  8.374620E-07  1.377528E-11  1.852210E-11  2.071638E-11  2.527056E-11  1.173560E-02  3.159107E-06  1.241397E-09  1.270745E-02  1.536139E-05  2.655128E-08  6.004940E-09  2.290626E-05  3.756386E-10  1.559003E-09  2.221659E-10  7.091532E-04  1.629910E-08  8.450215E-10  6.973587E-10  5.733401E-06  7.796118E-06  8.189517E-09  2.660734E-09  3.474821E-09  2.272302E-09
 3.711500E+02  7.664087E-03  8.294871E-07  1.345398E-11  1.809337E-11  2.023766E-11  2.469089E-11  1.170185E-02  3.112262E-06  1.187329E-09  1.267770E-02  1.514965E-05  2.544008E-08  5.878279E-09  2.256970E-05  3.617285E-10  1.503983E-09  2.157939E-10  7.002430E-04  1.574622E-08  8.241206E-10  6.797899E-10  5.652813E-06  7.686631E-06  7.844282E-09  2.546955E-09  3.327062E-09  2.190905E-09
 3.721500E+02  7.648796E-03  8.216237E-07  1.314182E-11  1.767676E-11  1.977246E-11  2.412749E-11  1.166831E-02  3.066382E-06  1.135909E-09  1.264803E-02  1.494187E-05  2.438092E-08  5.754963E-09  2.223988E-05  3.484089E-10  1.451206E-09  2.096390E-10  6.914884E-04  1.521492E-08  8.038458E-10  6.627553E-10  5.573791E-06  7.579273E-06  7.515373E-09  2.438642E-09  3.186368E-09  2.112851E-09
 3.731500E+02  7.633505E-03  8.138702E-07  1.283851E-11  1.727188E-11  1.932034E-11  2.357984E-11  1.163498E-02  3.021443E-06  1.086994E-09  1.261846E-02  1.473797E-05  2.337113E-08  5.634890E-09  2.191662E-05  3.356518E-10  1.400569E-09  2.036927E-10  6.828862E-04  1.470425E-08  7.841755E-10  6.462363E-10  5.496298E-06  7.473991E-06  7.201940E-09  2.335506E-09  3.052366E-09  2.037988E-09
 3.741500E+02  7.618217E-03  8.062247E-07  1.254376E-11  1.687836E-11  1.888089E-11  2.304744E-11  1.160187E-02  2.977421E-06  1.040449E-09  1.258898E-02  1.453785E-05  2.240817E-08  5.517961E-09  2.159978E-05  3.234307E-10  1.351974E-09  1.979471E-10  6.744332E-04  1.421333E-08  7.650892E-10  6.302152E-10  5.420297E-06  7.370738E-06  6.903182E-09  2.237275E-09  2.924706E-09  1.966170E-09
 3.751500E+02  7.602932E-03  7.986855E-07  1.225730E-11  1.649583E-11  1.845369E-11  2.252980E-11  1.156895E-02  2.934294E-06  9.961485E-10  1.255959E-02  1.434143E-05  2.148966E-08  5.404079E-09  2.128920E-05  3.117204E-10  1.305329E-09  1.923944E-10  6.661263E-04  1.374129E-08  7.465669E-10  6.146747E-10  5.345754E-06  7.269464E-06  6.618342E-09  2.143691E-09  2.803056E-09  1.897259E-09
 3.761500E+02  7.587652E-03  7.912508E-07  1.197884E-11  1.612393E-11  1.803836E-11  2.202644E-11  1.153625E-02  2.892038E-06  9.539722E-10  1.253030E-02  1.414864E-05  2.061334E-08  5.293152E-09  2.098472E-05  3.004972E-10  1.260547E-09  1.870272E-10  6.579625E-04  1.328733E-08  7.285895E-10  5.995983E-10  5.272635E-06  7.170124E-06  6.346708E-09  2.054511E-09  2.687104E-09  1.831123E-09
 3.771500E+02  7.572378E-03  7.839190E-07  1.170815E-11  1.576233E-11  1.763451E-11  2.153693E-11  1.150374E-02  2.850633E-06  9.138078E-10  1.250109E-02  1.395938E-05  1.977709E-08  5.185091E-09  2.068620E-05  2.897383E-10  1.217543E-09  1.818385E-10  6.499387E-04  1.285067E-08  7.111387E-10  5.849702E-10  5.200904E-06  7.072672E-06  6.087604E-09  1.969508E-09  2.576556E-09  1.767637E-09
 3.781500E+02  7.557112E-03  7.766883E-07  1.144496E-11  1.541070E-11  1.724178E-11  2.106081E-11  1.147144E-02  2.810056E-06  8.755494E-10  1.247198E-02  1.377358E-05  1.897890E-08  5.079808E-09  2.039351E-05  2.794223E-10  1.176238E-09  1.768216E-10  6.420522E-04  1.243057E-08  6.941968E-10  5.707750E-10  5.130531E-06  6.977064E-06  5.840394E-09  1.888466E-09  2.471134E-09  1.706684E-09
 3.791500E+02  7.541855E-03  7.695572E-07  1.118905E-11  1.506873E-11  1.685981E-11  2.059767E-11  1.143933E-02  2.770287E-06  8.390970E-10  1.244297E-02  1.359116E-05  1.821685E-08  4.977220E-09  2.010650E-05  2.695288E-10  1.136558E-09  1.719699E-10  6.342999E-04  1.202634E-08  6.777466E-10  5.569982E-10  5.061484E-06  6.883257E-06  5.604477E-09  1.811180E-09  2.370575E-09  1.648149E-09
 3.801500E+02  7.526608E-03  7.625240E-07  1.094017E-11  1.473610E-11  1.648827E-11  2.014709E-11  1.140742E-02  2.731306E-06  8.043566E-10  1.241405E-02  1.341205E-05  1.748915E-08  4.877247E-09  1.982503E-05  2.600385E-10  1.098430E-09  1.672772E-10  6.266793E-04  1.163729E-08  6.617719E-10  5.436255E-10  4.993732E-06  6.791209E-06  5.379284E-09  1.737458E-09  2.274632E-09  1.591926E-09
 3.811500E+02  7.511373E-03  7.555872E-07  1.069811E-11  1.441252E-11  1.612683E-11  1.970869E-11  1.137571E-02  2.693095E-06  7.712392E-10  1.238523E-02  1.323618E-05  1.679410E-08  4.779810E-09  1.954899E-05  2.509329E-10  1.061786E-09  1.627376E-10  6.191876E-04  1.126280E-08  6.462568E-10  5.306433E-10  4.927245E-06  6.700880E-06  5.164277E-09  1.667120E-09  2.183071E-09  1.537913E-09
 3.821500E+02  7.496149E-03  7.487451E-07  1.046265E-11  1.409772E-11  1.577518E-11  1.928209E-11  1.134419E-02  2.655633E-06  7.396610E-10  1.235650E-02  1.306348E-05  1.613008E-08  4.684834E-09  1.927823E-05  2.421947E-10  1.026561E-09  1.583454E-10  6.118221E-04  1.090225E-08  6.311860E-10  5.180385E-10  4.861994E-06  6.612230E-06  4.958948E-09  1.599994E-09  2.095670E-09  1.486012E-09
 3.831500E+02  7.480940E-03  7.419963E-07  1.023358E-11  1.379141E-11  1.543300E-11  1.886692E-11  1.131285E-02  2.618903E-06  7.095430E-10  1.232786E-02  1.289387E-05  1.549557E-08  4.592247E-09  1.901264E-05  2.338072E-10  9.926931E-10  1.540952E-10  6.045803E-04  1.055506E-08  6.165451E-10  5.057986E-10  4.797951E-06  6.525221E-06  4.762817E-09  1.535917E-09  2.012220E-09  1.436131E-09
 3.841500E+02  7.465746E-03  7.353392E-07  1.001071E-11  1.349333E-11  1.510000E-11  1.846282E-11  1.128171E-02  2.582888E-06  6.808104E-10  1.229933E-02  1.272728E-05  1.488912E-08  4.501978E-09  1.875210E-05  2.257547E-10  9.601238E-10  1.499816E-10  5.974596E-04  1.022067E-08  6.023197E-10  4.939114E-10  4.735089E-06  6.439815E-06  4.575430E-09  1.474737E-09  1.932525E-09  1.388182E-09
 3.851500E+02  7.450567E-03  7.287724E-07  9.793832E-12  1.320323E-11  1.477591E-11  1.806946E-11  1.125075E-02  2.547569E-06  6.533929E-10  1.227088E-02  1.256367E-05  1.430937E-08  4.413959E-09  1.849649E-05  2.180221E-10  9.287968E-10  1.459997E-10  5.904577E-04  9.898561E-09  5.884964E-10  4.823651E-10  4.673380E-06  6.355976E-06  4.396355E-09  1.416308E-09  1.856397E-09  1.342081E-09
 3.861500E+02  7.435405E-03  7.222943E-07  9.582772E-12  1.292085E-11  1.446043E-11  1.768650E-11  1.121998E-02  2.512930E-06  6.272236E-10  1.224254E-02  1.240295E-05  1.375503E-08  4.328124E-09  1.824569E-05  2.105953E-10  8.986589E-10  1.421446E-10  5.835720E-04  9.588221E-09  5.750621E-10  4.711486E-10  4.612798E-06  6.273669E-06  4.225187E-09  1.360495E-09  1.783660E-09  1.297749E-09
 3.871500E+02  7.420261E-03  7.159037E-07  9.377345E-12  1.264597E-11  1.415331E-11  1.731363E-11  1.118939E-02  2.478955E-06  6.022399E-10  1.221429E-02  1.224507E-05  1.322486E-08  4.244409E-09  1.799960E-05  2.034607E-10  8.696593E-10  1.384118E-10  5.768003E-04  9.289168E-09  5.620041E-10  4.602510E-10  4.553319E-06  6.192858E-06  4.061538E-09  1.307168E-09  1.714146E-09  1.255109E-09
 3.881500E+02  7.405136E-03  7.095990E-07  9.177377E-12  1.237835E-11  1.385430E-11  1.695054E-11  1.115898E-02  2.445628E-06  5.783821E-10  1.218614E-02  1.208996E-05  1.271770E-08  4.162753E-09  1.775811E-05  1.966054E-10  8.417494E-10  1.347967E-10  5.701402E-04  9.000942E-09  5.493102E-10  4.496618E-10  4.494916E-06  6.113512E-06  3.905046E-09  1.256203E-09  1.647698E-09  1.214089E-09
 3.891500E+02  7.390030E-03  7.033788E-07  8.982702E-12  1.211776E-11  1.356314E-11  1.659694E-11  1.112875E-02  2.412934E-06  5.555942E-10  1.215808E-02  1.193757E-05  1.223246E-08  4.083097E-09  1.752111E-05  1.900170E-10  8.148831E-10  1.312952E-10  5.635896E-04  8.723102E-09  5.369688E-10  4.393710E-10  4.437568E-06  6.035595E-06  3.755363E-09  1.207486E-09  1.584165E-09  1.174620E-09
 3.901500E+02  7.374945E-03  6.972419E-07  8.793156E-12  1.186400E-11  1.327959E-11  1.625252E-11  1.109870E-02  2.380858E-06  5.338229E-10  1.213012E-02  1.178784E-05  1.176808E-08  4.005383E-09  1.728851E-05  1.836841E-10  7.890165E-10  1.279031E-10  5.571462E-04  8.455228E-09  5.249685E-10  4.293690E-10  4.381249E-06  5.959078E-06  3.612162E-09  1.160906E-09  1.523407E-09  1.136636E-09
 3.911500E+02  7.359882E-03  6.911869E-07  8.608583E-12  1.161686E-11  1.300343E-11  1.591703E-11  1.106882E-02  2.349384E-06  5.130181E-10  1.210226E-02  1.164071E-05  1.132359E-08  3.929555E-09  1.706019E-05  1.775954E-10  7.641076E-10  1.246166E-10  5.508079E-04  8.196918E-09  5.132985E-10  4.196462E-10  4.325937E-06  5.883929E-06  3.475133E-09  1.116361E-09  1.465288E-09  1.100074E-09
 3.921500E+02  7.344841E-03  6.852125E-07  8.428832E-12  1.137614E-11  1.273443E-11  1.559018E-11  1.103912E-02  2.318500E-06  4.931321E-10  1.207449E-02  1.149613E-05  1.089803E-08  3.855559E-09  1.683607E-05  1.717404E-10  7.401164E-10  1.214318E-10  5.445726E-04  7.947788E-09  5.019482E-10  4.101938E-10  4.271610E-06  5.810117E-06  3.343983E-09  1.073750E-09  1.409683E-09  1.064876E-09
 3.931500E+02  7.329823E-03  6.793173E-07  8.253757E-12  1.114164E-11  1.247238E-11  1.527173E-11  1.100959E-02  2.288192E-06  4.741200E-10  1.204682E-02  1.135404E-05  1.049052E-08  3.783344E-09  1.661605E-05  1.661090E-10  7.170047E-10  1.183452E-10  5.384382E-04  7.707472E-09  4.909075E-10  4.010031E-10  4.218246E-06  5.737613E-06  3.218431E-09  1.032982E-09  1.356470E-09  1.030982E-09
 3.941500E+02  7.314829E-03  6.735002E-07  8.083217E-12  1.091318E-11  1.221707E-11  1.496141E-11  1.098023E-02  2.258445E-06  4.559392E-10  1.201925E-02  1.121439E-05  1.010021E-08  3.712859E-09  1.640003E-05  1.606916E-10  6.947361E-10  1.153533E-10  5.324028E-04  7.475618E-09  4.801666E-10  3.920656E-10  4.165824E-06  5.666389E-06  3.098213E-09  9.939684E-10  1.305535E-09  9.983402E-10
 3.951500E+02  7.299859E-03  6.677598E-07  7.917075E-12  1.069058E-11  1.196829E-11  1.465900E-11  1.095103E-02  2.229247E-06  4.385494E-10  1.199178E-02  1.107714E-05  9.726302E-09  3.644055E-09  1.618794E-05  1.554790E-10  6.732759E-10  1.124527E-10  5.264645E-04  7.251891E-09  4.697161E-10  3.833734E-10  4.114324E-06  5.596416E-06  2.983079E-09  9.566250E-10  1.256770E-09  9.668975E-10
 3.961500E+02  7.284915E-03  6.620950E-07  7.755200E-12  1.047365E-11  1.172585E-11  1.436425E-11  1.092201E-02  2.200586E-06  4.219124E-10  1.196440E-02  1.094222E-05  9.368035E-09  3.576884E-09  1.597968E-05  1.504626E-10  6.525910E-10  1.096402E-10  5.206212E-04  7.035970E-09  4.595469E-10  3.749186E-10  4.063725E-06  5.527668E-06  2.872791E-09  9.208727E-10  1.210073E-09  9.366046E-10
 3.971500E+02  7.269997E-03  6.565045E-07  7.597464E-12  1.026224E-11  1.148957E-11  1.407694E-11  1.089315E-02  2.172449E-06  4.059921E-10  1.193712E-02  1.080959E-05  9.024685E-09  3.511301E-09  1.577516E-05  1.456341E-10  6.326497E-10  1.069129E-10  5.148712E-04  6.827549E-09  4.496502E-10  3.666937E-10  4.014008E-06  5.460118E-06  2.767122E-09  8.866364E-10  1.165347E-09  9.074142E-10
 3.981500E+02  7.255106E-03  6.509872E-07  7.443744E-12  1.005619E-11  1.125926E-11  1.379685E-11  1.086445E-02  2.144825E-06  3.907541E-10  1.190994E-02  1.067921E-05  8.695564E-09  3.447263E-09  1.557431E-05  1.409856E-10  6.134218E-10  1.042676E-10  5.092126E-04  6.626334E-09  4.400176E-10  3.586915E-10  3.965154E-06  5.393740E-06  2.665859E-09  8.538449E-10  1.122498E-09  8.792812E-10
 3.991500E+02  7.240242E-03  6.455420E-07  7.293922E-12  9.855322E-12  1.103475E-11  1.352377E-11  1.083592E-02  2.117701E-06  3.761661E-10  1.188285E-02  1.055103E-05  8.380022E-09  3.384725E-09  1.537704E-05  1.365094E-10  5.948784E-10  1.017016E-10  5.036437E-04  6.432045E-09  4.306409E-10  3.509050E-10  3.917145E-06  5.328508E-06  2.568798E-09  8.224303E-10  1.081440E-09  8.521624E-10
