#         T/K            c1          c2-1          c3-4          c3-5          c3-7          c3-9            m1          m2-1          m3-1            w1            w2          w3-1          w3-2          c1m1        c1m2-1        c1m2-7        c2m1-1        c1w1-2        c1w2-1        c2w1-1        c2w1-9        m1w1-1        m1w1-4        m1w2-1        m2w1-1        m2w1-3      c1m1w1-1
 2.731500E+02  1.271257E-02  5.592610E-06  8.685432E-10  1.139984E-09  1.268323E-09  1.512317E-09  2.905430E-02  7.424344E-05  2.730259E-06  1.711327E-03  1.050932E-06  8.752242E-09  1.228033E-10  4.041215E-04  2.617241E-07  8.587997E-07  3.822738E-08  5.486919E-04  2.469286E-08  4.938883E-09  4.336862E-09  7.024510E-06  9.562252E-06  4.897722E-08  3.010748E-07  3.813152E-07  7.714477E-08
 2.741500E+02  1.267891E-02  5.485064E-06  8.278290E-10  1.086914E-09  1.209368E-09  1.442476E-09  2.894889E-02  7.223440E-05  2.513261E-06  1.713469E-03  1.033023E-06  8.189153E-09  1.193678E-10  3.928557E-04  2.435853E-07  8.018696E-07  3.609907E-08  5.376294E-04  2.331469E-08  4.718022E-09  4.139349E-09  6.872930E-06  9.355316E-06  4.560154E-08  2.787846E-07  3.532250E-07  7.227584E-08
 2.751500E+02  1.264518E-02  5.380217E-06  7.892859E-10  1.036656E-09  1.153534E-09  1.376310E-09  2.884414E-02  7.029370E-05  2.314923E-06  1.715439E-03  1.015383E-06  7.664174E-09  1.160265E-10  3.819786E-04  2.268230E-07  7.490902E-07  3.410334E-08  5.268221E-04  2.201917E-08  4.508167E-09  3.951846E-09  6.725144E-06  9.153591E-06  4.247395E-08  2.582700E-07  3.273623E-07  6.774100E-08
 2.761500E+02  1.261139E-02  5.277990E-06  7.527859E-10  9.890464E-10  1.100637E-09  1.313606E-09  2.874006E-02  6.841862E-05  2.133528E-06  1.717241E-03  9.980146E-07  7.174629E-09  1.127775E-10  3.714747E-04  2.113241E-07  7.001338E-07  3.223115E-08  5.162644E-04  2.080105E-08  4.308724E-09  3.773803E-09  6.581056E-06  8.956940E-06  3.957524E-08  2.393805E-07  3.035390E-07  6.351569E-08
 2.771500E+02  1.257756E-02  5.178309E-06  7.182094E-10  9.439306E-10  1.050508E-09  1.254164E-09  2.863664E-02  6.660659E-05  1.967526E-06  1.718879E-03  9.809161E-07  6.718036E-09  1.096187E-10  3.613292E-04  1.969860E-07  6.547004E-07  3.047410E-08  5.059508E-04  1.965547E-08  4.119133E-09  3.604705E-09  6.440570E-06  8.765232E-06  3.688773E-08  2.219789E-07  2.815837E-07  5.957726E-08
 2.781500E+02  1.254367E-02  5.081100E-06  6.854442E-10  9.011639E-10  1.002985E-09  1.197795E-09  2.853388E-02  6.485511E-05  1.815517E-06  1.720358E-03  9.640878E-07  6.292091E-09  1.065482E-10  3.515280E-04  1.837146E-07  6.125149E-07  2.882445E-08  4.958756E-04  1.857785E-08  3.938869E-09  3.444064E-09  6.303594E-06  8.578339E-06  3.439519E-08  2.059404E-07  2.613404E-07  5.590483E-08
 2.791500E+02  1.250976E-02  4.986293E-06  6.543852E-10  8.606110E-10  9.579188E-10  1.144324E-09  2.843178E-02  6.316182E-05  1.676236E-06  1.721681E-03  9.475291E-07  5.894656E-09  1.035641E-10  3.420574E-04  1.714242E-07  5.733257E-07  2.727498E-08  4.860334E-04  1.756394E-08  3.767432E-09  3.291422E-09  6.170036E-06  8.396133E-06  3.208268E-08  1.911511E-07  2.426667E-07  5.247911E-08
 2.801500E+02  1.247582E-02  4.893817E-06  6.249342E-10  8.221448E-10  9.151685E-10  1.093585E-09  2.833034E-02  6.152444E-05  1.548541E-06  1.722853E-03  9.312391E-07  5.523744E-09  1.006644E-10  3.329046E-04  1.600363E-07  5.369017E-07  2.581903E-08  4.764190E-04  1.660975E-08  3.604354E-09  3.146346E-09  6.039808E-06  8.218494E-06  2.993647E-08  1.775073E-07  2.254327E-07  4.928232E-08
 2.811500E+02  1.244186E-02  4.803608E-06  5.969988E-10  7.856464E-10  8.746021E-10  1.045423E-09  2.822956E-02  5.994082E-05  1.431397E-06  1.723877E-03  9.152167E-07  5.177511E-09  9.784712E-11  3.240571E-04  1.494792E-07  5.030312E-07  2.445039E-08  4.670269E-04  1.571155E-08  3.449192E-09  3.008431E-09  5.912823E-06  8.045300E-06  2.794391E-08  1.649143E-07  2.095201E-07  4.629802E-08
 2.821500E+02  1.240789E-02  4.715600E-06  5.704925E-10  7.510040E-10  8.360959E-10  9.996942E-10  2.812943E-02  5.840888E-05  1.323871E-06  1.724758E-03  8.994606E-07  4.854246E-09  9.511027E-11  3.155032E-04  1.396873E-07  4.715197E-07  2.316332E-08  4.578521E-04  1.486586E-08  3.301528E-09  2.877291E-09  5.788997E-06  7.876434E-06  2.609338E-08  1.532858E-07  1.948206E-07  4.351103E-08
 2.831500E+02  1.237392E-02  4.629731E-06  5.453343E-10  7.181129E-10  7.995337E-10  9.562608E-10  2.802996E-02  5.692664E-05  1.225113E-06  1.725500E-03  8.839692E-07  4.552360E-09  9.245191E-11  3.072315E-04  1.306005E-07  4.421887E-07  2.195247E-08  4.488895E-04  1.406944E-08  3.160968E-09  2.752564E-09  5.668246E-06  7.711782E-06  2.437415E-08  1.425429E-07  1.812355E-07  4.090733E-08
 2.841500E+02  1.233995E-02  4.545941E-06  5.214480E-10  6.868747E-10  7.648066E-10  9.149951E-10  2.793114E-02  5.549220E-05  1.134357E-06  1.726105E-03  8.687408E-07  4.270376E-09  8.987011E-11  2.992311E-04  1.221639E-07  4.148743E-07  2.081288E-08  4.401341E-04  1.331922E-08  3.027140E-09  2.633909E-09  5.550491E-06  7.551233E-06  2.277637E-08  1.326135E-07  1.686745E-07  3.847396E-08
 2.851500E+02  1.230599E-02  4.464170E-06  4.987622E-10  6.571972E-10  7.318120E-10  8.757768E-10  2.783297E-02  5.410374E-05  1.050905E-06  1.726579E-03  8.537734E-07  4.006922E-09  8.736294E-11  2.914918E-04  1.143270E-07  3.894255E-07  1.973993E-08  4.315811E-04  1.261236E-08  2.899692E-09  2.521004E-09  5.435651E-06  7.394677E-06  2.129094E-08  1.234319E-07  1.570551E-07  3.619891E-08
 2.861500E+02  1.227204E-02  4.384362E-06  4.772099E-10  6.289935E-10  7.004539E-10  8.384929E-10  2.773544E-02  5.275953E-05  9.741263E-07  1.726924E-03  8.390648E-07  3.760726E-09  8.492850E-11  2.840035E-04  1.070436E-07  3.657039E-07  1.872933E-08  4.232255E-04  1.194621E-08  2.778292E-09  2.413545E-09  5.323651E-06  7.242009E-06  1.990950E-08  1.149378E-07  1.463018E-07  3.407111E-08
 2.871500E+02  1.223812E-02  4.306461E-06  4.567279E-10  6.021824E-10  6.706420E-10  8.030370E-10  2.763856E-02  5.145791E-05  9.034473E-07  1.727144E-03  8.246129E-07  3.530604E-09  8.256490E-11  2.767568E-04  1.002713E-07  3.435818E-07  1.777710E-08  4.150628E-04  1.131826E-08  2.662628E-09  2.311246E-09  5.214416E-06  7.093125E-06  1.862433E-08  1.070762E-07  1.363456E-07  3.208027E-08
 2.881500E+02  1.220422E-02  4.230415E-06  4.372573E-10  5.766871E-10  6.422913E-10  7.693094E-10  2.754231E-02  5.019727E-05  8.383470E-07  1.727243E-03  8.104151E-07  3.315457E-09  8.027029E-11  2.697426E-04  9.397121E-08  3.229419E-07  1.687952E-08  4.070883E-04  1.072617E-08  2.552402E-09  2.213836E-09  5.107872E-06  6.947924E-06  1.742830E-08  9.979673E-08  1.271233E-07  3.021691E-08
 2.891500E+02  1.217035E-02  4.156171E-06  4.187423E-10  5.524358E-10  6.153221E-10  7.372161E-10  2.744670E-02  4.897610E-05  7.783516E-07  1.727224E-03  7.964688E-07  3.114263E-09  7.804283E-11  2.629521E-04  8.810755E-08  3.036759E-07  1.603313E-08  3.992976E-04  1.016778E-08  2.447336E-09  2.121059E-09  5.003948E-06  6.806309E-06  1.631486E-08  9.305324E-08  1.185769E-07  2.847221E-08
 2.901500E+02  1.213652E-02  4.083679E-06  4.011307E-10  5.293608E-10  5.896593E-10  7.066689E-10  2.735172E-02  4.779293E-05  7.230305E-07  1.727091E-03  7.827714E-07  2.926073E-09  7.588071E-11  2.563770E-04  8.264752E-08  2.856842E-07  1.523471E-08  3.916861E-04  9.641031E-09  2.347164E-09  2.032675E-09  4.902575E-06  6.668183E-06  1.527795E-08  8.680350E-08  1.106533E-07  2.683804E-08
 2.911500E+02  1.210274E-02  4.012891E-06  3.843734E-10  5.073985E-10  5.652323E-10  6.775845E-10  2.725737E-02  4.664637E-05  6.719918E-07  1.726847E-03  7.693201E-07  2.750004E-09  7.378216E-11  2.500094E-04  7.756092E-08  2.688749E-07  1.448127E-08  3.842497E-04  9.144010E-09  2.251638E-09  1.948455E-09  4.803685E-06  6.533453E-06  1.431199E-08  8.100878E-08  1.033041E-07  2.530682E-08
 2.921500E+02  1.206900E-02  3.943759E-06  3.684242E-10  4.864890E-10  5.419747E-10  6.498848E-10  2.716363E-02  4.553507E-05  6.248786E-07  1.726495E-03  7.561120E-07  2.585236E-09  7.174543E-11  2.438415E-04  7.282002E-08  2.531632E-07  1.376999E-08  3.769839E-04  8.674927E-09  2.160520E-09  1.868186E-09  4.707212E-06  6.402029E-06  1.341180E-08  7.563359E-08  9.648444E-08  2.387156E-08
 2.931500E+02  1.203531E-02  3.876238E-06  3.532395E-10  4.665758E-10  5.198240E-10  6.234960E-10  2.707052E-02  4.445774E-05  5.813657E-07  1.726038E-03  7.431441E-07  2.431006E-09  6.976880E-11  2.378659E-04  6.839925E-08  2.384711E-07  1.309829E-08  3.698848E-04  8.232103E-09  2.073588E-09  1.791663E-09  4.613092E-06  6.273822E-06  1.257263E-08  7.064539E-08  9.015354E-08  2.252576E-08
 2.941500E+02  1.200168E-02  3.810283E-06  3.387784E-10  4.476061E-10  4.987213E-10  5.983489E-10  2.697802E-02  4.341317E-05  5.411568E-07  1.725479E-03  7.304133E-07  2.286606E-09  6.785060E-11  2.320758E-04  6.427512E-08  2.247262E-07  1.246372E-08  3.629483E-04  7.813965E-09  1.990631E-09  1.718695E-09  4.521262E-06  6.148746E-06  1.179008E-08  6.601430E-08  8.427380E-08  2.126339E-08
 2.951500E+02  1.196811E-02  3.745851E-06  3.250025E-10  4.295297E-10  4.786111E-10  5.743780E-10  2.688613E-02  4.240015E-05  5.039815E-07  1.724823E-03  7.179165E-07  2.151375E-09  6.598916E-11  2.264642E-04  6.042597E-08  2.118619E-07  1.186402E-08  3.561703E-04  7.419041E-09  1.911449E-09  1.649100E-09  4.431662E-06  6.026718E-06  1.106007E-08  6.171290E-08  7.881073E-08  2.007886E-08
 2.961500E+02  1.193460E-02  3.682901E-06  3.118753E-10  4.122997E-10  4.594413E-10  5.515218E-10  2.679485E-02  4.141757E-05  4.695930E-07  1.724071E-03  7.056505E-07  2.024700E-09  6.418289E-11  2.210248E-04  5.683185E-08  1.998166E-07  1.129706E-08  3.495471E-04  7.045949E-09  1.835852E-09  1.582708E-09  4.344233E-06  5.907655E-06  1.037886E-08  5.771602E-08  7.373264E-08  1.896698E-08
 2.971500E+02  1.190116E-02  3.621392E-06  2.993627E-10  3.958716E-10  4.411625E-10  5.297222E-10  2.670416E-02  4.046434E-05  4.377662E-07  1.723226E-03  6.936120E-07  1.906011E-09  6.243018E-11  2.157513E-04  5.347436E-08  1.885334E-07  1.076087E-08  3.430748E-04  6.693397E-09  1.763663E-09  1.519355E-09  4.258916E-06  5.791479E-06  9.742965E-09  5.400051E-08  6.901039E-08  1.792292E-08
 2.981500E+02  1.186779E-02  3.561285E-06  2.874325E-10  3.802037E-10  4.237285E-10  5.089245E-10  2.661408E-02  3.953940E-05  4.082952E-07  1.722291E-03  6.817979E-07  1.794775E-09  6.072950E-11  2.106378E-04  5.033654E-08  1.779594E-07  1.025360E-08  3.367497E-04  6.360171E-09  1.694712E-09  1.458890E-09  4.175655E-06  5.678112E-06  9.149173E-09  5.054510E-08  6.461721E-08  1.694221E-08
 2.991500E+02  1.183449E-02  3.502541E-06  2.760544E-10  3.652565E-10  4.070954E-10  4.890770E-10  2.652458E-02  3.864177E-05  3.809919E-07  1.721270E-03  6.702047E-07  1.690499E-09  5.907934E-11  2.056785E-04  4.740272E-08  1.680460E-07  9.773524E-09  3.305683E-04  6.045133E-09  1.628839E-09  1.401166E-09  4.094396E-06  5.567480E-06  8.594509E-09  4.733025E-08  6.052846E-08  1.602068E-08
 3.001500E+02  1.180128E-02  3.445126E-06  2.651997E-10  3.509929E-10  3.912219E-10  4.701310E-10  2.643567E-02  3.777048E-05  3.556841E-07  1.720165E-03  6.588291E-07  1.592723E-09  5.747820E-11  2.008681E-04  4.465844E-08  1.587480E-07  9.319021E-09  3.245270E-04  5.747219E-09  1.565892E-09  1.346048E-09  4.015086E-06  5.459508E-06  8.076224E-09  4.433795E-08  5.672145E-08  1.515446E-08
 3.011500E+02  1.176814E-02  3.389001E-06  2.548414E-10  3.373779E-10  3.760693E-10  4.520405E-10  2.634735E-02  3.692462E-05  3.322145E-07  1.718978E-03  6.476678E-07  1.501018E-09  5.592466E-11  1.962011E-04  4.209037E-08  1.500236E-07  8.888584E-09  3.186223E-04  5.465426E-09  1.505728E-09  1.293405E-09  3.937673E-06  5.354127E-06  7.591769E-09  4.155165E-08  5.317533E-08  1.433995E-08
 3.021500E+02  1.173508E-02  3.334133E-06  2.449541E-10  3.243781E-10  3.616006E-10  4.347622E-10  2.625960E-02  3.610329E-05  3.104388E-07  1.717712E-03  6.367174E-07  1.414985E-09  5.441731E-11  1.916726E-04  3.968615E-08  1.418340E-07  8.480799E-09  3.128510E-04  5.198817E-09  1.448212E-09  1.243114E-09  3.862106E-06  5.251266E-06  7.138786E-09  3.895610E-08  4.987085E-08  1.357380E-08
 3.031500E+02  1.170212E-02  3.280489E-06  2.355136E-10  3.119626E-10  3.477813E-10  4.182551E-10  2.617242E-02  3.530565E-05  2.902250E-07  1.716370E-03  6.259745E-07  1.334254E-09  5.295477E-11  1.872778E-04  3.743439E-08  1.341435E-07  8.094342E-09  3.072096E-04  4.946511E-09  1.393213E-09  1.195060E-09  3.788336E-06  5.150859E-06  6.715090E-09  3.653725E-08  4.679030E-08  1.285290E-08
 3.041500E+02  1.166924E-02  3.228035E-06  2.264974E-10  3.001017E-10  3.345785E-10  4.024804E-10  2.608581E-02  3.453089E-05  2.714519E-07  1.714954E-03  6.154357E-07  1.258477E-09  5.153570E-11  1.830119E-04  3.532452E-08  1.269185E-07  7.727977E-09  3.016950E-04  4.707681E-09  1.340611E-09  1.149133E-09  3.716316E-06  5.052840E-06  6.318656E-09  3.428216E-08  4.391735E-08  1.217434E-08
 3.051500E+02  1.163645E-02  3.176739E-06  2.178839E-10  2.887676E-10  3.219614E-10  3.874016E-10  2.599977E-02  3.377821E-05  2.540087E-07  1.713466E-03  6.050976E-07  1.187333E-09  5.015880E-11  1.788704E-04  3.334679E-08  1.201284E-07  7.380541E-09  2.963041E-04  4.481552E-09  1.290289E-09  1.105227E-09  3.646000E-06  4.957146E-06  5.947610E-09  3.217890E-08  4.123692E-08  1.153543E-08
 3.061500E+02  1.160376E-02  3.126573E-06  2.096530E-10  2.779340E-10  3.099007E-10  3.729842E-10  2.591429E-02  3.304687E-05  2.377935E-07  1.711909E-03  5.949567E-07  1.120521E-09  4.882279E-11  1.748492E-04  3.149215E-08  1.137443E-07  7.050949E-09  2.910338E-04  4.267396E-09  1.242138E-09  1.063246E-09  3.577342E-06  4.863715E-06  5.600210E-09  3.021645E-08  3.873513E-08  1.093364E-08
 3.071500E+02  1.157116E-02  3.077504E-06  2.017856E-10  2.675759E-10  2.983688E-10  3.591954E-10  2.582935E-02  3.233615E-05  2.227127E-07  1.710286E-03  5.850099E-07  1.057762E-09  4.752645E-11  1.709440E-04  2.975224E-08  1.077396E-07  6.738182E-09  2.858811E-04  4.064528E-09  1.196055E-09  1.023096E-09  3.510298E-06  4.772486E-06  5.274844E-09  2.838467E-08  3.639915E-08  1.036663E-08
 3.081500E+02  1.153866E-02  3.029505E-06  1.942635E-10  2.576699E-10  2.873395E-10  3.460043E-10  2.574497E-02  3.164534E-05  2.086805E-07  1.708598E-03  5.752535E-07  9.987935E-10  4.626858E-11  1.671510E-04  2.811930E-08  1.020896E-07  6.441283E-09  2.808432E-04  3.872305E-09  1.151941E-09  9.846869E-10  3.444826E-06  4.683402E-06  4.970015E-09  2.667419E-08  3.421712E-08  9.832217E-09
 3.091500E+02  1.150626E-02  2.982548E-06  1.870697E-10  2.481938E-10  2.767882E-10  3.333818E-10  2.566114E-02  3.097378E-05  1.956180E-07  1.706847E-03  5.656844E-07  9.433730E-10  4.504799E-11  1.634662E-04  2.658613E-08  9.677136E-08  6.159359E-09  2.759172E-04  3.690125E-09  1.109701E-09  9.479365E-10  3.380884E-06  4.596405E-06  4.684334E-09  2.507633E-08  3.217811E-08  9.328359E-09
 3.101500E+02  1.147397E-02  2.936604E-06  1.801881E-10  2.391265E-10  2.666915E-10  3.213001E-10  2.557784E-02  3.032084E-05  1.834526E-07  1.705036E-03  5.562991E-07  8.912734E-10  4.386355E-11  1.598860E-04  2.514608E-08  9.176340E-08  5.891566E-09  2.711003E-04  3.517419E-09  1.069249E-09  9.127648E-10  3.318433E-06  4.511440E-06  4.416512E-09  2.358311E-08  3.027201E-08  8.853154E-09
 3.111500E+02  1.144177E-02  2.891649E-06  1.736034E-10  2.304480E-10  2.570273E-10  3.097332E-10  2.549508E-02  2.968588E-05  1.721176E-07  1.703167E-03  5.470945E-07  8.422830E-10  4.271417E-11  1.564070E-04  2.379294E-08  8.704587E-08  5.637118E-09  2.663898E-04  3.353656E-09  1.030500E-09  8.790966E-10  3.257432E-06  4.428453E-06  4.165351E-09  2.218714E-08  2.848947E-08  8.404828E-09
 3.121500E+02  1.140968E-02  2.847656E-06  1.673011E-10  2.221397E-10  2.477747E-10  2.986562E-10  2.541285E-02  2.906832E-05  1.615517E-07  1.701242E-03  5.380671E-07  7.962043E-10  4.159875E-11  1.530256E-04  2.252099E-08  8.260025E-08  5.395272E-09  2.617832E-04  3.198332E-09  9.933732E-10  8.468603E-10  3.197844E-06  4.347393E-06  3.929739E-09  2.088158E-08  2.682185E-08  7.981724E-09
 3.131500E+02  1.137770E-02  2.804601E-06  1.612675E-10  2.141836E-10  2.389139E-10  2.880457E-10  2.533115E-02  2.846758E-05  1.516983E-07  1.699262E-03  5.292137E-07  7.528529E-10  4.051626E-11  1.497387E-04  2.132488E-08  7.840932E-08  5.165333E-09  2.572778E-04  3.050979E-09  9.577940E-10  8.159883E-10  3.139631E-06  4.268207E-06  3.708644E-09  1.966012E-08  2.526113E-08  7.582295E-09
 3.141500E+02  1.134583E-02  2.762459E-06  1.554898E-10  2.065629E-10  2.304261E-10  2.778795E-10  2.524997E-02  2.788312E-05  1.425053E-07  1.697230E-03  5.205311E-07  7.120569E-10  3.946569E-11  1.465431E-04  2.019966E-08  7.445705E-08  4.946646E-09  2.528711E-04  2.911151E-09  9.236904E-10  7.864163E-10  3.082757E-06  4.190848E-06  3.501104E-09  1.851690E-08  2.379993E-08  7.205097E-09
 3.151500E+02  1.131407E-02  2.721206E-06  1.499556E-10  1.992616E-10  2.222936E-10  2.681365E-10  2.516930E-02  2.731440E-05  1.339247E-07  1.695147E-03  5.120161E-07  6.736556E-10  3.844605E-11  1.434358E-04  1.914073E-08  7.072847E-08  4.738599E-09  2.485608E-04  2.778433E-09  8.909941E-10  7.580834E-10  3.027189E-06  4.115267E-06  3.306227E-09  1.744651E-08  2.243138E-08  6.848780E-09
 3.161500E+02  1.128242E-02  2.680821E-06  1.446534E-10  1.922645E-10  2.144996E-10  2.587968E-10  2.508915E-02  2.676092E-05  1.259123E-07  1.693016E-03  5.036656E-07  6.374991E-10  3.745638E-11  1.404139E-04  1.814381E-08  6.720965E-08  4.540613E-09  2.443444E-04  2.652431E-09  8.596402E-10  7.309317E-10  2.972890E-06  4.041418E-06  3.123183E-09  1.644393E-08  2.114914E-08  6.512083E-09
 3.171500E+02  1.125088E-02  2.641281E-06  1.395721E-10  1.855573E-10  2.070281E-10  2.498414E-10  2.500950E-02  2.622218E-05  1.184273E-07  1.690838E-03  4.954764E-07  6.034472E-10  3.649576E-11  1.374747E-04  1.720491E-08  6.388761E-08  4.352144E-09  2.402196E-04  2.532778E-09  8.295674E-10  7.049063E-10  2.919829E-06  3.969254E-06  2.951199E-09  1.550453E-08  1.994732E-08  6.193825E-09
 3.181500E+02  1.121945E-02  2.602564E-06  1.347014E-10  1.791265E-10  1.998639E-10  2.412526E-10  2.493036E-02  2.569771E-05  1.114321E-07  1.688614E-03  4.874454E-07  5.713692E-10  3.556329E-11  1.346153E-04  1.632034E-08  6.075023E-08  4.172681E-09  2.361843E-04  2.419125E-09  8.007170E-10  6.799551E-10  2.867973E-06  3.898732E-06  2.789556E-09  1.462400E-08  1.882046E-08  5.892904E-09
 3.191500E+02  1.118814E-02  2.564650E-06  1.300313E-10  1.729590E-10  1.929929E-10  2.330131E-10  2.485172E-02  2.518706E-05  1.048917E-07  1.686347E-03  4.795697E-07  5.411427E-10  3.465809E-11  1.318332E-04  1.548664E-08  5.778620E-08  4.001744E-09  2.322361E-04  2.311146E-09  7.730336E-10  6.560285E-10  2.817290E-06  3.829810E-06  2.637586E-09  1.379835E-08  1.776350E-08  5.608288E-09
 3.201500E+02  1.115695E-02  2.527519E-06  1.255525E-10  1.670427E-10  1.864013E-10  2.251070E-10  2.477357E-02  2.468979E-05  9.877416E-08  1.684038E-03  4.718460E-07  5.126535E-10  3.377932E-11  1.291260E-04  1.470060E-08  5.498496E-08  3.838879E-09  2.283730E-04  2.208532E-09  7.464644E-10  6.330796E-10  2.767751E-06  3.762445E-06  2.494664E-09  1.302388E-08  1.677176E-08  5.339011E-09
 3.211500E+02  1.112587E-02  2.491150E-06  1.212561E-10  1.613660E-10  1.800763E-10  2.175188E-10  2.469592E-02  2.420548E-05  9.304975E-08  1.681688E-03  4.642717E-07  4.857948E-10  3.292616E-11  1.264912E-04  1.395923E-08  5.233667E-08  3.683661E-09  2.245928E-04  2.110993E-09  7.209592E-10  6.110637E-10  2.719325E-06  3.696598E-06  2.360212E-09  1.229716E-08  1.584087E-08  5.084168E-09
 3.221500E+02  1.109491E-02  2.455526E-06  1.171337E-10  1.559178E-10  1.740056E-10  2.102342E-10  2.461875E-02  2.373372E-05  8.769102E-08  1.679299E-03  4.568436E-07  4.604668E-10  3.209781E-11  1.239265E-04  1.325974E-08  4.983210E-08  3.535686E-09  2.208936E-04  2.018256E-09  6.964703E-10  5.899384E-10  2.671984E-06  3.632228E-06  2.233688E-09  1.161499E-08  1.496679E-08  4.842913E-09
 3.231500E+02  1.106407E-02  2.420626E-06  1.131773E-10  1.506878E-10  1.681777E-10  2.032392E-10  2.454206E-02  2.327412E-05  8.267260E-08  1.676874E-03  4.495589E-07  4.365759E-10  3.129351E-11  1.214297E-04  1.259954E-08  4.746267E-08  3.394578E-09  2.172733E-04  1.930063E-09  6.729522E-10  5.696634E-10  2.625700E-06  3.569297E-06  2.114588E-09  1.097443E-08  1.414576E-08  4.614454E-09
 3.241500E+02  1.103334E-02  2.386434E-06  1.093793E-10  1.456659E-10  1.625815E-10  1.965209E-10  2.446584E-02  2.282629E-05  7.797099E-08  1.674412E-03  4.424147E-07  4.140348E-10  3.051250E-11  1.189986E-04  1.197619E-08  4.522031E-08  3.259978E-09  2.137300E-04  1.846172E-09  6.503619E-10  5.502003E-10  2.580446E-06  3.507770E-06  2.002443E-09  1.037271E-08  1.337430E-08  4.398046E-09
 3.251500E+02  1.100274E-02  2.352932E-06  1.057325E-10  1.408429E-10  1.572065E-10  1.900667E-10  2.439011E-02  2.238988E-05  7.356444E-08  1.671915E-03  4.354083E-07  3.927619E-10  2.975406E-11  1.166312E-04  1.138744E-08  4.309751E-08  3.131551E-09  2.102619E-04  1.766354E-09  6.286583E-10  5.315127E-10  2.536196E-06  3.447608E-06  1.896814E-09  9.807300E-09  1.264916E-08  4.192994E-09
 3.261500E+02  1.097225E-02  2.320102E-06  1.022301E-10  1.362096E-10  1.520428E-10  1.838648E-10  2.431484E-02  2.196454E-05  6.943282E-08  1.669385E-03  4.285370E-07  3.726805E-10  2.901749E-11  1.143255E-04  1.083117E-08  4.108722E-08  3.008979E-09  2.068671E-04  1.690393E-09  6.078022E-10  5.135659E-10  2.492923E-06  3.388778E-06  1.797293E-09  9.275810E-09  1.196733E-08  3.998644E-09
 3.271500E+02  1.094189E-02  2.287929E-06  9.886547E-11  1.317577E-10  1.470809E-10  1.779041E-10  2.424003E-02  2.154992E-05  6.555747E-08  1.666824E-03  4.217979E-07  3.537190E-10  2.830211E-11  1.120795E-04  1.030541E-08  3.918287E-08  2.891963E-09  2.035438E-04  1.618085E-09  5.877566E-10  4.963271E-10  2.450602E-06  3.331244E-06  1.703499E-09  8.776038E-09  1.132599E-08  3.814385E-09
 3.281500E+02  1.091165E-02  2.256396E-06  9.563257E-11  1.274790E-10  1.423119E-10  1.721738E-10  2.416568E-02  2.114571E-05  6.192109E-08  1.664231E-03  4.151885E-07  3.358105E-10  2.760726E-11  1.098915E-04  9.808324E-09  3.737827E-08  2.780220E-09  2.002904E-04  1.549239E-09  5.684860E-10  4.797648E-10  2.409210E-06  3.274975E-06  1.615076E-09  8.305930E-09  1.072254E-08  3.639640E-09
 3.291500E+02  1.088153E-02  2.225488E-06  9.252548E-11  1.233659E-10  1.377272E-10  1.666637E-10  2.409180E-02  2.075157E-05  5.850764E-08  1.661610E-03  4.087061E-07  3.188921E-10  2.693230E-11  1.077595E-04  9.338185E-09  3.566766E-08  2.673484E-09  1.971050E-04  1.483673E-09  5.499567E-10  4.638492E-10  2.368722E-06  3.219937E-06  1.531692E-09  7.863576E-09  1.015454E-08  3.473872E-09
 3.301500E+02  1.085153E-02  2.195189E-06  8.953865E-11  1.194111E-10  1.333187E-10  1.613643E-10  2.401836E-02  2.036721E-05  5.530223E-08  1.658960E-03  4.023481E-07  3.029049E-10  2.627662E-11  1.056819E-04  8.893385E-09  3.404562E-08  2.571502E-09  1.939861E-04  1.421217E-09  5.321367E-10  4.485520E-10  2.329117E-06  3.166100E-06  1.453035E-09  7.447197E-09  9.619744E-09  3.316575E-09
 3.311500E+02  1.082166E-02  2.165484E-06  8.666675E-11  1.156076E-10  1.290787E-10  1.562663E-10  2.394537E-02  1.999234E-05  5.229107E-08  1.656283E-03  3.961121E-07  2.877939E-10  2.563962E-11  1.036571E-04  8.472420E-09  3.250708E-08  2.474037E-09  1.909321E-04  1.361709E-09  5.149953E-10  4.338462E-10  2.290371E-06  3.113433E-06  1.378817E-09  7.055137E-09  9.116035E-09  3.167272E-09
 3.321500E+02  1.079190E-02  2.136361E-06  8.390476E-11  1.119488E-10  1.249998E-10  1.513609E-10  2.387283E-02  1.962668E-05  4.946133E-08  1.653581E-03  3.899955E-07  2.735075E-10  2.502071E-11  1.016833E-04  8.073882E-09  3.104728E-08  2.380863E-09  1.879414E-04  1.304997E-09  4.985035E-10  4.197059E-10  2.252462E-06  3.061905E-06  1.308767E-09  6.685853E-09  8.641449E-09  3.025517E-09
 3.331500E+02  1.076227E-02  2.107803E-06  8.124788E-11  1.084285E-10  1.210750E-10  1.466400E-10  2.380073E-02  1.926994E-05  4.680108E-08  1.650853E-03  3.839958E-07  2.599972E-10  2.441934E-11  9.975915E-05  7.696454E-09  2.966175E-08  2.291769E-09  1.850124E-04  1.250937E-09  4.826334E-10  4.061067E-10  2.215370E-06  3.011489E-06  1.242630E-09  6.337908E-09  8.194158E-09  2.890892E-09
 3.341500E+02  1.073277E-02  2.079799E-06  7.869153E-11  1.050406E-10  1.172978E-10  1.420955E-10  2.372906E-02  1.892186E-05  4.429928E-08  1.648102E-03  3.781108E-07  2.472176E-10  2.383497E-11  9.788304E-05  7.338903E-09  2.834632E-08  2.206554E-09  1.821437E-04  1.199392E-09  4.673587E-10  3.930254E-10  2.179074E-06  2.962157E-06  1.180172E-09  6.009961E-09  7.772453E-09  2.763001E-09
 3.351500E+02  1.070338E-02  2.052334E-06  7.623139E-11  1.017795E-10  1.136616E-10  1.377200E-10  2.365783E-02  1.858220E-05  4.194563E-08  1.645329E-03  3.723380E-07  2.351261E-10  2.326706E-11  9.605355E-05  7.000074E-09  2.709706E-08  2.125026E-09  1.793339E-04  1.150236E-09  4.526541E-10  3.804396E-10  2.143555E-06  2.913881E-06  1.121169E-09  5.700764E-09  7.374744E-09  2.641475E-09
 3.361500E+02  1.067412E-02  2.025396E-06  7.386330E-11  9.863972E-11  1.101607E-10  1.335061E-10  2.358702E-02  1.825070E-05  3.973055E-08  1.642534E-03  3.666752E-07  2.236829E-10  2.271511E-11  9.426930E-05  6.678885E-09  2.591028E-08  2.047008E-09  1.765815E-04  1.103346E-09  4.384957E-10  3.683282E-10  2.108792E-06  2.866634E-06  1.065415E-09  5.409150E-09  6.999544E-09  2.525964E-09
 3.371500E+02  1.064499E-02  1.998973E-06  7.158335E-11  9.561613E-11  1.067891E-10  1.294472E-10  2.351664E-02  1.792712E-05  3.764516E-08  1.639718E-03  3.611200E-07  2.128504E-10  2.217864E-11  9.252894E-05  6.374322E-09  2.478251E-08  1.972328E-09  1.738852E-04  1.058607E-09  4.248604E-10  3.566711E-10  2.074767E-06  2.820392E-06  1.012717E-09  5.134031E-09  6.645466E-09  2.416142E-09
 3.381500E+02  1.061598E-02  1.973052E-06  6.938777E-11  9.270381E-11  1.035414E-10  1.255366E-10  2.344668E-02  1.761124E-05  3.568116E-08  1.636882E-03  3.556702E-07  2.025936E-10  2.165715E-11  9.083116E-05  6.085436E-09  2.371050E-08  1.900826E-09  1.712437E-04  1.015912E-09  4.117264E-10  3.454489E-10  2.041462E-06  2.775128E-06  9.628918E-10  4.874392E-09  6.311217E-09  2.311699E-09
 3.391500E+02  1.058709E-02  1.947622E-06  6.727300E-11  8.989807E-11  1.004125E-10  1.217683E-10  2.337714E-02  1.730283E-05  3.383084E-08  1.634028E-03  3.503237E-07  1.928793E-10  2.115019E-11  8.917472E-05  5.811334E-09  2.269119E-08  1.832349E-09  1.686555E-04  9.751571E-10  3.990729E-10  3.346434E-10  2.008858E-06  2.730819E-06  9.157705E-10  4.629285E-09  5.995587E-09  2.212346E-09
 3.401500E+02  1.055832E-02  1.922671E-06  6.523564E-11  8.719443E-11  9.739722E-11  1.181361E-10  2.330801E-02  1.700168E-05  3.208702E-08  1.631156E-03  3.450783E-07  1.836767E-10  2.065732E-11  8.755840E-05  5.551181E-09  2.172170E-08  1.766753E-09  1.661196E-04  9.362463E-10  3.868800E-10  3.242370E-10  1.976939E-06  2.687441E-06  8.711937E-10  4.397824E-09  5.697446E-09  2.117808E-09
 3.411500E+02  1.052968E-02  1.898188E-06  6.327243E-11  8.458866E-11  9.449099E-11  1.146345E-10  2.323930E-02  1.670758E-05  3.044300E-08  1.628267E-03  3.399320E-07  1.749566E-10  2.017810E-11  8.598103E-05  5.304192E-09  2.079934E-08  1.703901E-09  1.636346E-04  8.990875E-10  3.751287E-10  3.142131E-10  1.945687E-06  2.644971E-06  8.290123E-10  4.179182E-09  5.415737E-09  2.027830E-09
 3.421500E+02  1.050117E-02  1.874162E-06  6.138029E-11  8.207667E-11  9.168923E-11  1.112582E-10  2.317099E-02  1.642033E-05  2.889255E-08  1.625362E-03  3.348826E-07  1.666916E-10  1.971211E-11  8.444147E-05  5.069630E-09  1.992156E-08  1.643663E-09  1.611993E-04  8.635941E-10  3.638009E-10  3.045558E-10  1.915086E-06  2.603387E-06  7.890865E-10  3.972585E-09  5.149475E-09  1.942167E-09
 3.431500E+02  1.047278E-02  1.850583E-06  5.955627E-11  7.965461E-11  8.898765E-11  1.080019E-10  2.310308E-02  1.613974E-05  2.742983E-08  1.622442E-03  3.299282E-07  1.588562E-10  1.925894E-11  8.293864E-05  4.846804E-09  1.908597E-08  1.585918E-09  1.588126E-04  8.296837E-10  3.528792E-10  2.952499E-10  1.885120E-06  2.562666E-06  7.512854E-10  3.777310E-09  4.897734E-09  1.860593E-09
 3.441500E+02  1.044451E-02  1.827440E-06  5.779756E-11  7.731878E-11  8.638214E-11  1.048608E-10  2.303557E-02  1.586561E-05  2.604943E-08  1.619507E-03  3.250668E-07  1.514261E-10  1.881822E-11  8.147147E-05  4.635064E-09  1.829030E-08  1.530548E-09  1.564733E-04  7.972787E-10  3.423472E-10  2.862809E-10  1.855774E-06  2.522788E-06  7.154862E-10  3.592680E-09  4.659651E-09  1.782891E-09
 3.451500E+02  1.041636E-02  1.804723E-06  5.610148E-11  7.506566E-11  8.386876E-11  1.018302E-10  2.296846E-02  1.559777E-05  2.474628E-08  1.616558E-03  3.202965E-07  1.443787E-10  1.838955E-11  8.003895E-05  4.433800E-09  1.753245E-08  1.477443E-09  1.541803E-04  7.663055E-10  3.321891E-10  2.776351E-10  1.827032E-06  2.483732E-06  6.815735E-10  3.418063E-09  4.434418E-09  1.708858E-09
 3.461500E+02  1.038834E-02  1.782423E-06  5.446546E-11  7.289188E-11  8.144378E-11  9.890556E-11  2.290174E-02  1.533605E-05  2.351565E-08  1.613596E-03  3.156153E-07  1.376927E-10  1.797257E-11  7.864008E-05  4.242437E-09  1.681042E-08  1.426498E-09  1.519326E-04  7.366943E-10  3.223897E-10  2.692991E-10  1.798880E-06  2.445478E-06  6.494393E-10  3.252866E-09  4.221278E-09  1.638304E-09
 3.471500E+02  1.036044E-02  1.760530E-06  5.288707E-11  7.079424E-11  7.910363E-11  9.608271E-11  2.283541E-02  1.508026E-05  2.235313E-08  1.610623E-03  3.110215E-07  1.313480E-10  1.756692E-11  7.727391E-05  4.060437E-09  1.612231E-08  1.377614E-09  1.497290E-04  7.083790E-10  3.129348E-10  2.612604E-10  1.771304E-06  2.408007E-06  6.189823E-10  3.096534E-09  4.019521E-09  1.571047E-09
 3.481500E+02  1.033267E-02  1.739035E-06  5.136396E-11  6.876966E-11  7.684489E-11  9.335754E-11  2.276947E-02  1.483025E-05  2.125459E-08  1.607637E-03  3.065131E-07  1.253256E-10  1.717227E-11  7.593952E-05  3.887291E-09  1.546636E-08  1.330697E-09  1.475686E-04  6.812972E-10  3.038105E-10  2.535069E-10  1.744289E-06  2.371299E-06  5.901070E-10  2.948549E-09  3.828484E-09  1.506917E-09
 3.491500E+02  1.030501E-02  1.717928E-06  4.989393E-11  6.681522E-11  7.466432E-11  9.072616E-11  2.270390E-02  1.458586E-05  2.021618E-08  1.604641E-03  3.020885E-07  1.196080E-10  1.678827E-11  7.463600E-05  3.722523E-09  1.484090E-08  1.285656E-09  1.454504E-04  6.553894E-10  2.950036E-10  2.460272E-10  1.717821E-06  2.335336E-06  5.627243E-10  2.808423E-09  3.647545E-09  1.445754E-09
 3.501500E+02  1.027748E-02  1.697202E-06  4.847483E-11  6.492813E-11  7.255878E-11  8.818486E-11  2.263872E-02  1.434693E-05  1.923430E-08  1.601635E-03  2.977458E-07  1.141783E-10  1.641461E-11  7.336251E-05  3.565683E-09  1.424434E-08  1.242408E-09  1.433733E-04  6.305995E-10  2.865017E-10  2.388103E-10  1.691889E-06  2.300100E-06  5.367499E-10  2.675701E-09  3.476120E-09  1.387406E-09
 3.511500E+02  1.025007E-02  1.676848E-06  4.710465E-11  6.310571E-11  7.052532E-11  8.573008E-11  2.257392E-02  1.411332E-05  1.830556E-08  1.598619E-03  2.934834E-07  1.090208E-10  1.605097E-11  7.211819E-05  3.416348E-09  1.367520E-08  1.200871E-09  1.413365E-04  6.068743E-10  2.782927E-10  2.318457E-10  1.666479E-06  2.265574E-06  5.121051E-10  2.549955E-09  3.313662E-09  1.331729E-09
 3.521500E+02  1.022279E-02  1.656857E-06  4.578144E-11  6.134542E-11  6.856109E-11  8.335842E-11  2.250948E-02  1.388488E-05  1.742683E-08  1.595594E-03  2.892996E-07  1.041208E-10  1.569706E-11  7.090224E-05  3.274120E-09  1.313207E-08  1.160968E-09  1.393389E-04  5.841631E-10  2.703651E-10  2.251233E-10  1.641578E-06  2.231741E-06  4.887157E-10  2.430784E-09  3.159658E-09  1.278587E-09
 3.531500E+02  1.019562E-02  1.637221E-06  4.450334E-11  5.964480E-11  6.666337E-11  8.106665E-11  2.244542E-02  1.366147E-05  1.659516E-08  1.592560E-03  2.851928E-07  9.946418E-11  1.535258E-11  6.971387E-05  3.138622E-09  1.261364E-08  1.122627E-09  1.373798E-04  5.624180E-10  2.627078E-10  2.186336E-10  1.617174E-06  2.198584E-06  4.665121E-10  2.317814E-09  3.013628E-09  1.227854E-09
 3.541500E+02  1.016858E-02  1.617933E-06  4.326859E-11  5.800154E-11  6.482957E-11  7.885166E-11  2.238172E-02  1.344295E-05  1.580777E-08  1.589519E-03  2.811613E-07  9.503796E-11  1.501725E-11  6.855233E-05  3.009503E-09  1.211864E-08  1.085778E-09  1.354582E-04  5.415936E-10  2.553105E-10  2.123674E-10  1.593256E-06  2.166086E-06  4.454286E-10  2.210690E-09  2.875119E-09  1.179408E-09
 3.551500E+02  1.014166E-02  1.598984E-06  4.207549E-11  5.641339E-11  6.305721E-11  7.671048E-11  2.231838E-02  1.322920E-05  1.506208E-08  1.586471E-03  2.772036E-07  9.082969E-11  1.469079E-11  6.741687E-05  2.886428E-09  1.164589E-08  1.050356E-09  1.335733E-04  5.216468E-10  2.481630E-10  2.063158E-10  1.569813E-06  2.134234E-06  4.254036E-10  2.109081E-09  2.743707E-09  1.133135E-09
 3.561500E+02  1.011486E-02  1.580368E-06  4.092242E-11  5.487823E-11  6.134391E-11  7.464026E-11  2.225541E-02  1.302008E-05  1.435568E-08  1.583416E-03  2.733182E-07  8.682774E-11  1.437295E-11  6.630680E-05  2.769082E-09  1.119429E-08  1.016297E-09  1.317242E-04  5.025365E-10  2.412556E-10  2.004706E-10  1.546832E-06  2.103010E-06  4.063792E-10  2.012678E-09  2.618995E-09  1.088927E-09
 3.571500E+02  1.008818E-02  1.562077E-06  3.980783E-11  5.339402E-11  5.968739E-11  7.263829E-11  2.219279E-02  1.281548E-05  1.368629E-08  1.580355E-03  2.695036E-07  8.302109E-11  1.406346E-11  6.522142E-05  2.657171E-09  1.076277E-08  9.835427E-10  1.299101E-04  4.842240E-10  2.345792E-10  1.948238E-10  1.524303E-06  2.072401E-06  3.883008E-10  1.921188E-09  2.500608E-09  1.046682E-09
 3.581500E+02  1.006162E-02  1.544103E-06  3.873024E-11  5.195880E-11  5.808549E-11  7.070198E-11  2.213053E-02  1.261528E-05  1.305179E-08  1.577289E-03  2.657583E-07  7.939938E-11  1.376208E-11  6.416006E-05  2.550413E-09  1.035034E-08  9.520355E-10  1.281303E-04  4.666723E-10  2.281250E-10  1.893675E-10  1.502215E-06  2.042392E-06  3.711171E-10  1.834337E-09  2.388195E-09  1.006302E-09
 3.591500E+02  1.003518E-02  1.526441E-06  3.768823E-11  5.057070E-11  5.653612E-11  6.882883E-11  2.206862E-02  1.241935E-05  1.245017E-08  1.574217E-03  2.620808E-07  7.595284E-11  1.346856E-11  6.312208E-05  2.448545E-09  9.956053E-09  9.217218E-10  1.263839E-04  4.498463E-10  2.218844E-10  1.840945E-10  1.480558E-06  2.012969E-06  3.547796E-10  1.751867E-09  2.281425E-09  9.676970E-10
 3.601500E+02  1.000886E-02  1.509083E-06  3.668044E-11  4.922794E-11  5.503729E-11  6.701645E-11  2.200705E-02  1.222759E-05  1.187957E-08  1.571141E-03  2.584698E-07  7.267225E-11  1.318268E-11  6.210685E-05  2.351318E-09  9.579018E-09  8.925502E-10  1.246702E-04  4.337129E-10  2.158495E-10  1.789978E-10  1.459323E-06  1.984118E-06  3.392429E-10  1.673536E-09  2.179988E-09  9.307800E-10
 3.611500E+02  9.982660E-03  1.492023E-06  3.570558E-11  4.792880E-11  5.358709E-11  6.526257E-11  2.194583E-02  1.203989E-05  1.133822E-08  1.568061E-03  2.549239E-07  6.954892E-11  1.290421E-11  6.111376E-05  2.258497E-09  9.218392E-09  8.644716E-10  1.229885E-04  4.182403E-10  2.100123E-10  1.740706E-10  1.438498E-06  1.955826E-06  3.244641E-10  1.599117E-09  2.083592E-09  8.954689E-10
 3.621500E+02  9.956577E-03  1.475254E-06  3.476240E-11  4.667165E-11  5.218371E-11  6.356500E-11  2.188495E-02  1.185614E-05  1.082450E-08  1.564977E-03  2.514418E-07  6.657462E-11  1.263293E-11  6.014223E-05  2.169860E-09  8.873377E-09  8.374395E-10  1.213381E-04  4.033985E-10  2.043656E-10  1.693065E-10  1.418076E-06  1.928079E-06  3.104027E-10  1.528395E-09  1.991962E-09  8.616862E-10
 3.631500E+02  9.930612E-03  1.458770E-06  3.384972E-11  4.545491E-11  5.082538E-11  6.192164E-11  2.182441E-02  1.167625E-05  1.033683E-08  1.561890E-03  2.480220E-07  6.374161E-11  1.236864E-11  5.919169E-05  2.085196E-09  8.543216E-09  8.114096E-10  1.197182E-04  3.891589E-10  1.989022E-10  1.646993E-10  1.398045E-06  1.900866E-06  2.970207E-10  1.461170E-09  1.904839E-09  8.293583E-10
 3.641500E+02  9.904766E-03  1.442566E-06  3.296638E-11  4.427708E-11  4.951044E-11  6.033049E-11  2.176421E-02  1.150011E-05  9.873778E-09  1.558800E-03  2.446634E-07  6.104258E-11  1.211112E-11  5.826158E-05  2.004307E-09  8.227195E-09  7.863394E-10  1.181282E-04  3.754945E-10  1.936153E-10  1.602431E-10  1.378398E-06  1.874174E-06  2.842822E-10  1.397250E-09  1.821981E-09  7.984156E-10
 3.651500E+02  9.879036E-03  1.426634E-06  3.211130E-11  4.313672E-11  4.823727E-11  5.878963E-11  2.170434E-02  1.132762E-05  9.433971E-09  1.555707E-03  2.413647E-07  5.847062E-11  1.186018E-11  5.735137E-05  1.927006E-09  7.924635E-09  7.621888E-10  1.165674E-04  3.623794E-10  1.884983E-10  1.559322E-10  1.359126E-06  1.847991E-06  2.721532E-10  1.336459E-09  1.743157E-09  7.687921E-10
 3.661500E+02  9.853423E-03  1.410970E-06  3.128343E-11  4.203244E-11  4.700435E-11  5.729720E-11  2.164481E-02  1.115870E-05  9.016125E-09  1.552613E-03  2.381246E-07  5.601920E-11  1.161563E-11  5.646054E-05  1.853115E-09  7.634895E-09  7.389193E-10  1.150352E-04  3.497890E-10  1.835450E-10  1.517611E-10  1.340219E-06  1.822305E-06  2.606020E-10  1.278627E-09  1.668153E-09  7.404252E-10
 3.671500E+02  9.827927E-03  1.395568E-06  3.048177E-11  4.096292E-11  4.581019E-11  5.585145E-11  2.158560E-02  1.099325E-05  8.619036E-09  1.549517E-03  2.349420E-07  5.368216E-11  1.137728E-11  5.558858E-05  1.782467E-09  7.357367E-09  7.164942E-10  1.135309E-04  3.376999E-10  1.787494E-10  1.477248E-10  1.321671E-06  1.797106E-06  2.495982E-10  1.223597E-09  1.596765E-09  7.132556E-10
 3.681500E+02  9.802547E-03  1.380421E-06  2.970535E-11  3.992690E-11  4.465338E-11  5.445068E-11  2.152671E-02  1.083118E-05  8.241567E-09  1.546420E-03  2.318157E-07  5.145367E-11  1.114496E-11  5.473502E-05  1.714903E-09  7.091474E-09  6.948786E-10  1.120540E-04  3.260900E-10  1.741056E-10  1.438182E-10  1.303471E-06  1.772381E-06  2.391136E-10  1.171220E-09  1.528801E-09  6.872269E-10
 3.691500E+02  9.777282E-03  1.365526E-06  2.895326E-11  3.892316E-11  4.353256E-11  5.309327E-11  2.146815E-02  1.067242E-05  7.882653E-09  1.543322E-03  2.287444E-07  4.932823E-11  1.091849E-11  5.389937E-05  1.650273E-09  6.836669E-09  6.740391E-10  1.106038E-04  3.149381E-10  1.696082E-10  1.400365E-10  1.285613E-06  1.748120E-06  2.291213E-10  1.121355E-09  1.464082E-09  6.622859E-10
 3.701500E+02  9.752132E-03  1.350876E-06  2.822461E-11  3.795052E-11  4.244644E-11  5.177764E-11  2.140991E-02  1.051687E-05  7.541289E-09  1.540223E-03  2.257272E-07  4.730064E-11  1.069770E-11  5.308117E-05  1.588434E-09  6.592434E-09  6.539441E-10  1.091797E-04  3.042242E-10  1.652519E-10  1.363751E-10  1.268090E-06  1.724313E-06  2.195959E-10  1.073870E-09  1.402435E-09  6.383820E-10
 3.711500E+02  9.727097E-03  1.336467E-06  2.751855E-11  3.700787E-11  4.139377E-11  5.050232E-11  2.135199E-02  1.036446E-05  7.216530E-09  1.537124E-03  2.227628E-07  4.536596E-11  1.048243E-11  5.227999E-05  1.529252E-09  6.358277E-09  6.345630E-10  1.077812E-04  2.939289E-10  1.610316E-10  1.328296E-10  1.250892E-06  1.700949E-06  2.105135E-10  1.028640E-09  1.343702E-09  6.154669E-10
 3.721500E+02  9.702176E-03  1.322294E-06  2.683426E-11  3.609413E-11  4.037334E-11  4.926586E-11  2.129438E-02  1.021511E-05  6.907486E-09  1.534025E-03  2.198502E-07  4.351955E-11  1.027251E-11  5.149538E-05  1.472600E-09  6.133733E-09  6.158669E-10  1.064078E-04  2.840341E-10  1.569423E-10  1.293959E-10  1.234014E-06  1.678019E-06  2.018516E-10  9.855466E-10  1.287731E-09  5.934952E-10
 3.731500E+02  9.677369E-03  1.308351E-06  2.617098E-11  3.520828E-11  3.938401E-11  4.806688E-11  2.123708E-02  1.006874E-05  6.613320E-09  1.530927E-03  2.169884E-07  4.175701E-11  1.006781E-11  5.072693E-05  1.418357E-09  5.918358E-09  5.978282E-10  1.050588E-04  2.745224E-10  1.529795E-10  1.260699E-10  1.217447E-06  1.655512E-06  1.935887E-10  9.444796E-10  1.234378E-09  5.724235E-10
 3.741500E+02  9.652674E-03  1.294634E-06  2.552794E-11  3.434931E-11  3.842469E-11  4.690407E-11  2.118010E-02  9.925283E-06  6.333242E-09  1.527830E-03  2.141763E-07  4.007416E-11  9.868172E-12  4.997424E-05  1.366409E-09  5.711731E-09  5.804205E-10  1.037338E-04  2.653773E-10  1.491386E-10  1.228476E-10  1.201185E-06  1.633420E-06  1.857048E-10  9.053340E-10  1.183509E-09  5.522107E-10
 3.751500E+02  9.628092E-03  1.281139E-06  2.490443E-11  3.351629E-11  3.749430E-11  4.577614E-11  2.112342E-02  9.784665E-06  6.066508E-09  1.524733E-03  2.114129E-07  3.846706E-11  9.673447E-12  4.923690E-05  1.316646E-09  5.513455E-09  5.636185E-10  1.024322E-04  2.565830E-10  1.454152E-10  1.197254E-10  1.185222E-06  1.611733E-06  1.781806E-10  8.680108E-10  1.134997E-09  5.328177E-10
 3.761500E+02  9.603623E-03  1.267861E-06  2.429976E-11  3.270831E-11  3.659183E-11  4.468189E-11  2.106704E-02  9.646817E-06  5.812417E-09  1.521638E-03  2.086973E-07  3.693199E-11  9.483500E-12  4.851454E-05  1.268966E-09  5.323150E-09  5.473981E-10  1.011535E-04  2.481245E-10  1.418053E-10  1.166997E-10  1.169550E-06  1.590442E-06  1.709983E-10  8.324165E-10  1.088721E-09  5.142073E-10
 3.771500E+02  9.579264E-03  1.254795E-06  2.371327E-11  3.192447E-11  3.571631E-11  4.362013E-11  2.101097E-02  9.511672E-06  5.570308E-09  1.518545E-03  2.060284E-07  3.546540E-11  9.298197E-12  4.780677E-05  1.223273E-09  5.140455E-09  5.317362E-10  9.989728E-05  2.399874E-10  1.383048E-10  1.137671E-10  1.154163E-06  1.569538E-06  1.641406E-10  7.984631E-10  1.044568E-09  4.963444E-10
 3.781500E+02  9.555017E-03  1.241937E-06  2.314432E-11  3.116395E-11  3.486680E-11  4.258975E-11  2.095519E-02  9.379165E-06  5.339558E-09  1.515453E-03  2.034053E-07  3.406395E-11  9.117406E-12  4.711324E-05  1.179472E-09  4.965030E-09  5.166109E-10  9.866303E-05  2.321581E-10  1.349099E-10  1.109242E-10  1.139055E-06  1.549013E-06  1.575916E-10  7.660672E-10  1.002430E-09  4.791954E-10
 3.791500E+02  9.530881E-03  1.229283E-06  2.259230E-11  3.042594E-11  3.404240E-11  4.158966E-11  2.089972E-02  9.249231E-06  5.119579E-09  1.512364E-03  2.008271E-07  3.272447E-11  8.941001E-12  4.643361E-05  1.137476E-09  4.796548E-09  5.020011E-10  9.745028E-05  2.246236E-10  1.316170E-10  1.081679E-10  1.124220E-06  1.528858E-06  1.513359E-10  7.351500E-10  9.622063E-10  4.627283E-10
 3.801500E+02  9.506854E-03  1.216830E-06  2.205663E-11  2.970965E-11  3.324223E-11  4.061883E-11  2.084454E-02  9.121809E-06  4.909815E-09  1.509277E-03  1.982929E-07  3.144395E-11  8.768859E-12  4.576752E-05  1.097203E-09  4.634701E-09  4.878867E-10  9.625857E-05  2.173715E-10  1.284225E-10  1.054952E-10  1.109651E-06  1.509066E-06  1.453591E-10  7.056373E-10  9.238007E-10  4.469129E-10
 3.811500E+02  9.482937E-03  1.204572E-06  2.153673E-11  2.901434E-11  3.246548E-11  3.967625E-11  2.078965E-02  8.996840E-06  4.709743E-09  1.506192E-03  1.958018E-07  3.021956E-11  8.600862E-12  4.511464E-05  1.058573E-09  4.479194E-09  4.742484E-10  9.508747E-05  2.103899E-10  1.253230E-10  1.029031E-10  1.095343E-06  1.489629E-06  1.396475E-10  6.774586E-10  8.871226E-10  4.317203E-10
 3.821500E+02  9.459129E-03  1.192506E-06  2.103207E-11  2.833930E-11  3.171134E-11  3.876096E-11  2.073505E-02  8.874265E-06  4.518868E-09  1.503111E-03  1.933529E-07  2.904858E-11  8.436896E-12  4.447466E-05  1.021510E-09  4.329749E-09  4.610678E-10  9.393652E-05  2.036675E-10  1.223152E-10  1.003888E-10  1.081291E-06  1.470538E-06  1.341881E-10  6.505475E-10  8.520863E-10  4.171230E-10
 3.831500E+02  9.435429E-03  1.180629E-06  2.054212E-11  2.768384E-11  3.097905E-11  3.787204E-11  2.068074E-02  8.754027E-06  4.336723E-09  1.500032E-03  1.909455E-07  2.792847E-11  8.276847E-12  4.384726E-05  9.859444E-10  4.186099E-09  4.483273E-10  9.280532E-05  1.971937E-10  1.193960E-10  9.794960E-11  1.067488E-06  1.451786E-06  1.289688E-10  6.248411E-10  8.186107E-10  4.030951E-10
 3.841500E+02  9.411838E-03  1.168936E-06  2.006639E-11  2.704728E-11  3.026785E-11  3.700860E-11  2.062672E-02  8.636071E-06  4.162867E-09  1.496957E-03  1.885786E-07  2.685680E-11  8.120608E-12  4.323214E-05  9.518075E-10  4.047992E-09  4.360100E-10  9.169345E-05  1.909579E-10  1.165624E-10  9.558295E-11  1.053930E-06  1.433366E-06  1.239779E-10  6.002799E-10  7.866190E-10  3.896115E-10
 3.851500E+02  9.388353E-03  1.157424E-06  1.960439E-11  2.642900E-11  2.957705E-11  3.616979E-11  2.057298E-02  8.520345E-06  3.996882E-09  1.493886E-03  1.862515E-07  2.583127E-11  7.968074E-12  4.262900E-05  9.190352E-10  3.915185E-09  4.240998E-10  9.060051E-05  1.849506E-10  1.138115E-10  9.328635E-11  1.040611E-06  1.415271E-06  1.192043E-10  5.768075E-10  7.560385E-10  3.766487E-10
 3.861500E+02  9.364976E-03  1.146089E-06  1.915567E-11  2.582838E-11  2.890596E-11  3.535478E-11  2.051952E-02  8.406794E-06  3.838376E-09  1.490818E-03  1.839633E-07  2.484969E-11  7.819144E-12  4.203755E-05  8.875663E-10  3.787451E-09  4.125813E-10  8.952610E-05  1.791622E-10  1.111404E-10  9.105739E-11  1.027526E-06  1.397493E-06  1.146377E-10  5.543707E-10  7.268006E-10  3.641841E-10
 3.871500E+02  9.341705E-03  1.134928E-06  1.871976E-11  2.524484E-11  2.825391E-11  3.456278E-11  2.046633E-02  8.295370E-06  3.686974E-09  1.487754E-03  1.817134E-07  2.391000E-11  7.673718E-12  4.145752E-05  8.573426E-10  3.664570E-09  4.014396E-10  8.846984E-05  1.735839E-10  1.085465E-10  8.889376E-11  1.014669E-06  1.380027E-06  1.102681E-10  5.329190E-10  6.988400E-10  3.521962E-10
 3.881500E+02  9.318539E-03  1.123938E-06  1.829626E-11  2.467779E-11  2.762029E-11  3.379304E-11  2.041343E-02  8.186023E-06  3.542326E-09  1.484695E-03  1.795009E-07  2.301024E-11  7.531702E-12  4.088864E-05  8.283088E-10  3.546335E-09  3.906606E-10  8.743135E-05  1.682070E-10  1.060273E-10  8.679325E-11  1.002037E-06  1.362865E-06  1.060862E-10  5.124046E-10  6.720952E-10  3.406647E-10
 3.891500E+02  9.295479E-03  1.113114E-06  1.788473E-11  2.412670E-11  2.700447E-11  3.304482E-11  2.036080E-02  8.078705E-06  3.404096E-09  1.481639E-03  1.773251E-07  2.214853E-11  7.393002E-12  4.033064E-05  8.004124E-10  3.432548E-09  3.802308E-10  8.641027E-05  1.630235E-10  1.035801E-10  8.475373E-11  9.896241E-07  1.346001E-06  1.020831E-10  4.927824E-10  6.465076E-10  3.295699E-10
 3.901500E+02  9.272523E-03  1.102455E-06  1.748480E-11  2.359104E-11  2.640588E-11  3.231741E-11  2.030844E-02  7.973369E-06  3.271971E-09  1.478588E-03  1.751853E-07  2.132311E-11  7.257530E-12  3.978327E-05  7.736034E-10  3.323019E-09  3.701370E-10  8.540624E-05  1.580255E-10  1.012027E-10  8.277314E-11  9.774259E-07  1.329429E-06  9.825044E-11  4.740094E-10  6.220219E-10  3.188935E-10
 3.911500E+02  9.249672E-03  1.091957E-06  1.709606E-11  2.307031E-11  2.582394E-11  3.161014E-11  2.025636E-02  7.869970E-06  3.145652E-09  1.475542E-03  1.730808E-07  2.053229E-11  7.125196E-12  3.924627E-05  7.478340E-10  3.217570E-09  3.603669E-10  8.441892E-05  1.532055E-10  9.889268E-11  8.084952E-11  9.654379E-07  1.313142E-06  9.458011E-11  4.560449E-10  5.985856E-10  3.086176E-10
 3.921500E+02  9.226924E-03  1.081616E-06  1.671817E-11  2.256401E-11  2.525812E-11  3.092235E-11  2.020454E-02  7.768463E-06  3.024856E-09  1.472501E-03  1.710108E-07  1.977448E-11  6.995918E-12  3.871940E-05  7.230591E-10  3.116028E-09  3.509085E-10  8.344796E-05  1.485565E-10  9.664785E-11  7.898096E-11  9.536556E-07  1.297134E-06  9.106455E-11  4.388505E-10  5.761489E-10  2.987254E-10
 3.931500E+02  9.204280E-03  1.071430E-06  1.635076E-11  2.207168E-11  2.470788E-11  3.025341E-11  2.015299E-02  7.668807E-06  2.909315E-09  1.469464E-03  1.689748E-07  1.904817E-11  6.869613E-12  3.820244E-05  6.992355E-10  3.018230E-09  3.417503E-10  8.249302E-05  1.440716E-10  9.446609E-11  7.716564E-11  9.420747E-07  1.281400E-06  8.769656E-11  4.223897E-10  5.546647E-10  2.892008E-10
 3.941500E+02  9.181738E-03  1.061396E-06  1.599349E-11  2.159287E-11  2.417274E-11  2.960272E-11  2.010170E-02  7.570959E-06  2.798776E-09  1.466433E-03  1.669720E-07  1.835191E-11  6.746202E-12  3.769514E-05  6.763221E-10  2.924020E-09  3.328815E-10  8.155379E-05  1.397443E-10  9.234531E-11  7.540179E-11  9.306910E-07  1.265934E-06  8.446931E-11  4.066278E-10  5.340882E-10  2.800285E-10
 3.951500E+02  9.159298E-03  1.051511E-06  1.564603E-11  2.112713E-11  2.365220E-11  2.896968E-11  2.005067E-02  7.474878E-06  2.693000E-09  1.463407E-03  1.650018E-07  1.768433E-11  6.625606E-12  3.719729E-05  6.542798E-10  2.833249E-09  3.242914E-10  8.062995E-05  1.355683E-10  9.028356E-11  7.368773E-11  9.195004E-07  1.250730E-06  8.137629E-11  3.915319E-10  5.143768E-10  2.711938E-10
 3.961500E+02  9.136959E-03  1.041772E-06  1.530807E-11  2.067406E-11  2.314579E-11  2.835375E-11  1.999990E-02  7.380524E-06  2.591759E-09  1.460386E-03  1.630636E-07  1.704412E-11  6.507753E-12  3.670867E-05  6.330714E-10  2.745776E-09  3.159699E-10  7.972119E-05  1.315378E-10  8.827890E-11  7.202181E-11  9.084990E-07  1.235783E-06  7.841133E-11  3.770710E-10  4.954904E-10  2.626828E-10
 3.971500E+02  9.114721E-03  1.032176E-06  1.497931E-11  2.023324E-11  2.265306E-11  2.775437E-11  1.994939E-02  7.287861E-06  2.494836E-09  1.457371E-03  1.611567E-07  1.643006E-11  6.392567E-12  3.622906E-05  6.126614E-10  2.661465E-09  3.079074E-10  7.882720E-05  1.276470E-10  8.632951E-11  7.040247E-11  8.976828E-07  1.221087E-06  7.556858E-11  3.632154E-10  4.773906E-10  2.544821E-10
 3.981500E+02  9.092584E-03  1.022721E-06  1.465944E-11  1.980429E-11  2.217358E-11  2.717101E-11  1.989914E-02  7.196848E-06  2.402029E-09  1.454362E-03  1.592805E-07  1.584097E-11  6.279981E-12  3.575827E-05  5.930159E-10  2.580186E-09  3.000946E-10  7.794769E-05  1.238905E-10  8.443361E-11  6.882819E-11  8.870479E-07  1.206638E-06  7.284247E-11  3.499371E-10  4.600412E-10  2.465789E-10
 3.991500E+02  9.070546E-03  1.013404E-06  1.434819E-11  1.938683E-11  2.170693E-11  2.660319E-11  1.984914E-02  7.107451E-06  2.313142E-09  1.451358E-03  1.574345E-07  1.527572E-11  6.169924E-12  3.529609E-05  5.741027E-10  2.501816E-09  2.925226E-10  7.708237E-05  1.202630E-10  8.258948E-11  6.729752E-11  8.765907E-07  1.192430E-06  7.022770E-11  3.372094E-10  4.434076E-10  2.389612E-10
