#         T/K          A/kJ          G/kJ
  2.731500000000E+02   4.033348144717E+00   6.034432162754E+00
  2.741500000000E+02   3.796850969586E+00   5.808994146106E+00
  2.751500000000E+02   3.560130359384E+00   5.583301248958E+00
  2.761500000000E+02   3.323188384273E+00   5.357355913569E+00
  2.771500000000E+02   3.086027083321E+00   5.131160524310E+00
  2.781500000000E+02   2.848648463735E+00   4.904717410399E+00
  2.791500000000E+02   2.611054500211E+00   4.678028848399E+00
  2.801500000000E+02   2.373247134413E+00   4.451097064516E+00
  2.811500000000E+02   2.135228274546E+00   4.223924236708E+00
  2.821500000000E+02   1.896999795049E+00   3.996512496635E+00
  2.831500000000E+02   1.658563536371E+00   3.768863931445E+00
  2.841500000000E+02   1.419921304841E+00   3.540980585430E+00
  2.851500000000E+02   1.181074872622E+00   3.312864461564E+00
  2.861500000000E+02   9.420259777326E-01   3.084517522918E+00
  2.871500000000E+02   7.027763241481E-01   2.855941693986E+00
  2.881500000000E+02   4.633275819528E-01   2.627138861912E+00
  2.891500000000E+02   2.236813875572E-01   2.398110877640E+00
  2.901500000000E+02  -1.616065603719E-02   2.168859556991E+00
  2.911500000000E+02  -2.561969789253E-01   1.939386681669E+00
  2.921500000000E+02  -4.964260439453E-01   1.709694000207E+00
  2.931500000000E+02  -7.368463473578E-01   1.479783227970E+00
  2.941500000000E+02  -9.774564142865E-01   1.249656051457E+00
  2.951500000000E+02  -1.218254803924E+00   1.019314124384E+00
  2.961500000000E+02  -1.459240106248E+00   7.887590707609E-01
  2.971500000000E+02  -1.700410941362E+00   5.579924857673E-01
  2.981500000000E+02  -1.941765959329E+00   3.270159361538E-01
  2.991500000000E+02  -2.183303839767E+00   9.583096077666E-02
  3.001500000000E+02  -2.425023291106E+00  -1.355609285866E-01
  3.011500000000E+02  -2.666923050169E+00  -3.671582467563E-01
  3.021500000000E+02  -2.909001881598E+00  -5.989595345595E-01
  3.031500000000E+02  -3.151258577185E+00  -8.309633581743E-01
  3.041500000000E+02  -3.393691955450E+00  -1.063168308732E+00
  3.051500000000E+02  -3.636300860962E+00  -1.295573001695E+00
  3.061500000000E+02  -3.879084163790E+00  -1.528176076376E+00
  3.071500000000E+02  -4.122040758925E+00  -1.760976195445E+00
  3.081500000000E+02  -4.365169565703E+00  -1.993972044449E+00
  3.091500000000E+02  -4.608469527240E+00  -2.227162331354E+00
  3.101500000000E+02  -4.851939609858E+00  -2.460545786085E+00
  3.111500000000E+02  -5.095578802526E+00  -2.694121160093E+00
  3.121500000000E+02  -5.339386116300E+00  -2.927887225919E+00
  3.131500000000E+02  -5.583360583775E+00  -3.161842776779E+00
  3.141500000000E+02  -5.827501258543E+00  -3.395986626153E+00
  3.151500000000E+02  -6.071807214653E+00  -3.630317607384E+00
  3.161500000000E+02  -6.316277546281E+00  -3.864834573469E+00
  3.171500000000E+02  -6.560911366423E+00  -4.099536395937E+00
  3.181500000000E+02  -6.805707807583E+00  -4.334421965597E+00
  3.191500000000E+02  -7.050666020462E+00  -4.569490191412E+00
  3.201500000000E+02  -7.295785173674E+00  -4.804740000333E+00
  3.211500000000E+02  -7.541064453263E+00  -5.040170336940E+00
  3.221500000000E+02  -7.786503062233E+00  -5.275780163103E+00
  3.231500000000E+02  -8.032100220087E+00  -5.511568457637E+00
  3.241500000000E+02  -8.277855162375E+00  -5.747534215976E+00
  3.251500000000E+02  -8.523767140254E+00  -5.983676449838E+00
  3.261500000000E+02  -8.769835420058E+00  -6.219994186912E+00
  3.271500000000E+02  -9.016059282874E+00  -6.456486470540E+00
  3.281500000000E+02  -9.262438024138E+00  -6.693152359411E+00
  3.291500000000E+02  -9.508970953230E+00  -6.929990927255E+00
  3.301500000000E+02  -9.755657393084E+00  -7.167001262552E+00
  3.311500000000E+02  -1.000249667981E+01  -7.404182468233E+00
  3.321500000000E+02  -1.024948816233E+01  -7.641533661402E+00
  3.331500000000E+02  -1.049663120199E+01  -7.879053973051E+00
  3.341500000000E+02  -1.074392517227E+01  -8.116742547783E+00
  3.351500000000E+02  -1.099136945835E+01  -8.354598543549E+00
  3.361500000000E+02  -1.123896345688E+01  -8.592621131377E+00
  3.371500000000E+02  -1.148670657558E+01  -8.830809495112E+00
  3.381500000000E+02  -1.173459823296E+01  -9.069162831166E+00
  3.391500000000E+02  -1.198263785801E+01  -9.307680348264E+00
  3.401500000000E+02  -1.223082488991E+01  -9.546361267200E+00
  3.411500000000E+02  -1.247915877773E+01  -9.785204820595E+00
  3.421500000000E+02  -1.272763898015E+01  -1.002421025266E+01
  3.431500000000E+02  -1.297626496520E+01  -1.026337681898E+01
  3.441500000000E+02  -1.322503621001E+01  -1.050270378625E+01
  3.451500000000E+02  -1.347395220050E+01  -1.074219043211E+01
  3.461500000000E+02  -1.372301243120E+01  -1.098183604485E+01
  3.471500000000E+02  -1.397221640496E+01  -1.122163992328E+01
  3.481500000000E+02  -1.422156363274E+01  -1.146160137647E+01
  3.491500000000E+02  -1.447105363338E+01  -1.170171972353E+01
  3.501500000000E+02  -1.472068593338E+01  -1.194199429348E+01
  3.511500000000E+02  -1.497046006666E+01  -1.218242442496E+01
  3.521500000000E+02  -1.522037557443E+01  -1.242300946612E+01
  3.531500000000E+02  -1.547043200489E+01  -1.266374877438E+01
  3.541500000000E+02  -1.572062891311E+01  -1.290464171625E+01
  3.551500000000E+02  -1.597096586081E+01  -1.314568766717E+01
  3.561500000000E+02  -1.622144241618E+01  -1.338688601132E+01
  3.571500000000E+02  -1.647205815373E+01  -1.362823614145E+01
  3.581500000000E+02  -1.672281265408E+01  -1.386973745869E+01
  3.591500000000E+02  -1.697370550380E+01  -1.411138937241E+01
  3.601500000000E+02  -1.722473629579E+01  -1.435319130053E+01
  3.611500000000E+02  -1.747590462704E+01  -1.459514266739E+01
  3.621500000000E+02  -1.772721010160E+01  -1.483724290658E+01
  3.631500000000E+02  -1.797865232835E+01  -1.507949145878E+01
  3.641500000000E+02  -1.823023092135E+01  -1.532188777211E+01
  3.651500000000E+02  -1.848194549976E+01  -1.556443130199E+01
  3.661500000000E+02  -1.873379568766E+01  -1.580712151100E+01
  3.671500000000E+02  -1.898578111393E+01  -1.604995786871E+01
  3.681500000000E+02  -1.923790141215E+01  -1.629293985158E+01
  3.691500000000E+02  -1.949015622045E+01  -1.653606694281E+01
  3.701500000000E+02  -1.974254518141E+01  -1.677933863220E+01
  3.711500000000E+02  -1.999506794194E+01  -1.702275441604E+01
  3.721500000000E+02  -2.024772415316E+01  -1.726631379696E+01
  3.731500000000E+02  -2.050051347033E+01  -1.751001628381E+01
  3.741500000000E+02  -2.075343555269E+01  -1.775386139156E+01
  3.751500000000E+02  -2.100649006341E+01  -1.799784864117E+01
  3.761500000000E+02  -2.125967666948E+01  -1.824197755946E+01
  3.771500000000E+02  -2.151299504159E+01  -1.848624767902E+01
  3.781500000000E+02  -2.176644485408E+01  -1.873065853807E+01
  3.791500000000E+02  -2.202002578482E+01  -1.897520968039E+01
  3.801500000000E+02  -2.227373751513E+01  -1.921990065518E+01
  3.811500000000E+02  -2.252757972973E+01  -1.946473101697E+01
  3.821500000000E+02  -2.278155211660E+01  -1.970970032552E+01
  3.831500000000E+02  -2.303565436694E+01  -1.995480814571E+01
  3.841500000000E+02  -2.328988617512E+01  -2.020005404746E+01
  3.851500000000E+02  -2.354424723853E+01  -2.044543760562E+01
  3.861500000000E+02  -2.379873725760E+01  -2.069095839987E+01
  3.871500000000E+02  -2.405335593566E+01  -2.093661601467E+01
  3.881500000000E+02  -2.430810297889E+01  -2.118241003912E+01
  3.891500000000E+02  -2.456297809631E+01  -2.142834006689E+01
  3.901500000000E+02  -2.481798099961E+01  -2.167440569616E+01
  3.911500000000E+02  -2.507311140321E+01  -2.192060652949E+01
  3.921500000000E+02  -2.532836902411E+01  -2.216694217378E+01
  3.931500000000E+02  -2.558375358187E+01  -2.241341224018E+01
  3.941500000000E+02  -2.583926479855E+01  -2.266001634398E+01
  3.951500000000E+02  -2.609490239867E+01  -2.290675410459E+01
  3.961500000000E+02  -2.635066610912E+01  -2.315362514542E+01
  3.971500000000E+02  -2.660655565916E+01  -2.340062909382E+01
  3.981500000000E+02  -2.686257078031E+01  -2.364776558101E+01
  3.991500000000E+02  -2.711871120629E+01  -2.389503424194E+01
