#         T/K     Cv/J*K^-1     Cp/J*K^-1
 2.731500E+02  5.028942E+01  5.029040E+01
 2.741500E+02  5.036583E+01  5.036681E+01
 2.751500E+02  5.044212E+01  5.044312E+01
 2.761500E+02  5.051830E+01  5.051931E+01
 2.771500E+02  5.059436E+01  5.059538E+01
 2.781500E+02  5.067032E+01  5.067136E+01
 2.791500E+02  5.074617E+01  5.074722E+01
 2.801500E+02  5.082192E+01  5.082298E+01
 2.811500E+02  5.089757E+01  5.089865E+01
 2.821500E+02  5.097313E+01  5.097421E+01
 2.831500E+02  5.104859E+01  5.104969E+01
 2.841500E+02  5.112397E+01  5.112508E+01
 2.851500E+02  5.119926E+01  5.120038E+01
 2.861500E+02  5.127448E+01  5.127561E+01
 2.871500E+02  5.134962E+01  5.135076E+01
 2.881500E+02  5.142470E+01  5.142585E+01
 2.891500E+02  5.149971E+01  5.150087E+01
 2.901500E+02  5.157466E+01  5.157583E+01
 2.911500E+02  5.164956E+01  5.165074E+01
 2.921500E+02  5.172441E+01  5.172560E+01
 2.931500E+02  5.179922E+01  5.180042E+01
 2.941500E+02  5.187399E+01  5.187520E+01
 2.951500E+02  5.194873E+01  5.194995E+01
 2.961500E+02  5.202344E+01  5.202467E+01
 2.971500E+02  5.209813E+01  5.209937E+01
 2.981500E+02  5.217280E+01  5.217405E+01
 2.991500E+02  5.224746E+01  5.224871E+01
 3.001500E+02  5.232211E+01  5.232337E+01
 3.011500E+02  5.239676E+01  5.239803E+01
 3.021500E+02  5.247141E+01  5.247268E+01
 3.031500E+02  5.254606E+01  5.254734E+01
 3.041500E+02  5.262072E+01  5.262201E+01
 3.051500E+02  5.269539E+01  5.269668E+01
 3.061500E+02  5.277007E+01  5.277137E+01
 3.071500E+02  5.284476E+01  5.284607E+01
 3.081500E+02  5.291948E+01  5.292080E+01
 3.091500E+02  5.299421E+01  5.299553E+01
 3.101500E+02  5.306897E+01  5.307030E+01
 3.111500E+02  5.314374E+01  5.314508E+01
 3.121500E+02  5.321854E+01  5.321988E+01
 3.131500E+02  5.329337E+01  5.329471E+01
 3.141500E+02  5.336821E+01  5.336956E+01
 3.151500E+02  5.344308E+01  5.344443E+01
 3.161500E+02  5.351797E+01  5.351933E+01
 3.171500E+02  5.359288E+01  5.359424E+01
 3.181500E+02  5.366780E+01  5.366918E+01
 3.191500E+02  5.374275E+01  5.374413E+01
 3.201500E+02  5.381771E+01  5.381909E+01
 3.211500E+02  5.389268E+01  5.389407E+01
 3.221500E+02  5.396767E+01  5.396906E+01
 3.231500E+02  5.404266E+01  5.404406E+01
 3.241500E+02  5.411765E+01  5.411906E+01
 3.251500E+02  5.419264E+01  5.419406E+01
 3.261500E+02  5.426763E+01  5.426905E+01
 3.271500E+02  5.434261E+01  5.434404E+01
 3.281500E+02  5.441757E+01  5.441901E+01
 3.291500E+02  5.449252E+01  5.449396E+01
 3.301500E+02  5.456744E+01  5.456889E+01
 3.311500E+02  5.464234E+01  5.464379E+01
 3.321500E+02  5.471720E+01  5.471866E+01
 3.331500E+02  5.479202E+01  5.479349E+01
 3.341500E+02  5.486679E+01  5.486827E+01
 3.351500E+02  5.494151E+01  5.494300E+01
 3.361500E+02  5.501617E+01  5.501767E+01
 3.371500E+02  5.509077E+01  5.509227E+01
 3.381500E+02  5.516529E+01  5.516680E+01
 3.391500E+02  5.523973E+01  5.524126E+01
 3.401500E+02  5.531409E+01  5.531562E+01
 3.411500E+02  5.538835E+01  1.470354E+03
 3.421500E+02  4.140841E+01  1.460605E+03
 3.431500E+02  4.148537E+01  4.994823E+01
 3.441500E+02  4.156242E+01  5.002268E+01
 3.451500E+02  4.163957E+01  5.009728E+01
 3.461500E+02  4.171681E+01  5.017204E+01
 3.471500E+02  4.179414E+01  5.024693E+01
 3.481500E+02  4.187156E+01  5.032197E+01
 3.491500E+02  4.194906E+01  5.039714E+01
 3.501500E+02  4.202665E+01  5.047245E+01
 3.511500E+02  4.210431E+01  5.054789E+01
 3.521500E+02  4.218206E+01  5.062345E+01
 3.531500E+02  4.225988E+01  5.069913E+01
 3.541500E+02  4.233777E+01  5.077493E+01
 3.551500E+02  4.241573E+01  5.085084E+01
 3.561500E+02  4.249376E+01  5.092686E+01
 3.571500E+02  4.257185E+01  5.100299E+01
 3.581500E+02  4.265001E+01  5.107923E+01
 3.591500E+02  4.272823E+01  5.115556E+01
 3.601500E+02  4.280651E+01  5.123200E+01
 3.611500E+02  4.288484E+01  5.130852E+01
 3.621500E+02  4.296323E+01  5.138514E+01
 3.631500E+02  4.304166E+01  5.146184E+01
 3.641500E+02  4.312015E+01  5.153863E+01
 3.651500E+02  4.319869E+01  5.161550E+01
 3.661500E+02  4.327727E+01  5.169245E+01
 3.671500E+02  4.335589E+01  5.176948E+01
 3.681500E+02  4.343455E+01  5.184658E+01
 3.691500E+02  4.351326E+01  5.192374E+01
 3.701500E+02  4.359200E+01  5.200098E+01
 3.711500E+02  4.367077E+01  5.207828E+01
 3.721500E+02  4.374958E+01  5.215564E+01
 3.731500E+02  4.382842E+01  5.223306E+01
 3.741500E+02  4.390729E+01  5.231053E+01
 3.751500E+02  4.398618E+01  5.238806E+01
 3.761500E+02  4.406510E+01  5.246564E+01
 3.771500E+02  4.414404E+01  5.254327E+01
 3.781500E+02  4.422300E+01  5.262095E+01
 3.791500E+02  4.430199E+01  5.269867E+01
 3.801500E+02  4.438099E+01  5.277643E+01
 3.811500E+02  4.446000E+01  5.285423E+01
 3.821500E+02  4.453903E+01  5.293207E+01
 3.831500E+02  4.461808E+01  5.300994E+01
 3.841500E+02  4.469713E+01  5.308785E+01
 3.851500E+02  4.477619E+01  5.316578E+01
 3.861500E+02  4.485526E+01  5.324374E+01
 3.871500E+02  4.493433E+01  5.332173E+01
 3.881500E+02  4.501341E+01  5.339974E+01
 3.891500E+02  4.509249E+01  5.347778E+01
 3.901500E+02  4.517157E+01  5.355583E+01
 3.911500E+02  4.525064E+01  5.363390E+01
 3.921500E+02  4.532972E+01  5.371199E+01
 3.931500E+02  4.540879E+01  5.379009E+01
 3.941500E+02  4.548786E+01  5.386820E+01
 3.951500E+02  4.556691E+01  5.394632E+01
 3.961500E+02  4.564596E+01  5.402444E+01
 3.971500E+02  4.572500E+01  5.410258E+01
 3.981500E+02  4.580403E+01  5.418072E+01
 3.991500E+02  4.588304E+01  5.425929E+01
