#         T/K          A/kJ          G/kJ
  2.731500000000E+02   3.935271342967E+01   3.935751985780E+01
  2.741500000000E+02   3.921352656751E+01   3.921833525244E+01
  2.751500000000E+02   3.907388476752E+01   3.907869573911E+01
  2.761500000000E+02   3.893378757428E+01   3.893860086048E+01
  2.771500000000E+02   3.879323471156E+01   3.879805034011E+01
  2.781500000000E+02   3.865222607890E+01   3.865704407555E+01
  2.791500000000E+02   3.851076175081E+01   3.851558214102E+01
  2.801500000000E+02   3.836884197702E+01   3.837366478538E+01
  2.811500000000E+02   3.822646717668E+01   3.823129242689E+01
  2.821500000000E+02   3.808363793370E+01   3.808846564860E+01
  2.831500000000E+02   3.794035499037E+01   3.794518519193E+01
  2.841500000000E+02   3.779661924178E+01   3.780145195111E+01
  2.851500000000E+02   3.765243172819E+01   3.765726696553E+01
  2.861500000000E+02   3.750779362959E+01   3.751263141435E+01
  2.871500000000E+02   3.736270625422E+01   3.736754660501E+01
  2.881500000000E+02   3.721717103423E+01   3.722201396888E+01
  2.891500000000E+02   3.707118951338E+01   3.707603504894E+01
  2.901500000000E+02   3.692476334974E+01   3.692961150254E+01
  2.911500000000E+02   3.677789428597E+01   3.678274507164E+01
  2.921500000000E+02   3.663058416156E+01   3.663543759507E+01
  2.931500000000E+02   3.648283489462E+01   3.648769099032E+01
  2.941500000000E+02   3.633464847528E+01   3.633950724692E+01
  2.951500000000E+02   3.618602695777E+01   3.619088841855E+01
  2.961500000000E+02   3.603697245229E+01   3.604183661490E+01
  2.971500000000E+02   3.588748711816E+01   3.589235399480E+01
  2.981500000000E+02   3.573757315588E+01   3.574244275832E+01
  2.991500000000E+02   3.558723280055E+01   3.559210514016E+01
  3.001500000000E+02   3.543646831528E+01   3.544134340306E+01
  3.011500000000E+02   3.528528198496E+01   3.529015983158E+01
  3.021500000000E+02   3.513367611042E+01   3.513855672625E+01
  3.031500000000E+02   3.498165300295E+01   3.498653639811E+01
  3.041500000000E+02   3.482921497917E+01   3.483410116353E+01
  3.051500000000E+02   3.467636435653E+01   3.468125333979E+01
  3.061500000000E+02   3.452310344736E+01   3.452799523905E+01
  3.071500000000E+02   3.436943455779E+01   3.437432916729E+01
  3.081500000000E+02   3.421535998218E+01   3.422025741878E+01
  3.091500000000E+02   3.406088199443E+01   3.406578226735E+01
  3.101500000000E+02   3.390600285778E+01   3.391090597619E+01
  3.111500000000E+02   3.375072481040E+01   3.375563078344E+01
  3.121500000000E+02   3.359505005932E+01   3.359995889616E+01
  3.131500000000E+02   3.343898079656E+01   3.344389250638E+01
  3.141500000000E+02   3.328251917616E+01   3.328743376822E+01
  3.151500000000E+02   3.312566732330E+01   3.313058480694E+01
  3.161500000000E+02   3.296842733360E+01   3.297334771826E+01
  3.171500000000E+02   3.019867745178E+01   3.280216276077E+01
  3.181500000000E+02   2.993234352612E+01   3.254458039169E+01
  3.191500000000E+02   2.966584614100E+01   3.228682659909E+01
  3.201500000000E+02   2.939918562214E+01   3.202890188516E+01
  3.211500000000E+02   2.913236229134E+01   3.177080674338E+01
  3.221500000000E+02   2.886537646661E+01   3.151254165882E+01
  3.231500000000E+02   2.859822846220E+01   3.125410710838E+01
  3.241500000000E+02   2.833091858867E+01   3.099550356099E+01
  3.251500000000E+02   2.806344715300E+01   3.073673147790E+01
  3.261500000000E+02   2.779581445864E+01   3.047779131284E+01
  3.271500000000E+02   2.752802080561E+01   3.021868351229E+01
  3.281500000000E+02   2.726006649053E+01   2.995940851562E+01
  3.291500000000E+02   2.699195180676E+01   2.969996675535E+01
  3.301500000000E+02   2.672367704439E+01   2.944035865728E+01
  3.311500000000E+02   2.645524249042E+01   2.918058464072E+01
  3.321500000000E+02   2.618664842873E+01   2.892064511863E+01
  3.331500000000E+02   2.591789514021E+01   2.866054049782E+01
  3.341500000000E+02   2.564898290281E+01   2.840027117908E+01
  3.351500000000E+02   2.537991199163E+01   2.813983755737E+01
  3.361500000000E+02   2.511068267896E+01   2.787924002193E+01
  3.371500000000E+02   2.484129523434E+01   2.761847895649E+01
  3.381500000000E+02   2.457174992465E+01   2.735755473936E+01
  3.391500000000E+02   2.430204701416E+01   2.709646774357E+01
  3.401500000000E+02   2.403218676460E+01   2.683521833704E+01
  3.411500000000E+02   2.376216943519E+01   2.657380688269E+01
  3.421500000000E+02   2.349199528273E+01   2.631223373853E+01
  3.431500000000E+02   2.322166456163E+01   2.605049925786E+01
  3.441500000000E+02   2.295117752399E+01   2.578860378931E+01
  3.451500000000E+02   2.268053441963E+01   2.552654767699E+01
  3.461500000000E+02   2.240973549614E+01   2.526433126060E+01
  3.471500000000E+02   2.213878099897E+01   2.500195487554E+01
  3.481500000000E+02   2.186767117142E+01   2.473941885298E+01
  3.491500000000E+02   2.159640625471E+01   2.447672352002E+01
  3.501500000000E+02   2.132498648804E+01   2.421386919973E+01
  3.511500000000E+02   2.105341210864E+01   2.395085621127E+01
  3.521500000000E+02   2.078168335177E+01   2.368768487001E+01
  3.531500000000E+02   2.050980045079E+01   2.342435548755E+01
  3.541500000000E+02   2.023776363721E+01   2.316086837188E+01
  3.551500000000E+02   1.996557314073E+01   2.289722382741E+01
  3.561500000000E+02   1.969322918922E+01   2.263342215509E+01
  3.571500000000E+02   1.942073200885E+01   2.236946365244E+01
  3.581500000000E+02   1.914808182404E+01   2.210534861371E+01
  3.591500000000E+02   1.887527885757E+01   2.184107732987E+01
  3.601500000000E+02   1.860232333055E+01   2.157665008871E+01
  3.611500000000E+02   1.832921546249E+01   2.131206717495E+01
  3.621500000000E+02   1.805595547131E+01   2.104732887026E+01
  3.631500000000E+02   1.778254357339E+01   2.078243545333E+01
  3.641500000000E+02   1.750897998361E+01   2.051738719997E+01
  3.651500000000E+02   1.723526491329E+01   2.025218438129E+01
  3.661500000000E+02   1.696139857856E+01   1.998682727132E+01
  3.671500000000E+02   1.668738118771E+01   1.972131613554E+01
  3.681500000000E+02   1.641321294984E+01   1.945565123876E+01
  3.691500000000E+02   1.613889407262E+01   1.918983284321E+01
  3.701500000000E+02   1.586442476242E+01   1.892386120855E+01
  3.711500000000E+02   1.558980522424E+01   1.865773659195E+01
  3.721500000000E+02   1.531503566180E+01   1.839145924814E+01
  3.731500000000E+02   1.504011627751E+01   1.812502942949E+01
  3.741500000000E+02   1.476504727256E+01   1.785844738598E+01
  3.751500000000E+02   1.448982884686E+01   1.759171336534E+01
  3.761500000000E+02   1.421446119914E+01   1.732482761302E+01
  3.771500000000E+02   1.393894452692E+01   1.705779037231E+01
  3.781500000000E+02   1.366327902654E+01   1.679060188432E+01
  3.791500000000E+02   1.338746489320E+01   1.652326238805E+01
  3.801500000000E+02   1.311150232095E+01   1.625577212043E+01
  3.811500000000E+02   1.283539150274E+01   1.598813131637E+01
  3.821500000000E+02   1.255913263042E+01   1.572034020879E+01
  3.831500000000E+02   1.228272589475E+01   1.545239902866E+01
  3.841500000000E+02   1.200617148543E+01   1.518430800503E+01
  3.851500000000E+02   1.172946959112E+01   1.491606736511E+01
  3.861500000000E+02   1.145262039945E+01   1.464767733422E+01
  3.871500000000E+02   1.117562409704E+01   1.437913813593E+01
  3.881500000000E+02   1.089848086952E+01   1.411044999201E+01
  3.891500000000E+02   1.062119090153E+01   1.384161312249E+01
  3.901500000000E+02   1.034375437674E+01   1.357262774574E+01
  3.911500000000E+02   1.006617147787E+01   1.330349407842E+01
  3.921500000000E+02   9.788442386728E+00   1.303421233557E+01
  3.931500000000E+02   9.510567284166E+00   1.276478273061E+01
  3.941500000000E+02   9.232546350145E+00   1.249520547540E+01
  3.951500000000E+02   8.954379763730E+00   1.222548078023E+01
  3.961500000000E+02   8.676067703099E+00   1.195560885389E+01
  3.971500000000E+02   8.397610345565E+00   1.168558990366E+01
  3.981500000000E+02   8.119007867580E+00   1.141542413536E+01
  3.991500000000E+02   7.840260444752E+00   1.114511175337E+01
