#         T/K            c1          c2-1          c3-4          c3-5          c3-7          c3-9            m1          m2-1          m3-1            w1            w2          w3-1          w3-2          c1m1        c1m2-1        c1m2-7        c2m1-1        c1w1-2        c1w2-1        c2w1-1        c2w1-9        m1w1-1        m1w1-4        m1w2-1        m2w1-1        m2w1-3      c1m1w1-1
 2.731500E+02  3.529540E-02  4.313255E-05  1.860750E-08  2.442279E-08  2.717229E-08  3.239958E-08  6.617842E-03  3.853818E-06  3.229716E-08  1.211708E-03  5.271399E-07  3.109977E-09  4.363629E-11  2.556959E-04  3.773834E-08  1.238315E-07  6.718809E-08  1.079194E-03  3.440557E-08  2.698396E-08  2.369477E-08  1.133465E-06  1.542952E-06  5.598514E-09  1.107118E-08  1.402180E-08  3.457839E-08
 2.741500E+02  3.517169E-02  4.223033E-05  1.768948E-08  2.322573E-08  2.584240E-08  3.082357E-08  6.597226E-03  3.753387E-06  2.977603E-08  1.219555E-03  5.235768E-07  2.955664E-09  4.308275E-11  2.484815E-04  3.512870E-08  1.156418E-07  6.337073E-08  1.062037E-03  3.279683E-08  2.586713E-08  2.269449E-08  1.115365E-06  1.518216E-06  5.269871E-09  1.031558E-08  1.307002E-08  3.255365E-08
 2.751500E+02  3.504878E-02  4.135375E-05  1.682352E-08  2.209617E-08  2.458741E-08  2.933585E-08  6.576609E-03  3.656155E-06  2.746684E-08  1.227218E-03  5.199276E-07  2.808952E-09  4.252421E-11  2.415187E-04  3.271618E-08  1.080463E-07  5.979653E-08  1.045148E-03  3.126663E-08  2.480169E-08  2.174109E-08  1.097519E-06  1.493833E-06  4.961344E-09  9.614980E-09  1.218717E-08  3.065698E-08
 2.761500E+02  3.492667E-02  4.050191E-05  1.600631E-08  2.102986E-08  2.340259E-08  2.793089E-08  6.555995E-03  3.562009E-06  2.535063E-08  1.234700E-03  5.161975E-07  2.669484E-09  4.196142E-11  2.347973E-04  3.048474E-08  1.009984E-07  5.644849E-08  1.028526E-03  2.981104E-08  2.378507E-08  2.083219E-08  1.079929E-06  1.469804E-06  4.671671E-09  8.965163E-09  1.136800E-08  2.887976E-08
 2.771500E+02  3.480536E-02  3.967397E-05  1.523479E-08  2.002283E-08  2.228356E-08  2.660355E-08  6.535392E-03  3.470838E-06  2.341020E-08  1.242000E-03  5.123918E-07  2.536920E-09  4.139510E-11  2.283077E-04  2.841975E-08  9.445553E-08  5.331090E-08  1.012167E-03  2.842637E-08  2.281485E-08  1.996555E-08  1.062596E-06  1.446129E-06  4.399666E-09  8.362244E-09  1.060764E-08  2.721397E-08
 2.781500E+02  3.468484E-02  3.886910E-05  1.450610E-08  1.907139E-08  2.122623E-08  2.534901E-08  6.514805E-03  3.382536E-06  2.162998E-08  1.249120E-03  5.085157E-07  2.410933E-09  4.082595E-11  2.220406E-04  2.650781E-08  8.837853E-08  5.036923E-08  9.960702E-04  2.710909E-08  2.188873E-08  1.913904E-08  1.045517E-06  1.422808E-06  4.144223E-09  7.802649E-09  9.901640E-09  2.565217E-08
 2.791500E+02  3.456509E-02  3.808652E-05  1.381758E-08  1.817211E-08  2.022680E-08  2.416280E-08  6.494240E-03  3.297003E-06  1.999587E-08  1.256061E-03  5.045739E-07  2.291210E-09  4.025463E-11  2.159873E-04  2.473670E-08  8.273152E-08  4.761004E-08  9.802325E-04  2.585586E-08  2.100454E-08  1.835064E-08  1.028694E-06  1.399838E-06  3.904302E-09  7.283090E-09  9.245897E-09  2.418744E-08
 2.801500E+02  3.444612E-02  3.732549E-05  1.316675E-08  1.732178E-08  1.928170E-08  2.304075E-08  6.473702E-03  3.214140E-06  1.849507E-08  1.262825E-03  5.005716E-07  2.177452E-09  3.968178E-11  2.101392E-04  2.309522E-08  7.748157E-08  4.502087E-08  9.646514E-04  2.466349E-08  2.016022E-08  1.759845E-08  1.012125E-06  1.377220E-06  3.678933E-09  6.800540E-09  8.636628E-09  2.281333E-08
 2.811500E+02  3.432792E-02  3.658527E-05  1.255130E-08  1.651742E-08  1.838763E-08  2.197897E-08  6.453196E-03  3.133853E-06  1.711596E-08  1.269412E-03  4.965133E-07  2.069373E-09  3.910801E-11  2.044885E-04  2.157313E-08  7.259846E-08  4.259020E-08  9.493246E-04  2.352895E-08  1.935382E-08  1.688066E-08  9.958097E-07  1.354951E-06  3.467204E-09  6.352211E-09  8.070348E-09  2.152387E-08
 2.821500E+02  3.421048E-02  3.586516E-05  1.196907E-08  1.575624E-08  1.754149E-08  2.097382E-08  6.432726E-03  3.056051E-06  1.584802E-08  1.275825E-03  4.924037E-07  1.966697E-09  3.853390E-11  1.990272E-04  2.016105E-08  6.805441E-08  4.030735E-08  9.342492E-04  2.244936E-08  1.858348E-08  1.619556E-08  9.797467E-07  1.333031E-06  3.268264E-09  5.935536E-09  7.543848E-09  2.031349E-08
 2.831500E+02  3.409379E-02  3.516451E-05  1.141806E-08  1.503565E-08  1.674042E-08  2.002192E-08  6.412297E-03  2.980647E-06  1.468166E-08  1.282065E-03  4.882473E-07  1.869163E-09  3.796001E-11  1.937481E-04  1.885040E-08  6.382391E-08  3.816243E-08  9.194227E-04  2.142201E-08  1.784747E-08  1.554153E-08  9.639346E-07  1.311456E-06  3.081315E-09  5.548150E-09  7.054170E-09  1.917700E-08
 2.841500E+02  3.397785E-02  3.448266E-05  1.089638E-08  1.435321E-08  1.598170E-08  1.912010E-08  6.391913E-03  2.907557E-06  1.360817E-08  1.288133E-03  4.840485E-07  1.776520E-09  3.738688E-11  1.886442E-04  1.763330E-08  5.988349E-08  3.614624E-08  9.048422E-04  2.044428E-08  1.714410E-08  1.491705E-08  9.483722E-07  1.290225E-06  2.905609E-09  5.187872E-09  6.598586E-09  1.810959E-08
 2.851500E+02  3.386265E-02  3.381900E-05  1.040229E-08  1.370665E-08  1.526283E-08  1.826539E-08  6.371578E-03  2.836699E-06  1.261966E-08  1.294032E-03  4.798114E-07  1.688529E-09  3.681499E-11  1.837085E-04  1.650252E-08  5.621159E-08  3.425028E-08  8.905050E-04  1.951372E-08  1.647181E-08  1.432066E-08  9.330578E-07  1.269335E-06  2.740446E-09  4.852692E-09  6.174580E-09  1.710677E-08
 2.861500E+02  3.374819E-02  3.317294E-05  9.934152E-09  1.309386E-08  1.458146E-08  1.745504E-08  6.351295E-03  2.767996E-06  1.170893E-08  1.299762E-03  4.755402E-07  1.604961E-09  3.624484E-11  1.789348E-04  1.545144E-08  5.278833E-08  3.246663E-08  8.764083E-04  1.862798E-08  1.582911E-08  1.375099E-08  9.179895E-07  1.248783E-06  2.585172E-09  4.540757E-09  5.779832E-09  1.616435E-08
 2.871500E+02  3.363445E-02  3.254390E-05  9.490428E-09  1.251285E-08  1.393538E-08  1.668644E-08  6.331067E-03  2.701372E-06  1.086941E-08  1.305327E-03  4.712388E-07  1.525598E-09  3.567686E-11  1.743167E-04  1.447399E-08  4.959544E-08  3.078796E-08  8.625491E-04  1.778483E-08  1.521457E-08  1.320673E-08  9.031655E-07  1.228568E-06  2.439172E-09  4.250358E-09  5.412199E-09  1.527844E-08
 2.881500E+02  3.352144E-02  3.193133E-05  9.069689E-09  1.196178E-08  1.332255E-08  1.595719E-08  6.310898E-03  2.636757E-06  1.009516E-08  1.310728E-03  4.669111E-07  1.450233E-09  3.511148E-11  1.698484E-04  1.356457E-08  4.661607E-08  2.920744E-08  8.489244E-04  1.698216E-08  1.462685E-08  1.268665E-08  8.885837E-07  1.208686E-06  2.301871E-09  3.979917E-09  5.069706E-09  1.444540E-08
 2.891500E+02  3.340915E-02  3.133471E-05  8.670599E-09  1.143890E-08  1.274104E-08  1.526501E-08  6.290790E-03  2.574080E-06  9.380725E-09  1.315966E-03  4.625607E-07  1.378666E-09  3.454911E-11  1.655243E-04  1.271806E-08  4.383471E-08  2.771873E-08  8.355314E-04  1.621796E-08  1.406467E-08  1.218958E-08  8.742420E-07  1.189133E-06  2.172732E-09  3.727977E-09  4.750526E-09  1.366187E-08
 2.901500E+02  3.329757E-02  3.075353E-05  8.291905E-09  1.094259E-08  1.218904E-08  1.460778E-08  6.270746E-03  2.513274E-06  8.721162E-09  1.321045E-03  4.581912E-07  1.310709E-09  3.399011E-11  1.613388E-04  1.192974E-08  4.123703E-08  2.631595E-08  8.223671E-04  1.549032E-08  1.352683E-08  1.171441E-08  8.601381E-07  1.169907E-06  2.051250E-09  3.493194E-09  4.452973E-09  1.292468E-08
 2.911500E+02  3.318669E-02  3.018728E-05  7.932434E-09  1.047134E-08  1.166487E-08  1.398352E-08  6.250770E-03  2.454275E-06  8.111948E-09  1.325966E-03  4.538061E-07  1.246181E-09  3.343484E-11  1.572868E-04  1.119528E-08  3.880985E-08  2.499361E-08  8.094284E-04  1.479743E-08  1.301217E-08  1.126009E-08  8.462697E-07  1.151005E-06  1.936952E-09  3.274328E-09  4.175490E-09  1.223090E-08
 2.921500E+02  3.307651E-02  2.963552E-05  7.591087E-09  1.002372E-08  1.116696E-08  1.339036E-08  6.230862E-03  2.397021E-06  7.548961E-09  1.330730E-03  4.494085E-07  1.184911E-09  3.288363E-11  1.533633E-04  1.051067E-08  3.654099E-08  2.374660E-08  7.967123E-04  1.413757E-08  1.251961E-08  1.082561E-08  8.326342E-07  1.132422E-06  1.829397E-09  3.070230E-09  3.916638E-09  1.157777E-08
 2.931500E+02  3.296702E-02  2.909777E-05  7.266837E-09  9.598390E-09  1.069381E-08  1.282655E-08  6.211026E-03  2.341453E-06  7.028437E-09  1.335342E-03  4.450018E-07  1.126734E-09  3.233677E-11  1.495636E-04  9.872253E-09  3.441919E-08  2.257019E-08  7.842157E-04  1.350910E-08  1.204810E-08  1.041003E-08  8.192293E-07  1.114155E-06  1.728169E-09  2.879841E-09  3.675086E-09  1.096275E-08
 2.941500E+02  3.285822E-02  2.857360E-05  6.958718E-09  9.194105E-09  1.024404E-08  1.229046E-08  6.191263E-03  2.287513E-06  6.546936E-09  1.339801E-03  4.405889E-07  1.071496E-09  3.179456E-11  1.458830E-04  9.276641E-09  3.243408E-08  2.145993E-08  7.719355E-04  1.291047E-08  1.159666E-08  1.001246E-08  8.060522E-07  1.096201E-06  1.632880E-09  2.702181E-09  3.449602E-09  1.038345E-08
 2.951500E+02  3.275010E-02  2.806259E-05  6.665826E-09  8.809688E-09  9.816351E-09  1.178054E-08  6.171575E-03  2.235146E-06  6.101318E-09  1.344111E-03  4.361727E-07  1.019048E-09  3.125726E-11  1.423172E-04  8.720716E-09  3.057605E-08  2.041173E-08  7.598688E-04  1.234021E-08  1.116436E-08  9.632034E-09  7.931003E-07  1.078555E-06  1.543168E-09  2.536344E-09  3.239049E-09  9.837632E-09
 2.961500E+02  3.264265E-02  2.756433E-05  6.387312E-09  8.444038E-09  9.409514E-09  1.129536E-08  6.151964E-03  2.184298E-06  5.688708E-09  1.348274E-03  4.317560E-07  9.692481E-10  3.072511E-11  1.388620E-04  8.201605E-09  2.883625E-08  1.942172E-08  7.480123E-04  1.179690E-08  1.075030E-08  9.267948E-09  7.803709E-07  1.061214E-06  1.458691E-09  2.381492E-09  3.042373E-09  9.323219E-09
 2.971500E+02  3.253587E-02  2.707843E-05  6.122382E-09  8.096122E-09  9.022383E-09  1.083355E-08  6.132431E-03  2.134919E-06  5.306478E-09  1.352293E-03  4.273415E-07  9.219634E-10  3.019833E-11  1.355133E-04  7.716659E-09  2.720645E-08  1.848633E-08  7.363631E-04  1.127924E-08  1.035365E-08  8.919434E-09  7.678612E-07  1.044175E-06  1.379129E-09  2.236849E-09  2.858600E-09  8.838268E-09
 2.981500E+02  3.242976E-02  2.660451E-05  5.870286E-09  7.764967E-09  8.653881E-09  1.039385E-08  6.112979E-03  2.086959E-06  4.952224E-09  1.356168E-03  4.229317E-07  8.770658E-10  2.967713E-11  1.322673E-04  7.263430E-09  2.567907E-08  1.760222E-08  7.249180E-04  1.078594E-08  9.973605E-09  8.585761E-09  7.555684E-07  1.027432E-06  1.304183E-09  2.101699E-09  2.686826E-09  8.380961E-09
 2.991500E+02  3.232431E-02  2.614221E-05  5.630323E-09  7.449663E-09  8.302994E-09  9.975067E-09  6.093608E-03  2.040370E-06  4.623743E-09  1.359903E-03  4.185290E-07  8.344340E-10  2.916169E-11  1.291203E-04  6.839663E-09  2.424709E-08  1.676626E-08  7.136739E-04  1.031581E-08  9.609399E-09  8.266236E-09  7.434896E-07  1.010983E-06  1.233574E-09  1.975376E-09  2.526217E-09  7.949602E-09
 3.001500E+02  3.221950E-02  2.569118E-05  5.401834E-09  7.149350E-09  7.968772E-09  9.576065E-09  6.074320E-03  1.995108E-06  4.319016E-09  1.363501E-03  4.141357E-07  7.939527E-10  2.865218E-11  1.260687E-04  6.443274E-09  2.290399E-08  1.597555E-08  7.026278E-04  9.867718E-09  9.260309E-09  7.960203E-09  7.316220E-07  9.948220E-07  1.167037E-09  1.857266E-09  2.375996E-09  7.542604E-09
 3.011500E+02  3.211535E-02  2.525108E-05  5.184199E-09  6.863224E-09  7.650318E-09  9.195789E-09  6.055115E-03  1.951127E-06  4.036196E-09  1.366962E-03  4.097541E-07  7.555122E-10  2.814874E-11  1.231092E-04  6.072335E-09  2.164375E-08  1.522737E-08  6.917765E-04  9.440572E-09  8.925645E-09  7.667035E-09  7.199625E-07  9.789464E-07  1.104328E-09  1.746798E-09  2.235448E-09  7.158486E-09
 3.021500E+02  3.201183E-02  2.482158E-05  4.976834E-09  6.590527E-09  7.346791E-09  8.833247E-09  6.035996E-03  1.908386E-06  3.773585E-09  1.370290E-03  4.053861E-07  7.190084E-10  2.765153E-11  1.202384E-04  5.725067E-09  2.046077E-08  1.451917E-08  6.811171E-04  9.033348E-09  8.604753E-09  7.386138E-09  7.085083E-07  9.633516E-07  1.045214E-09  1.643444E-09  2.103905E-09  6.795858E-09
 3.031500E+02  3.190896E-02  2.440236E-05  4.779193E-09  6.330545E-09  7.057401E-09  8.487500E-09  6.016962E-03  1.866844E-06  3.529628E-09  1.373487E-03  4.010338E-07  6.843425E-10  2.716065E-11  1.174532E-04  5.399825E-09  1.934989E-08  1.384858E-08  6.706464E-04  8.645070E-09  8.297009E-09  7.116948E-09  6.972565E-07  9.480336E-07  9.894790E-10  1.546715E-09  1.980753E-09  6.453425E-09
 3.041500E+02  3.180671E-02  2.399313E-05  4.590758E-09  6.082607E-09  6.781400E-09  8.157668E-09  5.998015E-03  1.826461E-06  3.302897E-09  1.376555E-03  3.966991E-07  6.514203E-10  2.667621E-11  1.147506E-04  5.095084E-09  1.830628E-08  1.321338E-08  6.603615E-04  8.274812E-09  8.001821E-09  6.858929E-09  6.862040E-07  9.329882E-07  9.369205E-10  1.456157E-09  1.865418E-09  6.129973E-09
 3.051500E+02  3.170509E-02  2.359359E-05  4.411045E-09  5.846081E-09  6.518087E-09  7.842920E-09  5.979155E-03  1.787199E-06  3.092080E-09  1.379496E-03  3.923837E-07  6.201528E-10  2.619830E-11  1.121277E-04  4.809436E-09  1.732550E-08  1.261149E-08  6.502593E-04  7.921693E-09  7.718624E-09  6.611570E-09  6.753478E-07  9.182113E-07  8.873479E-10  1.371349E-09  1.757369E-09  5.824364E-09
 3.061500E+02  3.160409E-02  2.320345E-05  4.239597E-09  5.620371E-09  6.266802E-09  7.542474E-09  5.960384E-03  1.749022E-06  2.895974E-09  1.382313E-03  3.880892E-07  5.904551E-10  2.572701E-11  1.095817E-04  4.541576E-09  1.640340E-08  1.204097E-08  6.403369E-04  7.584877E-09  7.446883E-09  6.374386E-09  6.646851E-07  9.036987E-07  8.405825E-10  1.291900E-09  1.656115E-09  5.535536E-09
 3.071500E+02  3.150370E-02  2.282244E-05  4.075982E-09  5.404919E-09  6.026921E-09  7.255592E-09  5.941701E-03  1.711894E-06  2.713470E-09  1.385008E-03  3.838173E-07  5.622468E-10  2.526240E-11  1.071100E-04  4.290294E-09  1.553613E-08  1.149999E-08  6.305911E-04  7.263572E-09  7.186085E-09  6.146917E-09  6.542127E-07  8.894462E-07  7.964571E-10  1.217448E-09  1.561197E-09  5.262492E-09
 3.081500E+02  3.140392E-02  2.245029E-05  3.919796E-09  5.199193E-09  5.797857E-09  6.981580E-09  5.923108E-03  1.675782E-06  2.543550E-09  1.387583E-03  3.795694E-07  5.354517E-10  2.480452E-11  1.047100E-04  4.054471E-09  1.472012E-08  1.098685E-08  6.210192E-04  6.957022E-09  6.935745E-09  5.928724E-09  6.439278E-07  8.754499E-07  7.548145E-10  1.147656E-09  1.472190E-09  5.004299E-09
 3.091500E+02  3.130475E-02  2.208676E-05  3.770656E-09  5.002698E-09  5.579058E-09  6.719782E-09  5.904604E-03  1.640653E-06  2.385277E-09  1.390041E-03  3.753469E-07  5.099972E-10  2.435341E-11  1.023792E-04  3.833067E-09  1.395205E-08  1.049996E-08  6.116182E-04  6.664513E-09  6.695400E-09  5.719388E-09  6.338273E-07  8.617055E-07  7.155074E-10  1.082212E-09  1.388701E-09  4.760083E-09
 3.101500E+02  3.120618E-02  2.173159E-05  3.628201E-09  4.814961E-09  5.370000E-09  6.469580E-09  5.886191E-03  1.606476E-06  2.237790E-09  1.392383E-03  3.711511E-07  4.858146E-10  2.390911E-11  1.001152E-04  3.625119E-09  1.322883E-08  1.003782E-08  6.023851E-04  6.385363E-09  6.464609E-09  5.518515E-09  6.239082E-07  8.482089E-07  6.783975E-10  1.020825E-09  1.310363E-09  4.529025E-09
 3.111500E+02  3.110820E-02  2.138455E-05  3.492092E-09  4.635541E-09  5.170191E-09  6.230389E-09  5.867868E-03  1.573219E-06  2.100294E-09  1.394612E-03  3.669833E-07  4.628387E-10  2.347164E-11  9.791585E-05  3.429734E-09  1.254759E-08  9.599020E-09  5.933170E-04  6.118928E-09  6.242952E-09  5.325725E-09  6.141677E-07  8.349561E-07  6.433552E-10  9.632263E-10  1.236834E-09  4.310358E-09
 3.121500E+02  3.101081E-02  2.104540E-05  3.362007E-09  4.464018E-09  4.979167E-09  6.001660E-09  5.849636E-03  1.540854E-06  1.972057E-09  1.396731E-03  3.628444E-07  4.410075E-10  2.304102E-11  9.577889E-05  3.246080E-09  1.190565E-08  9.182250E-09  5.844112E-04  5.864592E-09  6.030029E-09  5.140659E-09  6.046027E-07  8.219430E-07  6.102587E-10  9.091645E-10  1.167798E-09  4.103361E-09
 3.131500E+02  3.091401E-02  2.071392E-05  3.237643E-09  4.299997E-09  4.796488E-09  5.782870E-09  5.831496E-03  1.509353E-06  1.852405E-09  1.398740E-03  3.587357E-07  4.202624E-10  2.261725E-11  9.370222E-05  3.073388E-09  1.130052E-08  8.786274E-09  5.756648E-04  5.621775E-09  5.825461E-09  4.962975E-09  5.952103E-07  8.091656E-07  5.789936E-10  8.584067E-10  1.102960E-09  3.907358E-09
 3.141500E+02  3.081778E-02  2.038991E-05  3.118715E-09  4.143106E-09  4.621740E-09  5.573530E-09  5.813446E-03  1.478688E-06  1.740718E-09  1.400644E-03  3.546581E-07  4.005477E-10  2.220032E-11  9.168383E-05  2.910942E-09  1.072989E-08  8.409933E-09  5.670751E-04  5.389921E-09  5.628882E-09  4.792347E-09  5.859877E-07  7.966198E-07  5.494529E-10  8.107362E-10  1.042047E-09  3.721717E-09
 3.151500E+02  3.072213E-02  2.007313E-05  3.004953E-09  3.992992E-09  4.454530E-09  5.373174E-09  5.795489E-03  1.448832E-06  1.636420E-09  1.402442E-03  3.506125E-07  3.818106E-10  2.179022E-11  8.972176E-05  2.758075E-09  1.019159E-08  8.052139E-09  5.586392E-04  5.168504E-09  5.439948E-09  4.628465E-09  5.769320E-07  7.843017E-07  5.215357E-10  7.659513E-10  9.848017E-10  3.545844E-09
 3.161500E+02  3.062706E-02  1.976341E-05  2.896102E-09  3.849322E-09  4.294490E-09  5.181363E-09  5.777622E-03  1.419762E-06  1.538984E-09  1.404139E-03  3.465998E-07  3.640010E-10  2.138694E-11  8.781416E-05  2.614171E-09  9.683606E-09  7.711871E-09  5.503544E-04  4.957026E-09  5.258330E-09  4.471033E-09  5.680402E-07  7.722074E-07  4.951475E-10  7.238642E-10  9.309882E-10  3.379179E-09
 3.171500E+02  3.053254E-02  1.946054E-05  2.791919E-09  3.711780E-09  4.141268E-09  4.997682E-09  5.759848E-03  1.391451E-06  1.447920E-09  1.405735E-03  3.426206E-07  3.470713E-10  2.099045E-11  8.595920E-05  2.478651E-09  9.204064E-09  7.388168E-09  5.422180E-04  4.755010E-09  5.083712E-09  4.319770E-09  5.593096E-07  7.603328E-07  4.701996E-10  6.843004E-10  8.803850E-10  3.221200E-09
 3.181500E+02  3.043859E-02  1.916433E-05  2.692178E-09  3.580070E-09  3.994534E-09  4.821738E-09  5.742165E-03  1.363877E-06  1.362776E-09  1.407233E-03  3.386758E-07  3.309767E-10  2.060072E-11  8.415518E-05  2.350982E-09  8.751211E-09  7.080129E-09  5.342274E-04  4.562007E-09  4.915795E-09  4.174408E-09  5.507372E-07  7.486742E-07  4.466085E-10  6.470971E-10  8.327859E-10  3.071414E-09
 3.191500E+02  3.034519E-02  1.887461E-05  2.596663E-09  3.453908E-09  3.853976E-09  4.653160E-09  5.724573E-03  1.337017E-06  1.283137E-09  1.408636E-03  3.347659E-07  3.156742E-10  2.021771E-11  8.240041E-05  2.230665E-09  8.323411E-09  6.786905E-09  5.263800E-04  4.377587E-09  4.754293E-09  4.034691E-09  5.423205E-07  7.372278E-07  4.242959E-10  6.121028E-10  7.879991E-10  2.929359E-09
 3.201500E+02  3.025235E-02  1.859119E-05  2.505170E-09  3.333030E-09  3.719295E-09  4.491596E-09  5.707074E-03  1.310849E-06  1.208617E-09  1.409944E-03  3.308916E-07  3.011236E-10  1.984137E-11  8.069330E-05  2.117235E-09  7.919139E-09  6.507697E-09  5.186731E-04  4.201342E-09  4.598934E-09  3.900376E-09  5.340565E-07  7.259896E-07  4.031881E-10  5.791764E-10  7.458458E-10  2.794602E-09
 3.211500E+02  3.016005E-02  1.831390E-05  2.417505E-09  3.217182E-09  3.590213E-09  4.336712E-09  5.689666E-03  1.285351E-06  1.138858E-09  1.411160E-03  3.270534E-07  2.872863E-10  1.947167E-11  7.903230E-05  2.010260E-09  7.536970E-09  6.241756E-09  5.111042E-04  4.032886E-09  4.449459E-09  3.771230E-09  5.259425E-07  7.149561E-07  3.832161E-10  5.481863E-10  7.061590E-10  2.666735E-09
 3.221500E+02  3.006829E-02  1.804258E-05  2.333487E-09  3.106126E-09  3.466464E-09  4.188193E-09  5.672349E-03  1.260503E-06  1.073530E-09  1.412286E-03  3.232517E-07  2.741261E-10  1.910854E-11  7.741592E-05  1.909336E-09  7.175571E-09  5.988376E-09  5.036708E-04  3.871851E-09  4.305618E-09  3.647032E-09  5.179760E-07  7.041234E-07  3.643148E-10  5.190100E-10  6.687834E-10  2.545374E-09
 3.231500E+02  2.997708E-02  1.777707E-05  2.252942E-09  2.999636E-09  3.347796E-09  4.045741E-09  5.655123E-03  1.236286E-06  1.012329E-09  1.413325E-03  3.194870E-07  2.616083E-10  1.875193E-11  7.584273E-05  1.814088E-09  6.833698E-09  5.746890E-09  4.963704E-04  3.717887E-09  4.167175E-09  3.527572E-09  5.101541E-07  6.934879E-07  3.464232E-10  4.915329E-10  6.335738E-10  2.430158E-09
 3.241500E+02  2.988639E-02  1.751722E-05  2.175706E-09  2.897496E-09  3.233970E-09  3.909072E-09  5.637989E-03  1.212680E-06  9.549721E-10  1.414277E-03  3.157597E-07  2.497002E-10  1.840178E-11  7.431136E-05  1.724165E-09  6.510189E-09  5.516673E-09  4.892005E-04  3.570660E-09  4.033905E-09  3.412647E-09  5.024742E-07  6.830461E-07  3.294838E-10  4.656485E-10  6.003948E-10  2.320748E-09
 3.251500E+02  2.979624E-02  1.726287E-05  2.101624E-09  2.799505E-09  3.124762E-09  3.777917E-09  5.620945E-03  1.189667E-06  9.011962E-10  1.415144E-03  3.120700E-07  2.383710E-10  1.805803E-11  7.282046E-05  1.639240E-09  6.203954E-09  5.297134E-09  4.821587E-04  3.429856E-09  3.905592E-09  3.302067E-09  4.949339E-07  6.727943E-07  3.134425E-10  4.412571E-10  5.691203E-10  2.216826E-09
 3.261500E+02  2.970661E-02  1.701387E-05  2.030549E-09  2.705469E-09  3.019957E-09  3.652023E-09  5.603992E-03  1.167229E-06  8.507590E-10  1.415930E-03  3.084183E-07  2.275911E-10  1.772060E-11  7.136876E-05  1.559007E-09  5.913976E-09  5.087718E-09  4.752426E-04  3.295174E-09  3.782031E-09  3.195648E-09  4.875304E-07  6.627290E-07  2.982487E-10  4.182660E-10  5.396321E-10  2.118090E-09
 3.271500E+02  2.961750E-02  1.677010E-05  1.962342E-09  2.615207E-09  2.919351E-09  3.531148E-09  5.587130E-03  1.145349E-06  8.034353E-10  1.416635E-03  3.048048E-07  2.173327E-10  1.738943E-11  6.995503E-05  1.483182E-09  5.639302E-09  4.887901E-09  4.684499E-04  3.166327E-09  3.663024E-09  3.093216E-09  4.802613E-07  6.528468E-07  2.838546E-10  3.965882E-10  5.118202E-10  2.024260E-09
 3.281500E+02  2.952891E-02  1.653140E-05  1.896870E-09  2.528544E-09  2.822754E-09  3.415063E-09  5.570357E-03  1.124011E-06  7.590163E-10  1.417261E-03  3.012298E-07  2.075694E-10  1.706445E-11  6.857808E-05  1.411498E-09  5.379041E-09  4.697187E-09  4.617783E-04  3.043045E-09  3.548384E-09  2.994603E-09  4.731241E-07  6.431443E-07  2.702153E-10  3.761430E-10  4.855815E-10  1.935068E-09
 3.291500E+02  2.944083E-02  1.629766E-05  1.834008E-09  2.445316E-09  2.729981E-09  3.303550E-09  5.553675E-03  1.103197E-06  7.173082E-10  1.417810E-03  2.976932E-07  1.982761E-10  1.674558E-11  6.723675E-05  1.343707E-09  5.132356E-09  4.515112E-09  4.552255E-04  2.925069E-09  3.437932E-09  2.899650E-09  4.661162E-07  6.336180E-07  2.572884E-10  3.568544E-10  4.608201E-10  1.850264E-09
 3.301500E+02  2.935326E-02  1.606873E-05  1.773637E-09  2.365369E-09  2.640859E-09  3.196403E-09  5.537081E-03  1.082894E-06  6.781311E-10  1.418284E-03  2.941954E-07  1.894291E-10  1.643274E-11  6.592995E-05  1.279575E-09  4.898465E-09  4.341235E-09  4.487893E-04  2.812152E-09  3.331497E-09  2.808207E-09  4.592354E-07  6.242646E-07  2.450342E-10  3.386520E-10  4.374459E-10  1.769613E-09
 3.311500E+02  2.926619E-02  1.584450E-05  1.715644E-09  2.288553E-09  2.555224E-09  3.093426E-09  5.520578E-03  1.063085E-06  6.413179E-10  1.418685E-03  2.907364E-07  1.810059E-10  1.612585E-11  6.465660E-05  1.218885E-09  4.676634E-09  4.175141E-09  4.424675E-04  2.704062E-09  3.228916E-09  2.720127E-09  4.524791E-07  6.150810E-07  2.334153E-10  3.214694E-10  4.153749E-10  1.692892E-09
 3.321500E+02  2.917962E-02  1.562485E-05  1.659921E-09  2.214728E-09  2.472920E-09  2.994433E-09  5.504162E-03  1.043757E-06  6.067136E-10  1.419014E-03  2.873162E-07  1.729852E-10  1.582484E-11  6.341569E-05  1.161434E-09  4.466175E-09  4.016438E-09  4.362578E-04  2.600576E-09  3.130031E-09  2.635272E-09  4.458452E-07  6.060638E-07  2.223965E-10  3.052451E-10  3.945286E-10  1.619891E-09
 3.331500E+02  2.909355E-02  1.540965E-05  1.606367E-09  2.143760E-09  2.393797E-09  2.899248E-09  5.487836E-03  1.024895E-06  5.741738E-10  1.419273E-03  2.839348E-07  1.653467E-10  1.552962E-11  6.220621E-05  1.107031E-09  4.266444E-09  3.864755E-09  4.301583E-04  2.501483E-09  3.034694E-09  2.553511E-09  4.393311E-07  5.972099E-07  2.119446E-10  2.899211E-10  3.748333E-10  1.550413E-09
 3.341500E+02  2.900797E-02  1.519880E-05  1.554886E-09  2.075524E-09  2.317716E-09  2.807701E-09  5.471597E-03  1.006486E-06  5.435644E-10  1.419463E-03  2.805923E-07  1.580712E-10  1.524010E-11  6.102720E-05  1.055498E-09  4.076835E-09  3.719743E-09  4.241667E-04  2.406580E-09  2.942762E-09  2.474716E-09  4.329347E-07  5.885162E-07  2.020283E-10  2.754434E-10  3.562204E-10  1.484273E-09
 3.351500E+02  2.892288E-02  1.499219E-05  1.505384E-09  2.009897E-09  2.244541E-09  2.719634E-09  5.455447E-03  9.885172E-07  5.147609E-10  1.419587E-03  2.772886E-07  1.511405E-10  1.495621E-11  5.987776E-05  1.006668E-09  3.896781E-09  3.581072E-09  4.182811E-04  2.315678E-09  2.854098E-09  2.398768E-09  4.266537E-07  5.799796E-07  1.926183E-10  2.617614E-10  3.386254E-10  1.421294E-09
 3.361500E+02  2.883827E-02  1.478970E-05  1.457776E-09  1.946766E-09  2.174145E-09  2.634894E-09  5.439383E-03  9.709753E-07  4.876470E-10  1.419645E-03  2.740237E-07  1.445375E-10  1.467786E-11  5.875697E-05  9.603847E-10  3.725747E-09  3.448428E-09  4.124994E-04  2.228593E-09  2.768573E-09  2.325550E-09  4.204859E-07  5.715971E-07  1.836868E-10  2.488278E-10  3.219879E-10  1.361311E-09
 3.371500E+02  2.875414E-02  1.459124E-05  1.411977E-09  1.886022E-09  2.106408E-09  2.553338E-09  5.423407E-03  9.538484E-07  4.621148E-10  1.419640E-03  2.707975E-07  1.382457E-10  1.440496E-11  5.766399E-05  9.165012E-10  3.563233E-09  3.321517E-09  4.068197E-04  2.145152E-09  2.686060E-09  2.254952E-09  4.144292E-07  5.633657E-07  1.752077E-10  2.365982E-10  3.062516E-10  1.304168E-09
 3.381500E+02  2.867049E-02  1.439671E-05  1.367909E-09  1.827561E-09  2.041213E-09  2.474827E-09  5.407517E-03  9.371246E-07  4.380638E-10  1.419572E-03  2.676098E-07  1.322497E-10  1.413743E-11  5.659798E-05  8.748804E-10  3.408769E-09  3.200059E-09  4.012399E-04  2.065191E-09  2.606441E-09  2.186870E-09  4.084814E-07  5.552826E-07  1.671564E-10  2.250310E-10  2.913635E-10  1.249718E-09
 3.391500E+02  2.858731E-02  1.420600E-05  1.325497E-09  1.771284E-09  1.978452E-09  2.399230E-09  5.391713E-03  9.207925E-07  4.154002E-10  1.419444E-03  2.644606E-07  1.265348E-10  1.387518E-11  5.555814E-05  8.353934E-10  3.261913E-09  3.083789E-09  3.957583E-04  1.988551E-09  2.529602E-09  2.121203E-09  4.026404E-07  5.473448E-07  1.595098E-10  2.140875E-10  2.772739E-10  1.197820E-09
 3.401500E+02  2.850459E-02  1.401903E-05  1.284669E-09  1.717098E-09  1.918019E-09  2.326424E-09  5.375994E-03  9.048411E-07  3.940368E-10  1.419257E-03  2.613497E-07  1.210869E-10  1.361812E-11  5.454370E-05  7.979194E-10  3.122249E-09  2.972458E-09  3.903728E-04  1.915083E-09  2.455434E-09  2.057853E-09  3.969041E-07  5.395496E-07  1.522460E-10  2.037310E-10  2.639365E-10  1.148345E-09
 3.411500E+02  2.842235E-02  1.383570E-05  1.245357E-09  1.664913E-09  1.859815E-09  2.256290E-09  5.360361E-03  8.892596E-07  3.738921E-10  1.419012E-03  2.582769E-07  1.158929E-10  1.336617E-11  5.355390E-05  7.623449E-10  2.989386E-09  2.865828E-09  3.850816E-04  1.844645E-09  2.383831E-09  1.996730E-09  3.912706E-07  5.318942E-07  1.453444E-10  1.939275E-10  2.513077E-10  1.101167E-09
 3.421500E+02  2.834056E-02  1.365592E-05  1.207497E-09  1.614644E-09  1.803746E-09  2.188714E-09  5.344813E-03  8.740377E-07  3.548904E-10  1.418711E-03  2.552421E-07  1.109403E-10  1.311924E-11  5.258802E-05  7.285637E-10  2.862956E-09  2.763675E-09  3.798830E-04  1.777102E-09  2.314694E-09  1.937746E-09  3.857378E-07  5.243758E-07  1.387856E-10  1.846449E-10  2.393465E-10  1.056169E-09
 3.431500E+02  2.825923E-02  1.347961E-05  1.171026E-09  1.566210E-09  1.749721E-09  2.123589E-09  5.329349E-03  8.591653E-07  3.369608E-10  1.418354E-03  2.522450E-07  1.062171E-10  1.287724E-11  5.164538E-05  6.964756E-10  2.742614E-09  2.665788E-09  3.747751E-04  1.712323E-09  2.247927E-09  1.880814E-09  3.803038E-07  5.169918E-07  1.325513E-10  1.758532E-10  2.280147E-10  1.013242E-09
 3.441500E+02  2.817836E-02  1.330668E-05  1.135887E-09  1.519535E-09  1.697655E-09  2.060814E-09  5.313968E-03  8.446329E-07  3.200372E-10  1.417944E-03  2.492853E-07  1.017121E-10  1.264009E-11  5.072528E-05  6.659870E-10  2.628034E-09  2.571963E-09  3.697562E-04  1.650187E-09  2.183439E-09  1.825857E-09  3.749667E-07  5.097396E-07  1.266241E-10  1.675241E-10  2.172762E-10  9.722796E-10
 3.451500E+02  2.809793E-02  1.313705E-05  1.102023E-09  1.474543E-09  1.647466E-09  2.000289E-09  5.298671E-03  8.304309E-07  3.040580E-10  1.417482E-03  2.463630E-07  9.741449E-11  1.240770E-11  4.982708E-05  6.370094E-10  2.518909E-09  2.482011E-09  3.648247E-04  1.590575E-09  2.121141E-09  1.772795E-09  3.697246E-07  5.026166E-07  1.209878E-10  1.596312E-10  2.070973E-10  9.331834E-10
 3.461500E+02  2.801796E-02  1.297064E-05  1.069381E-09  1.431167E-09  1.599076E-09  1.941922E-09  5.283457E-03  8.165503E-07  2.889657E-10  1.416969E-03  2.434777E-07  9.331419E-11  1.217999E-11  4.895015E-05  6.094601E-10  2.414951E-09  2.395751E-09  3.599787E-04  1.533377E-09  2.060950E-09  1.721556E-09  3.645756E-07  4.956203E-07  1.156271E-10  1.521497E-10  1.974463E-10  8.958599E-10
 3.471500E+02  2.793842E-02  1.280738E-05  1.037909E-09  1.389338E-09  1.552410E-09  1.885624E-09  5.268326E-03  8.029822E-07  2.747064E-10  1.416407E-03  2.406292E-07  8.940155E-11  1.195687E-11  4.809388E-05  5.832611E-10  2.315888E-09  2.313011E-09  3.552167E-04  1.478485E-09  2.002785E-09  1.672069E-09  3.595179E-07  4.887482E-07  1.105273E-10  1.450563E-10  1.882934E-10  8.602205E-10
 3.481500E+02  2.785933E-02  1.264718E-05  1.007561E-09  1.348993E-09  1.507398E-09  1.831311E-09  5.253276E-03  7.897183E-07  2.612299E-10  1.415796E-03  2.378172E-07  8.566742E-11  1.173825E-11  4.725768E-05  5.583391E-10  2.221463E-09  2.233628E-09  3.505370E-04  1.425798E-09  1.946569E-09  1.624265E-09  3.545498E-07  4.819979E-07  1.056748E-10  1.383291E-10  1.796107E-10  8.261817E-10
 3.491500E+02  2.778067E-02  1.248998E-05  9.782890E-10  1.310071E-09  1.463971E-09  1.778902E-09  5.238307E-03  7.767501E-07  2.484891E-10  1.415138E-03  2.350414E-07  8.210312E-11  1.152406E-11  4.644099E-05  5.346251E-10  2.131435E-09  2.157449E-09  3.459380E-04  1.375220E-09  1.892228E-09  1.578081E-09  3.496695E-07  4.753670E-07  1.010566E-10  1.319475E-10  1.713718E-10  7.936642E-10
 3.501500E+02  2.770244E-02  1.233571E-05  9.500495E-10  1.272515E-09  1.422066E-09  1.728319E-09  5.223420E-03  7.640697E-07  2.364401E-10  1.414434E-03  2.323015E-07  7.870041E-11  1.131421E-11  4.564324E-05  5.120542E-10  2.045575E-09  2.084326E-09  3.414183E-04  1.326659E-09  1.839691E-09  1.533454E-09  3.448753E-07  4.688532E-07  9.666055E-11  1.258921E-10  1.635520E-10  7.625931E-10
 3.511500E+02  2.762465E-02  1.218430E-05  9.228004E-10  1.236268E-09  1.381621E-09  1.679489E-09  5.208612E-03  7.516694E-07  2.250419E-10  1.413685E-03  2.295972E-07  7.545147E-11  1.110861E-11  4.486390E-05  4.905654E-10  1.963670E-09  2.014121E-09  3.369762E-04  1.280026E-09  1.788891E-09  1.490326E-09  3.401654E-07  4.624541E-07  9.247509E-11  1.201449E-10  1.561281E-10  7.328975E-10
 3.521500E+02  2.754728E-02  1.203568E-05  8.965016E-10  1.201279E-09  1.342577E-09  1.632342E-09  5.193885E-03  7.395416E-07  2.142559E-10  1.412893E-03  2.269282E-07  7.234889E-11  1.090719E-11  4.410247E-05  4.701011E-10  1.885515E-09  1.946702E-09  3.326102E-04  1.235239E-09  1.739762E-09  1.448638E-09  3.355383E-07  4.561675E-07  8.848931E-11  1.146888E-10  1.490783E-10  7.045101E-10
 3.531500E+02  2.747033E-02  1.188978E-05  8.711148E-10  1.167496E-09  1.304878E-09  1.586810E-09  5.179237E-03  7.276791E-07  2.040462E-10  1.412058E-03  2.242943E-07  6.938561E-11  1.070987E-11  4.335844E-05  4.506071E-10  1.810920E-09  1.881943E-09  3.283189E-04  1.192217E-09  1.692242E-09  1.408336E-09  3.309924E-07  4.499913E-07  8.469291E-11  1.095076E-10  1.423821E-10  6.773675E-10
 3.541500E+02  2.739380E-02  1.174654E-05  8.466035E-10  1.134872E-09  1.268471E-09  1.542830E-09  5.164668E-03  7.160748E-07  1.943789E-10  1.411182E-03  2.216949E-07  6.655496E-11  1.051656E-11  4.263133E-05  4.320324E-10  1.739704E-09  1.819724E-09  3.241009E-04  1.150884E-09  1.646271E-09  1.369369E-09  3.265260E-07  4.439232E-07  8.107616E-11  1.045863E-10  1.360200E-10  6.514093E-10
 3.551500E+02  2.731769E-02  1.160591E-05  8.229328E-10  1.103361E-09  1.233304E-09  1.500341E-09  5.150178E-03  7.047219E-07  1.852227E-10  1.410266E-03  2.191300E-07  6.385057E-11  1.032719E-11  4.192067E-05  4.143288E-10  1.671696E-09  1.759934E-09  3.199547E-04  1.111168E-09  1.601792E-09  1.331686E-09  3.221376E-07  4.379611E-07  7.762987E-11  9.991063E-11  1.299739E-10  6.265785E-10
 3.561500E+02  2.724199E-02  1.146782E-05  8.000693E-10  1.072918E-09  1.199327E-09  1.459283E-09  5.135765E-03  6.936137E-07  1.765477E-10  1.409310E-03  2.165990E-07  6.126643E-11  1.014168E-11  4.122602E-05  3.974510E-10  1.606735E-09  1.702463E-09  3.158790E-04  1.072999E-09  1.558750E-09  1.295238E-09  3.178256E-07  4.321030E-07  7.434532E-11  9.546728E-11  1.242267E-10  6.028210E-10
 3.571500E+02  2.716670E-02  1.133221E-05  7.779813E-10  1.043502E-09  1.166496E-09  1.419601E-09  5.121430E-03  6.827439E-07  1.683264E-10  1.408317E-03  2.141016E-07  5.879679E-11  9.959955E-12  4.054692E-05  3.813561E-10  1.544669E-09  1.647211E-09  3.118723E-04  1.036311E-09  1.517091E-09  1.259981E-09  3.135886E-07  4.263468E-07  7.121431E-11  9.124364E-11  1.187622E-10  5.800855E-10
 3.581500E+02  2.709182E-02  1.119903E-05  7.566382E-10  1.015073E-09  1.134764E-09  1.381242E-09  5.107171E-03  6.721062E-07  1.605327E-10  1.407286E-03  2.116376E-07  5.643622E-11  9.781936E-12  3.988296E-05  3.660038E-10  1.485353E-09  1.594079E-09  3.079334E-04  1.001041E-09  1.476767E-09  1.225870E-09  3.094252E-07  4.206905E-07  6.822906E-11  8.722784E-11  1.135653E-10  5.583235E-10
 3.591500E+02  2.701734E-02  1.106823E-05  7.360109E-10  9.875919E-10  1.104090E-09  1.344154E-09  5.092989E-03  6.616946E-07  1.531422E-10  1.406219E-03  2.092065E-07  5.417956E-11  9.607551E-12  3.923373E-05  3.513561E-10  1.428652E-09  1.542975E-09  3.040609E-04  9.671295E-10  1.437727E-09  1.192863E-09  3.053337E-07  4.151321E-07  6.538220E-11  8.340872E-11  1.086217E-10  5.374887E-10
 3.601500E+02  2.694326E-02  1.093974E-05  7.160717E-10  9.610226E-10  1.074432E-09  1.308288E-09  5.078883E-03  6.515032E-07  1.461320E-10  1.405117E-03  2.068080E-07  5.202189E-11  9.436725E-12  3.859883E-05  3.373769E-10  1.374437E-09  1.493811E-09  3.002536E-04  9.345186E-10  1.399925E-09  1.160918E-09  3.013130E-07  4.096698E-07  6.266679E-11  7.977575E-11  1.039178E-10  5.175375E-10
 3.611500E+02  2.686957E-02  1.081352E-05  6.967939E-10  9.353299E-10  1.045751E-09  1.273598E-09  5.064852E-03  6.415263E-07  1.394807E-10  1.403981E-03  2.044417E-07  4.995855E-11  9.269386E-12  3.797787E-05  3.240323E-10  1.322586E-09  1.446503E-09  2.965102E-04  9.031535E-10  1.363317E-09  1.129998E-09  2.973615E-07  4.043017E-07  6.007623E-11  7.631903E-11  9.944093E-11  4.984284E-10
 3.621500E+02  2.679628E-02  1.068951E-05  6.781522E-10  9.104802E-10  1.018011E-09  1.240039E-09  5.050896E-03  6.317585E-07  1.331680E-10  1.402811E-03  2.021073E-07  4.798511E-11  9.105463E-12  3.737049E-05  3.112903E-10  1.272984E-09  1.400971E-09  2.928295E-04  8.729820E-10  1.327859E-09  1.100064E-09  2.934779E-07  3.990258E-07  5.760429E-11  7.302920E-11  9.517915E-11  4.801220E-10
 3.631500E+02  2.672339E-02  1.056767E-05  6.601221E-10  8.864414E-10  9.911739E-10  1.207568E-09  5.037015E-03  6.221943E-07  1.271751E-10  1.401610E-03  1.998044E-07  4.609736E-11  8.944887E-12  3.677632E-05  2.991206E-10  1.225521E-09  1.357140E-09  2.892103E-04  8.439540E-10  1.293511E-09  1.071081E-09  2.896610E-07  3.938405E-07  5.524508E-11  6.989747E-11  9.112114E-11  4.625811E-10
 3.641500E+02  2.665088E-02  1.044795E-05  6.426804E-10  8.631828E-10  9.652072E-10  1.176144E-09  5.023207E-03  6.128286E-07  1.214841E-10  1.400377E-03  1.975327E-07  4.429129E-11  8.787588E-12  3.619500E-05  2.874946E-10  1.180096E-09  1.314936E-09  2.856514E-04  8.160219E-10  1.260233E-09  1.043014E-09  2.859093E-07  3.887438E-07  5.299302E-11  6.691551E-11  8.725623E-11  4.457700E-10
 3.651500E+02  2.657875E-02  1.033031E-05  6.258049E-10  8.406750E-10  9.400777E-10  1.145729E-09  5.009472E-03  6.036564E-07  1.160784E-10  1.399113E-03  1.952918E-07  4.256310E-11  8.633498E-12  3.562621E-05  2.763851E-10  1.136609E-09  1.274292E-09  2.821516E-04  7.891402E-10  1.227986E-09  1.015831E-09  2.822216E-07  3.837342E-07  5.084280E-11  6.407550E-11  8.357436E-11  4.296552E-10
 3.661500E+02  2.650701E-02  1.021469E-05  6.094740E-10  8.188897E-10  9.157541E-10  1.116283E-09  4.995811E-03  5.946728E-07  1.109422E-10  1.397820E-03  1.930813E-07  4.090916E-11  8.482550E-12  3.506961E-05  2.657667E-10  1.094968E-09  1.235141E-09  2.787098E-04  7.632653E-10  1.196734E-09  9.894997E-10  2.785968E-07  3.788099E-07  4.878943E-11  6.137004E-11  8.006605E-11  4.142047E-10
 3.671500E+02  2.643565E-02  1.010105E-05  5.936676E-10  7.978001E-10  8.922061E-10  1.087771E-09  4.982222E-03  5.858730E-07  1.060607E-10  1.396497E-03  1.909008E-07  3.932605E-11  8.334680E-12  3.452488E-05  2.556151E-10  1.055085E-09  1.197421E-09  2.753249E-04  7.383556E-10  1.166443E-09  9.639895E-10  2.750334E-07  3.739692E-07  4.682816E-11  5.879215E-11  7.672234E-11  3.993880E-10
 3.681500E+02  2.636466E-02  9.989351E-06  5.783659E-10  7.773803E-10  8.694052E-10  1.060160E-09  4.968704E-03  5.772524E-07  1.014201E-10  1.395147E-03  1.887500E-07  3.781049E-11  8.189822E-12  3.399171E-05  2.459075E-10  1.016878E-09  1.161072E-09  2.719958E-04  7.143715E-10  1.137077E-09  9.392712E-10  2.715305E-07  3.692105E-07  4.495449E-11  5.633524E-11  7.353476E-11  3.851763E-10
 3.691500E+02  2.629405E-02  9.879551E-06  5.635502E-10  7.576055E-10  8.473236E-10  1.033414E-09  4.955258E-03  5.688066E-07  9.700733E-11  1.393769E-03  1.866286E-07  3.635937E-11  8.047913E-12  3.346981E-05  2.366222E-10  9.802669E-10  1.126037E-09  2.687215E-04  6.912750E-10  1.108606E-09  9.153168E-10  2.680867E-07  3.645323E-07  4.316417E-11  5.399310E-11  7.049532E-11  3.715423E-10
 3.701500E+02  2.622380E-02  9.771607E-06  5.492026E-10  7.384521E-10  8.259351E-10  1.007504E-09  4.941883E-03  5.605312E-07  9.280999E-11  1.392366E-03  1.845361E-07  3.496973E-11  7.908892E-12  3.295887E-05  2.277387E-10  9.451776E-10  1.092262E-09  2.655009E-04  6.690298E-10  1.080998E-09  8.920993E-10  2.647009E-07  3.599329E-07  4.145315E-11  5.175984E-11  6.759647E-11  3.584597E-10
 3.711500E+02  2.615393E-02  9.665481E-06  5.353058E-10  7.198973E-10  8.052142E-10  9.823988E-10  4.928579E-03  5.524221E-07  8.881655E-11  1.390936E-03  1.824722E-07  3.363877E-11  7.772697E-12  3.245863E-05  2.192376E-10  9.115391E-10  1.059695E-09  2.623329E-04  6.476013E-10  1.054222E-09  8.695928E-10  2.613720E-07  3.554108E-07  3.981761E-11  4.962992E-11  6.483109E-11  3.459038E-10
 3.721500E+02  2.608442E-02  9.561132E-06  5.218434E-10  7.019192E-10  7.851367E-10  9.580686E-10  4.915344E-03  5.444751E-07  8.501611E-11  1.389481E-03  1.804365E-07  3.236379E-11  7.639268E-12  3.196881E-05  2.111005E-10  8.792841E-10  1.028287E-09  2.592166E-04  6.269564E-10  1.028250E-09  8.477724E-10  2.580990E-07  3.509645E-07  3.825392E-11  4.759810E-11  6.219243E-11  3.338511E-10
 3.731500E+02  2.601527E-02  9.458523E-06  5.087996E-10  6.844971E-10  7.656792E-10  9.344860E-10  4.902178E-03  5.366862E-07  8.139840E-11  1.388002E-03  1.784287E-07  3.114226E-11  7.508547E-12  3.148914E-05  2.033100E-10  8.483487E-10  9.979906E-10  2.561510E-04  6.070633E-10  1.003055E-09  8.266141E-10  2.548806E-07  3.465925E-07  3.675864E-11  4.565942E-11  5.967411E-11  3.222791E-10
 3.741500E+02  2.594648E-02  9.357617E-06  4.961592E-10  6.676108E-10  7.468195E-10  9.116241E-10  4.889082E-03  5.290516E-07  7.795373E-11  1.386500E-03  1.764484E-07  2.997175E-11  7.380476E-12  3.101936E-05  1.958497E-10  8.186723E-10  9.687608E-10  2.531351E-04  5.878918E-10  9.786094E-10  8.060950E-10  2.517160E-07  3.422935E-07  3.532849E-11  4.380919E-11  5.727011E-11  3.111664E-10
 3.751500E+02  2.587805E-02  9.258378E-06  4.839076E-10  6.512412E-10  7.285361E-10  8.894572E-10  4.876054E-03  5.215675E-07  7.467299E-11  1.384975E-03  1.744953E-07  2.884995E-11  7.254999E-12  3.055922E-05  1.887039E-10  7.901975E-10  9.405547E-10  2.501680E-04  5.694128E-10  9.548880E-10  7.861928E-10  2.486039E-07  3.380659E-07  3.396040E-11  4.204299E-11  5.497474E-11  3.004929E-10
 3.761500E+02  2.580998E-02  9.160772E-06  4.720310E-10  6.353698E-10  7.108085E-10  8.679606E-10  4.863093E-03  5.142303E-07  7.154757E-11  1.383428E-03  1.725689E-07  2.777467E-11  7.132059E-12  3.010849E-05  1.818577E-10  7.628695E-10  9.133312E-10  2.472487E-04  5.515988E-10  9.318661E-10  7.668863E-10  2.455435E-07  3.339085E-07  3.265141E-11  4.035663E-11  5.278260E-11  2.902391E-10
 3.771500E+02  2.574225E-02  9.064763E-06  4.605159E-10  6.199788E-10  6.936170E-10  8.471106E-10  4.850201E-03  5.070365E-07  6.856938E-11  1.381859E-03  1.706689E-07  2.674382E-11  7.011604E-12  2.966692E-05  1.752972E-10  7.366366E-10  8.870511E-10  2.443764E-04  5.344231E-10  9.095200E-10  7.481551E-10  2.425337E-07  3.298198E-07  3.139874E-11  3.874613E-11  5.068858E-11  2.803867E-10
 3.781500E+02  2.567488E-02  8.970320E-06  4.493494E-10  6.050514E-10  6.769426E-10  8.268845E-10  4.837375E-03  4.999825E-07  6.573075E-11  1.380270E-03  1.687950E-07  2.575541E-11  6.893579E-12  2.923429E-05  1.690089E-10  7.114493E-10  8.616770E-10  2.415502E-04  5.178605E-10  8.878269E-10  7.299795E-10  2.395735E-07  3.257985E-07  3.019974E-11  3.720776E-11  4.868787E-11  2.709181E-10
 3.791500E+02  2.560785E-02  8.877408E-06  4.385194E-10  5.905712E-10  6.607671E-10  8.072605E-10  4.824616E-03  4.930652E-07  6.302449E-11  1.378660E-03  1.669469E-07  2.480754E-11  6.777932E-12  2.881037E-05  1.629803E-10  6.872609E-10  8.371731E-10  2.387691E-04  5.018865E-10  8.667648E-10  7.123406E-10  2.366620E-07  3.218434E-07  2.905189E-11  3.573796E-11  4.677588E-11  2.618168E-10
 3.801500E+02  2.554116E-02  8.785997E-06  4.280138E-10  5.765225E-10  6.450731E-10  7.882176E-10  4.811922E-03  4.862811E-07  6.044377E-11  1.377031E-03  1.651241E-07  2.389841E-11  6.664613E-12  2.839495E-05  1.571994E-10  6.640268E-10  8.135051E-10  2.360324E-04  4.864782E-10  8.463127E-10  6.952202E-10  2.337983E-07  3.179532E-07  2.795282E-11  3.433337E-11  4.494829E-11  2.530668E-10
 3.811500E+02  2.547481E-02  8.696056E-06  4.178214E-10  5.628903E-10  6.298438E-10  7.697356E-10  4.799295E-03  4.796272E-07  5.798218E-11  1.375383E-03  1.633263E-07  2.302629E-11  6.553570E-12  2.798783E-05  1.516547E-10  6.417046E-10  7.906403E-10  2.333393E-04  4.716131E-10  8.264502E-10  6.786007E-10  2.309814E-07  3.141266E-07  2.690024E-11  3.299081E-11  4.320101E-11  2.446530E-10
 3.821500E+02  2.540881E-02  8.607554E-06  4.079313E-10  5.496602E-10  6.150632E-10  7.517953E-10  4.786732E-03  4.731004E-07  5.563363E-11  1.373716E-03  1.615532E-07  2.218956E-11  6.444756E-12  2.758879E-05  1.463355E-10  6.202541E-10  7.685476E-10  2.306888E-04  4.572700E-10  8.071578E-10  6.624653E-10  2.282104E-07  3.103623E-07  2.589202E-11  3.170727E-11  4.153014E-11  2.365609E-10
 3.831500E+02  2.534314E-02  8.520462E-06  3.983330E-10  5.368182E-10  6.007157E-10  7.343780E-10  4.774234E-03  4.666976E-07  5.339240E-11  1.372032E-03  1.598045E-07  2.138665E-11  6.338121E-12  2.719764E-05  1.412314E-10  5.996369E-10  7.471969E-10  2.280802E-04  4.434286E-10  7.884165E-10  6.467978E-10  2.254846E-07  3.066593E-07  2.492610E-11  3.047988E-11  3.993201E-11  2.287769E-10
 3.841500E+02  2.527780E-02  8.434752E-06  3.890163E-10  5.243511E-10  5.867866E-10  7.174658E-10  4.761801E-03  4.604160E-07  5.125306E-11  1.370331E-03  1.580798E-07  2.061608E-11  6.233620E-12  2.681419E-05  1.363328E-10  5.798166E-10  7.265597E-10  2.255128E-04  4.300693E-10  7.702082E-10  6.315825E-10  2.228029E-07  3.030164E-07  2.400054E-11  2.930596E-11  3.840312E-11  2.212879E-10
 3.851500E+02  2.521280E-02  8.350396E-06  3.799717E-10  5.122461E-10  5.732614E-10  7.010416E-10  4.749431E-03  4.542528E-07  4.921051E-11  1.368613E-03  1.563787E-07  1.987642E-11  6.131205E-12  2.643825E-05  1.316303E-10  5.607586E-10  7.066085E-10  2.229856E-04  4.171735E-10  7.525155E-10  6.168045E-10  2.201646E-07  2.994323E-07  2.311350E-11  2.818292E-11  3.694019E-11  2.140813E-10
 3.861500E+02  2.514812E-02  8.267365E-06  3.711899E-10  5.004908E-10  5.601266E-10  6.850889E-10  4.737124E-03  4.482052E-07  4.725989E-11  1.366879E-03  1.547009E-07  1.916633E-11  6.030832E-12  2.606964E-05  1.271151E-10  5.424297E-10  6.873172E-10  2.204981E-04  4.047232E-10  7.353215E-10  6.024492E-10  2.175688E-07  2.959060E-07  2.226321E-11  2.710835E-11  3.554006E-11  2.071453E-10
 3.871500E+02  2.508377E-02  8.185634E-06  3.626618E-10  4.890733E-10  5.473688E-10  6.695919E-10  4.724880E-03  4.422705E-07  4.539665E-11  1.365129E-03  1.530462E-07  1.848453E-11  5.932456E-12  2.570819E-05  1.227790E-10  5.247985E-10  6.686606E-10  2.180495E-04  3.927013E-10  7.186099E-10  5.885027E-10  2.150148E-07  2.924364E-07  2.144800E-11  2.607994E-11  3.419976E-11  2.004684E-10
 3.881500E+02  2.501974E-02  8.105177E-06  3.543789E-10  4.779824E-10  5.349754E-10  6.545351E-10  4.712699E-03  4.364461E-07  4.361643E-11  1.363364E-03  1.514141E-07  1.782978E-11  5.836035E-12  2.535372E-05  1.186138E-10  5.078352E-10  6.506149E-10  2.156389E-04  3.810914E-10  7.023651E-10  5.749516E-10  2.125017E-07  2.890225E-07  2.066630E-11  2.509550E-11  3.291649E-11  1.940399E-10
 3.891500E+02  2.495604E-02  8.025968E-06  3.463330E-10  4.672070E-10  5.229342E-10  6.399039E-10  4.700579E-03  4.307296E-07  4.191517E-11  1.361585E-03  1.498044E-07  1.720091E-11  5.741526E-12  2.500607E-05  1.146121E-10  4.915111E-10  6.331568E-10  2.132659E-04  3.698778E-10  6.865721E-10  5.617830E-10  2.100288E-07  2.856630E-07  1.991658E-11  2.415295E-11  3.168755E-11  1.878495E-10
 3.901500E+02  2.489265E-02  7.947983E-06  3.385160E-10  4.567366E-10  5.112334E-10  6.256843E-10  4.688521E-03  4.251183E-07  4.028897E-11  1.359791E-03  1.482167E-07  1.659681E-11  5.648887E-12  2.466507E-05  1.107667E-10  4.757991E-10  6.162646E-10  2.109295E-04  3.590454E-10  6.712164E-10  5.489843E-10  2.075953E-07  2.823571E-07  1.919742E-11  2.325035E-11  3.051042E-11  1.818872E-10
 3.911500E+02  2.482958E-02  7.871197E-06  3.309205E-10  4.465611E-10  4.998618E-10  6.118626E-10  4.676524E-03  4.196100E-07  3.873418E-11  1.357984E-03  1.466507E-07  1.601641E-11  5.558078E-12  2.433058E-05  1.070706E-10  4.606732E-10  5.999169E-10  2.086292E-04  3.485797E-10  6.562838E-10  5.365436E-10  2.052005E-07  2.791038E-07  1.850743E-11  2.238580E-11  2.938268E-11  1.761437E-10
 3.921500E+02  2.476683E-02  7.795587E-06  3.235389E-10  4.366707E-10  4.888084E-10  5.984257E-10  4.664588E-03  4.142023E-07  3.724732E-11  1.356164E-03  1.451062E-07  1.545870E-11  5.469059E-12  2.400243E-05  1.035174E-10  4.461089E-10  5.840937E-10  2.063643E-04  3.384668E-10  6.417610E-10  5.244493E-10  2.028437E-07  2.759019E-07  1.784534E-11  2.155756E-11  2.830204E-11  1.706099E-10
 3.931500E+02  2.470439E-02  7.721129E-06  3.163642E-10  4.270560E-10  4.780628E-10  5.853610E-10  4.652712E-03  4.088929E-07  3.582511E-11  1.354332E-03  1.435827E-07  1.492272E-11  5.381792E-12  2.368047E-05  1.001009E-10  4.320825E-10  5.687754E-10  2.041342E-04  3.286936E-10  6.276349E-10  5.126903E-10  2.005240E-07  2.727506E-07  1.720988E-11  2.076392E-11  2.726633E-11  1.652773E-10
 3.941500E+02  2.464226E-02  7.647802E-06  3.093896E-10  4.177080E-10  4.676149E-10  5.726564E-10  4.640895E-03  4.036796E-07  3.446443E-11  1.352487E-03  1.420801E-07  1.440753E-11  5.296239E-12  2.336457E-05  9.681508E-11  4.185716E-10  5.539437E-10  2.019382E-04  3.192471E-10  6.138929E-10  5.012558E-10  1.982409E-07  2.696489E-07  1.659990E-11  2.000330E-11  2.627348E-11  1.601377E-10
 3.951500E+02  2.458043E-02  7.575582E-06  3.026086E-10  4.086181E-10  4.574551E-10  5.603002E-10  4.629138E-03  3.985603E-07  3.316234E-11  1.350630E-03  1.405979E-07  1.391225E-11  5.212362E-12  2.305459E-05  9.365443E-11  4.055549E-10  5.395806E-10  1.997756E-04  3.101153E-10  6.005230E-10  4.901355E-10  1.959936E-07  2.665959E-07  1.601425E-11  1.927418E-11  2.532154E-11  1.551832E-10
 3.961500E+02  2.451891E-02  7.504450E-06  2.960148E-10  3.997777E-10  4.475739E-10  5.482812E-10  4.617440E-03  3.935329E-07  3.191603E-11  1.348762E-03  1.391359E-07  1.343605E-11  5.130125E-12  2.275038E-05  9.061355E-11  3.930118E-10  5.256690E-10  1.976460E-04  3.012864E-10  5.875135E-10  4.793193E-10  1.937816E-07  2.635907E-07  1.545189E-11  1.857512E-11  2.440865E-11  1.504064E-10
 3.971500E+02  2.445770E-02  7.434384E-06  2.896021E-10  3.911790E-10  4.379624E-10  5.365884E-10  4.605800E-03  3.885953E-07  3.072286E-11  1.346883E-03  1.376938E-07  1.297812E-11  5.049494E-12  2.245181E-05  8.768734E-11  3.809229E-10  5.121927E-10  1.955486E-04  2.927492E-10  5.748530E-10  4.687976E-10  1.916040E-07  2.606324E-07  1.491178E-11  1.790475E-11  2.353302E-11  1.458001E-10
 3.981500E+02  2.439678E-02  7.365363E-06  2.833648E-10  3.828140E-10  4.286120E-10  5.252116E-10  4.594218E-03  3.837455E-07  2.958031E-11  1.344993E-03  1.362713E-07  1.253769E-11  4.970432E-12  2.215876E-05  8.487091E-11  3.692695E-10  4.991358E-10  1.934829E-04  2.844928E-10  5.625308E-10  4.585612E-10  1.894604E-07  2.577201E-07  1.439296E-11  1.726176E-11  2.269299E-11  1.413575E-10
 3.991500E+02  2.433617E-02  7.297367E-06  2.772971E-10  3.746753E-10  4.195141E-10  5.141406E-10  4.582694E-03  3.789816E-07  2.848601E-11  1.343094E-03  1.348681E-07  1.211403E-11  4.892906E-12  2.187109E-05  8.215964E-11  3.580340E-10  4.864833E-10  1.914483E-04  2.765070E-10  5.505362E-10  4.486010E-10  1.873500E-07  2.548530E-07  1.389450E-11  1.664492E-11  2.188694E-11  1.370721E-10
