#         T/K     Cv/J*K^-1     Cp/J*K^-1
 2.731500E+02  4.867371E+01  4.867515E+01
 2.741500E+02  4.874486E+01  4.874631E+01
 2.751500E+02  4.881583E+01  4.881730E+01
 2.761500E+02  4.888663E+01  4.888812E+01
 2.771500E+02  4.895727E+01  4.895877E+01
 2.781500E+02  4.902774E+01  4.902926E+01
 2.791500E+02  4.909806E+01  4.909960E+01
 2.801500E+02  4.916824E+01  4.916979E+01
 2.811500E+02  4.923828E+01  4.923985E+01
 2.821500E+02  4.930819E+01  4.930978E+01
 2.831500E+02  4.937797E+01  4.937958E+01
 2.841500E+02  4.944764E+01  4.944926E+01
 2.851500E+02  4.951720E+01  4.951884E+01
 2.861500E+02  4.958667E+01  4.958831E+01
 2.871500E+02  4.965603E+01  4.965770E+01
 2.881500E+02  4.972532E+01  4.972700E+01
 2.891500E+02  4.979453E+01  4.979622E+01
 2.901500E+02  4.986366E+01  4.986537E+01
 2.911500E+02  4.993274E+01  4.993446E+01
 2.921500E+02  5.000176E+01  5.000349E+01
 2.931500E+02  5.007073E+01  5.007247E+01
 2.941500E+02  5.013966E+01  5.014141E+01
 2.951500E+02  5.020856E+01  5.021032E+01
 2.961500E+02  5.027742E+01  5.027919E+01
 2.971500E+02  5.034626E+01  5.034804E+01
 2.981500E+02  5.041508E+01  5.041687E+01
 2.991500E+02  5.048388E+01  5.048568E+01
 3.001500E+02  5.055268E+01  5.055448E+01
 3.011500E+02  5.062146E+01  5.062328E+01
 3.021500E+02  5.069024E+01  5.069207E+01
 3.031500E+02  5.075902E+01  5.076086E+01
 3.041500E+02  5.082780E+01  5.082965E+01
 3.051500E+02  5.089659E+01  5.089844E+01
 3.061500E+02  5.096538E+01  5.096723E+01
 3.071500E+02  5.103417E+01  1.315047E+03
 3.081500E+02  3.776201E+01  1.306139E+03
 3.091500E+02  3.782478E+01  4.655141E+01
 3.101500E+02  3.788776E+01  4.660632E+01
 3.111500E+02  3.795097E+01  4.666166E+01
 3.121500E+02  3.801439E+01  4.671743E+01
 3.131500E+02  3.807802E+01  4.677360E+01
 3.141500E+02  3.814185E+01  4.683017E+01
 3.151500E+02  3.820589E+01  4.688713E+01
 3.161500E+02  3.827012E+01  4.694446E+01
 3.171500E+02  3.833454E+01  4.700215E+01
 3.181500E+02  3.839915E+01  4.706019E+01
 3.191500E+02  3.846395E+01  4.711858E+01
 3.201500E+02  3.852893E+01  4.717729E+01
 3.211500E+02  3.859408E+01  4.723634E+01
 3.221500E+02  3.865941E+01  4.729569E+01
 3.231500E+02  3.872491E+01  4.735536E+01
 3.241500E+02  3.879058E+01  4.741532E+01
 3.251500E+02  3.885640E+01  4.747558E+01
 3.261500E+02  3.892239E+01  4.753612E+01
 3.271500E+02  3.898853E+01  4.759694E+01
 3.281500E+02  3.905483E+01  4.765803E+01
 3.291500E+02  3.912127E+01  4.771938E+01
 3.301500E+02  3.918786E+01  4.778099E+01
 3.311500E+02  3.925460E+01  4.784286E+01
 3.321500E+02  3.932147E+01  4.790496E+01
 3.331500E+02  3.938848E+01  4.796731E+01
 3.341500E+02  3.945562E+01  4.802989E+01
 3.351500E+02  3.952289E+01  4.809269E+01
 3.361500E+02  3.959029E+01  4.815572E+01
 3.371500E+02  3.965782E+01  4.821896E+01
 3.381500E+02  3.972546E+01  4.828242E+01
 3.391500E+02  3.979322E+01  4.834608E+01
 3.401500E+02  3.986110E+01  4.840994E+01
 3.411500E+02  3.992909E+01  4.847399E+01
 3.421500E+02  3.999719E+01  4.853824E+01
 3.431500E+02  4.006540E+01  4.860267E+01
 3.441500E+02  4.013371E+01  4.866729E+01
 3.451500E+02  4.020212E+01  4.873208E+01
 3.461500E+02  4.027063E+01  4.879704E+01
 3.471500E+02  4.033924E+01  4.886218E+01
 3.481500E+02  4.040794E+01  4.892747E+01
 3.491500E+02  4.047673E+01  4.899292E+01
 3.501500E+02  4.054561E+01  4.905853E+01
 3.511500E+02  4.061457E+01  4.912429E+01
 3.521500E+02  4.068362E+01  4.919020E+01
 3.531500E+02  4.075275E+01  4.925625E+01
 3.541500E+02  4.082196E+01  4.932244E+01
 3.551500E+02  4.089124E+01  4.938876E+01
 3.561500E+02  4.096060E+01  4.945522E+01
 3.571500E+02  4.103003E+01  4.952180E+01
 3.581500E+02  4.109952E+01  4.958851E+01
 3.591500E+02  4.116908E+01  4.965533E+01
 3.601500E+02  4.123871E+01  4.972228E+01
 3.611500E+02  4.130840E+01  4.978934E+01
 3.621500E+02  4.137815E+01  4.985650E+01
 3.631500E+02  4.144796E+01  4.992378E+01
 3.641500E+02  4.151782E+01  4.999116E+01
 3.651500E+02  4.158773E+01  5.005864E+01
 3.661500E+02  4.165770E+01  5.012622E+01
 3.671500E+02  4.172772E+01  5.019389E+01
 3.681500E+02  4.179778E+01  5.026165E+01
 3.691500E+02  4.186789E+01  5.032950E+01
 3.701500E+02  4.193804E+01  5.039743E+01
 3.711500E+02  4.200823E+01  5.046545E+01
 3.721500E+02  4.207846E+01  5.053355E+01
 3.731500E+02  4.214873E+01  5.060172E+01
 3.741500E+02  4.221903E+01  5.066997E+01
 3.751500E+02  4.228937E+01  5.073829E+01
 3.761500E+02  4.235974E+01  5.080667E+01
 3.771500E+02  4.243013E+01  5.087513E+01
 3.781500E+02  4.250056E+01  5.094364E+01
 3.791500E+02  4.257101E+01  5.101222E+01
 3.801500E+02  4.264149E+01  5.108085E+01
 3.811500E+02  4.271198E+01  5.114954E+01
 3.821500E+02  4.278250E+01  5.121829E+01
 3.831500E+02  4.285304E+01  5.128708E+01
 3.841500E+02  4.292359E+01  5.135592E+01
 3.851500E+02  4.299416E+01  5.142481E+01
 3.861500E+02  4.306475E+01  5.149374E+01
 3.871500E+02  4.313534E+01  5.156271E+01
 3.881500E+02  4.320595E+01  5.163172E+01
 3.891500E+02  4.327657E+01  5.170077E+01
 3.901500E+02  4.334719E+01  5.176986E+01
 3.911500E+02  4.341782E+01  5.183897E+01
 3.921500E+02  4.348846E+01  5.190812E+01
 3.931500E+02  4.355909E+01  5.197730E+01
 3.941500E+02  4.362973E+01  5.204650E+01
 3.951500E+02  4.370037E+01  5.211573E+01
 3.961500E+02  4.377101E+01  5.218498E+01
 3.971500E+02  4.384165E+01  5.225425E+01
 3.981500E+02  4.391228E+01  5.232354E+01
 3.991500E+02  4.398290E+01  5.239350E+01
