#         T/K     Cv/J*K^-1     Cp/J*K^-1
 2.731500E+02  7.024999E+01  7.025386E+01
 2.741500E+02  7.029020E+01  7.029410E+01
 2.751500E+02  7.032911E+01  7.033309E+01
 2.761500E+02  7.036675E+01  7.037081E+01
 2.771500E+02  7.040312E+01  7.040725E+01
 2.781500E+02  7.043822E+01  7.044243E+01
 2.791500E+02  7.047208E+01  7.047637E+01
 2.801500E+02  7.050470E+01  7.050907E+01
 2.811500E+02  7.053610E+01  7.054054E+01
 2.821500E+02  7.056628E+01  7.057080E+01
 2.831500E+02  7.059527E+01  7.059987E+01
 2.841500E+02  7.062308E+01  7.062776E+01
 2.851500E+02  7.064974E+01  7.065450E+01
 2.861500E+02  7.067525E+01  7.068009E+01
 2.871500E+02  7.069965E+01  7.070457E+01
 2.881500E+02  7.072296E+01  7.072795E+01
 2.891500E+02  7.074520E+01  7.075027E+01
 2.901500E+02  7.076640E+01  7.077155E+01
 2.911500E+02  7.078659E+01  7.079182E+01
 2.921500E+02  7.080580E+01  7.081110E+01
 2.931500E+02  7.082404E+01  7.082942E+01
 2.941500E+02  7.084138E+01  7.084684E+01
 2.951500E+02  7.085785E+01  7.086338E+01
 2.961500E+02  7.087347E+01  7.087907E+01
 2.971500E+02  7.088829E+01  7.089396E+01
 2.981500E+02  7.090235E+01  7.090809E+01
 2.991500E+02  7.091568E+01  7.092150E+01
 3.001500E+02  7.092834E+01  7.093422E+01
 3.011500E+02  7.094037E+01  7.094632E+01
 3.021500E+02  7.095182E+01  7.095783E+01
 3.031500E+02  7.096273E+01  7.096880E+01
 3.041500E+02  7.097315E+01  7.097928E+01
 3.051500E+02  7.098313E+01  7.098932E+01
 3.061500E+02  7.099272E+01  7.099897E+01
 3.071500E+02  7.100198E+01  7.100828E+01
 3.081500E+02  7.101096E+01  7.101731E+01
 3.091500E+02  7.101971E+01  7.102610E+01
 3.101500E+02  7.102828E+01  7.103471E+01
 3.111500E+02  7.103672E+01  7.104320E+01
 3.121500E+02  7.104509E+01  7.105161E+01
 3.131500E+02  7.105345E+01  7.106000E+01
 3.141500E+02  7.106183E+01  7.106842E+01
 3.151500E+02  7.107030E+01  7.107692E+01
 3.161500E+02  7.107891E+01  7.108555E+01
 3.171500E+02  7.108770E+01  7.109436E+01
 3.181500E+02  7.109672E+01  7.110341E+01
 3.191500E+02  7.110602E+01  7.111272E+01
 3.201500E+02  7.111565E+01  7.112236E+01
 3.211500E+02  7.112564E+01  7.113236E+01
 3.221500E+02  7.113606E+01  7.114279E+01
 3.231500E+02  7.114690E+01  7.115364E+01
 3.241500E+02  7.115822E+01  7.116496E+01
 3.251500E+02  7.117006E+01  7.117680E+01
 3.261500E+02  7.118244E+01  7.118918E+01
 3.271500E+02  7.119540E+01  7.120213E+01
 3.281500E+02  7.120895E+01  7.121567E+01
 3.291500E+02  7.122312E+01  7.122984E+01
 3.301500E+02  7.123794E+01  7.124464E+01
 3.311500E+02  7.125341E+01  7.126010E+01
 3.321500E+02  7.126955E+01  7.127623E+01
 3.331500E+02  7.128637E+01  7.129304E+01
 3.341500E+02  7.130389E+01  7.131053E+01
 3.351500E+02  7.132210E+01  7.132873E+01
 3.361500E+02  7.134101E+01  7.134762E+01
 3.371500E+02  7.136062E+01  7.136721E+01
 3.381500E+02  7.138093E+01  1.477485E+03
 3.391500E+02  5.977525E+01  1.470073E+03
 3.401500E+02  5.986090E+01  6.825553E+01
 3.411500E+02  5.994635E+01  6.833941E+01
 3.421500E+02  6.003159E+01  6.842313E+01
 3.431500E+02  6.011662E+01  6.850668E+01
 3.441500E+02  6.020145E+01  6.859006E+01
 3.451500E+02  6.028608E+01  6.867327E+01
 3.461500E+02  6.037050E+01  6.875631E+01
 3.471500E+02  6.045471E+01  6.883917E+01
 3.481500E+02  6.053872E+01  6.892187E+01
 3.491500E+02  6.062252E+01  6.900438E+01
 3.501500E+02  6.070612E+01  6.908672E+01
 3.511500E+02  6.078951E+01  6.916889E+01
 3.521500E+02  6.087269E+01  6.925087E+01
 3.531500E+02  6.095567E+01  6.933268E+01
 3.541500E+02  6.103844E+01  6.941431E+01
 3.551500E+02  6.112100E+01  6.949576E+01
 3.561500E+02  6.120335E+01  6.957702E+01
 3.571500E+02  6.128550E+01  6.965811E+01
 3.581500E+02  6.136744E+01  6.973901E+01
 3.591500E+02  6.144918E+01  6.981972E+01
 3.601500E+02  6.153071E+01  6.990026E+01
 3.611500E+02  6.161203E+01  6.998061E+01
 3.621500E+02  6.169314E+01  7.006077E+01
 3.631500E+02  6.177405E+01  7.014075E+01
 3.641500E+02  6.185475E+01  7.022054E+01
 3.651500E+02  6.193524E+01  7.030014E+01
 3.661500E+02  6.201552E+01  7.037956E+01
 3.671500E+02  6.209560E+01  7.045879E+01
 3.681500E+02  6.217548E+01  7.053783E+01
 3.691500E+02  6.225514E+01  7.061668E+01
 3.701500E+02  6.233460E+01  7.069534E+01
 3.711500E+02  6.241385E+01  7.077382E+01
 3.721500E+02  6.249290E+01  7.085210E+01
 3.731500E+02  6.257174E+01  7.093019E+01
 3.741500E+02  6.265038E+01  7.100810E+01
 3.751500E+02  6.272881E+01  7.108581E+01
 3.761500E+02  6.280703E+01  7.116333E+01
 3.771500E+02  6.288505E+01  7.124067E+01
 3.781500E+02  6.296286E+01  7.131781E+01
 3.791500E+02  6.304047E+01  7.139476E+01
 3.801500E+02  6.311787E+01  7.147152E+01
 3.811500E+02  6.319507E+01  7.154808E+01
 3.821500E+02  6.327207E+01  7.162446E+01
 3.831500E+02  6.334886E+01  7.170065E+01
 3.841500E+02  6.342544E+01  7.177664E+01
 3.851500E+02  6.350183E+01  7.185244E+01
 3.861500E+02  6.357800E+01  7.192805E+01
 3.871500E+02  6.365398E+01  7.200347E+01
 3.881500E+02  6.372976E+01  7.207869E+01
 3.891500E+02  6.380533E+01  7.215373E+01
 3.901500E+02  6.388069E+01  7.222857E+01
 3.911500E+02  6.395586E+01  7.230322E+01
 3.921500E+02  6.403083E+01  7.237768E+01
 3.931500E+02  6.410559E+01  7.245195E+01
 3.941500E+02  6.418015E+01  7.252603E+01
 3.951500E+02  6.425452E+01  7.259991E+01
 3.961500E+02  6.432868E+01  7.267360E+01
 3.971500E+02  6.440264E+01  7.274711E+01
 3.981500E+02  6.447640E+01  7.282042E+01
 3.991500E+02  6.454996E+01  7.289376E+01
