#         T/K          A/kJ          G/kJ
  2.731500000000E+02   2.971648985007E+01   2.972030691474E+01
  2.741500000000E+02   2.959644034627E+01   2.960025865608E+01
  2.751500000000E+02   2.947601069700E+01   2.947983026893E+01
  2.761500000000E+02   2.935519993447E+01   2.935902078437E+01
  2.771500000000E+02   2.923400722911E+01   2.923782937242E+01
  2.781500000000E+02   2.911243189801E+01   2.911625534972E+01
  2.791500000000E+02   2.899047340813E+01   2.899429818274E+01
  2.801500000000E+02   2.886813137596E+01   2.887195748749E+01
  2.811500000000E+02   2.874540556890E+01   2.874923303083E+01
  2.821500000000E+02   2.862229590395E+01   2.862612472925E+01
  2.831500000000E+02   2.849880244867E+01   2.850263264976E+01
  2.841500000000E+02   2.837492541787E+01   2.837875700662E+01
  2.851500000000E+02   2.825066517231E+01   2.825449816002E+01
  2.861500000000E+02   2.812602221577E+01   2.812985661318E+01
  2.871500000000E+02   2.800099719166E+01   2.800483300895E+01
  2.881500000000E+02   2.787559087921E+01   2.787942812598E+01
  2.891500000000E+02   2.774980418893E+01   2.775364287422E+01
  2.901500000000E+02   2.762363815780E+01   2.762747829011E+01
  2.911500000000E+02   2.749709394381E+01   2.750093553107E+01
  2.921500000000E+02   2.737017282047E+01   2.737401587008E+01
  2.931500000000E+02   2.724287617052E+01   2.724672068937E+01
  2.941500000000E+02   2.711520547985E+01   2.711905147432E+01
  2.951500000000E+02   2.698716233005E+01   2.699100980601E+01
  2.961500000000E+02   2.685874839326E+01   2.686259735613E+01
  2.971500000000E+02   2.672996542357E+01   2.673381587832E+01
  2.981500000000E+02   2.660081525081E+01   2.660466720198E+01
  2.991500000000E+02   2.647129977329E+01   2.647515322502E+01
  3.001500000000E+02   2.634142095043E+01   2.634527590649E+01
  3.011500000000E+02   2.621118079616E+01   2.621503725996E+01
  3.021500000000E+02   2.608058137135E+01   2.608443934599E+01
  3.031500000000E+02   2.594962477712E+01   2.595348426539E+01
  3.041500000000E+02   2.581831314795E+01   2.582217415240E+01
  3.051500000000E+02   2.568664864492E+01   2.569051116782E+01
  3.061500000000E+02   2.555463344941E+01   2.555849749286E+01
  3.071500000000E+02   2.542226975659E+01   2.542613532249E+01
  3.081500000000E+02   2.528955976941E+01   2.529342685951E+01
  3.091500000000E+02   2.515650569282E+01   2.516037430875E+01
  3.101500000000E+02   2.502310972794E+01   2.502697987122E+01
  3.111500000000E+02   2.488937406709E+01   2.489324573919E+01
  3.121500000000E+02   2.475530088836E+01   2.475917409070E+01
  3.131500000000E+02   2.462089235099E+01   2.462476708498E+01
  3.141500000000E+02   2.448615059085E+01   2.449002685791E+01
  3.151500000000E+02   2.435107771575E+01   2.435495551735E+01
  3.161500000000E+02   2.421567580239E+01   2.421955514004E+01
  3.171500000000E+02   2.407994689169E+01   2.408382776700E+01
  3.181500000000E+02   2.394389298580E+01   2.394777540049E+01
  3.191500000000E+02   2.380751604485E+01   2.381140000077E+01
  3.201500000000E+02   2.367081798401E+01   2.367470348317E+01
  3.211500000000E+02   2.353380067068E+01   2.353768771525E+01
  3.221500000000E+02   2.339646592230E+01   2.340035451467E+01
  3.231500000000E+02   2.325881550389E+01   2.326270564665E+01
  3.241500000000E+02   2.312085112616E+01   2.312474282214E+01
  3.251500000000E+02   2.298257444400E+01   2.298646769628E+01
  3.261500000000E+02   2.284398705334E+01   2.284788186527E+01
  3.271500000000E+02   2.270509049289E+01   2.270898686809E+01
  3.281500000000E+02   2.256588624006E+01   2.256978418248E+01
  3.291500000000E+02   2.242637570998E+01   2.243027522387E+01
  3.301500000000E+02   2.228656025735E+01   2.229046134729E+01
  3.311500000000E+02   2.214644117347E+01   2.215034384439E+01
  3.321500000000E+02   2.200601968285E+01   2.200992394004E+01
  3.331500000000E+02   2.186529695116E+01   2.186920280028E+01
  3.341500000000E+02   2.172427407608E+01   2.172818152317E+01
  3.351500000000E+02   2.158295209149E+01   2.158686114300E+01
  3.361500000000E+02   2.144133196648E+01   2.144524262924E+01
  3.371500000000E+02   2.129941460509E+01   2.130332688638E+01
  3.381500000000E+02   2.115720084673E+01   2.116111475424E+01
  3.391500000000E+02   2.101469146606E+01   2.101860700791E+01
  3.401500000000E+02   2.087188717280E+01   2.087580435759E+01
  3.411500000000E+02   1.792260481615E+01   2.071223337325E+01
  3.421500000000E+02   1.767045387042E+01   2.046884950265E+01
  3.431500000000E+02   1.741816322095E+01   2.022531902339E+01
  3.441500000000E+02   1.716573315919E+01   1.998164235026E+01
  3.451500000000E+02   1.691316397313E+01   1.973781989217E+01
  3.461500000000E+02   1.666045594740E+01   1.949385205230E+01
  3.471500000000E+02   1.640760936334E+01   1.924973922823E+01
  3.481500000000E+02   1.615462449911E+01   1.900548181206E+01
  3.491500000000E+02   1.590150162970E+01   1.876108019055E+01
  3.501500000000E+02   1.564824102710E+01   1.851653474523E+01
  3.511500000000E+02   1.539484296028E+01   1.827184585253E+01
  3.521500000000E+02   1.514130769532E+01   1.802701388387E+01
  3.531500000000E+02   1.488763549547E+01   1.778203920582E+01
  3.541500000000E+02   1.463382662118E+01   1.753692218015E+01
  3.551500000000E+02   1.437988133024E+01   1.729166316398E+01
  3.561500000000E+02   1.412579987774E+01   1.704626250988E+01
  3.571500000000E+02   1.387158251625E+01   1.680072056593E+01
  3.581500000000E+02   1.361722949577E+01   1.655503767588E+01
  3.591500000000E+02   1.336274106387E+01   1.630921417918E+01
  3.601500000000E+02   1.310811746570E+01   1.606325041112E+01
  3.611500000000E+02   1.285335894406E+01   1.581714670290E+01
  3.621500000000E+02   1.259846573945E+01   1.557090338174E+01
  3.631500000000E+02   1.234343809014E+01   1.532452077092E+01
  3.641500000000E+02   1.208827623219E+01   1.507799918991E+01
  3.651500000000E+02   1.183298039952E+01   1.483133895442E+01
  3.661500000000E+02   1.157755082394E+01   1.458454037650E+01
  3.671500000000E+02   1.132198773521E+01   1.433760376460E+01
  3.681500000000E+02   1.106629136109E+01   1.409052942366E+01
  3.691500000000E+02   1.081046192737E+01   1.384331765517E+01
  3.701500000000E+02   1.055449965791E+01   1.359596875726E+01
  3.711500000000E+02   1.029840477453E+01   1.334848302458E+01
  3.721500000000E+02   1.004217749769E+01   1.310086074904E+01
  3.731500000000E+02   9.785818045561E+00   1.285310221889E+01
  3.741500000000E+02   9.529326634704E+00   1.260520771944E+01
  3.751500000000E+02   9.272703479952E+00   1.235717753295E+01
  3.761500000000E+02   9.015948794437E+00   1.210901193871E+01
  3.771500000000E+02   8.759062789634E+00   1.186071121308E+01
  3.781500000000E+02   8.502045675385E+00   1.161227562957E+01
  3.791500000000E+02   8.244897659936E+00   1.136370545887E+01
  3.801500000000E+02   7.987618949966E+00   1.111500096893E+01
  3.811500000000E+02   7.730209750621E+00   1.086616242499E+01
  3.821500000000E+02   7.472670265538E+00   1.061719008966E+01
  3.831500000000E+02   7.215000696880E+00   1.036808422296E+01
  3.841500000000E+02   6.957201245359E+00   1.011884508235E+01
  3.851500000000E+02   6.699272110265E+00   9.869472922818E+00
  3.861500000000E+02   6.441213489494E+00   9.619967996889E+00
  3.871500000000E+02   6.183025579569E+00   9.370330554700E+00
  3.881500000000E+02   5.924708575671E+00   9.120560844035E+00
  3.891500000000E+02   5.666262671658E+00   8.870659110366E+00
  3.901500000000E+02   5.407688060095E+00   8.620625596903E+00
  3.911500000000E+02   5.148984932267E+00   8.370460544632E+00
  3.921500000000E+02   4.890153478213E+00   8.120164192359E+00
  3.931500000000E+02   4.631193886739E+00   7.869736776750E+00
  3.941500000000E+02   4.372106345444E+00   7.619178532368E+00
  3.951500000000E+02   4.112891040738E+00   7.368489691716E+00
  3.961500000000E+02   3.853548157863E+00   7.117670485271E+00
  3.971500000000E+02   3.594077880915E+00   6.866721141522E+00
  3.981500000000E+02   3.334480389252E+00   6.615641883666E+00
  3.991500000000E+02   3.074755872191E+00   6.364432943239E+00
