#         T/K     Cv/J*K^-1     Cp/J*K^-1
 2.731500E+02  4.822614E+01  4.822923E+01
 2.741500E+02  4.826948E+01  4.827257E+01
 2.751500E+02  4.831293E+01  4.831601E+01
 2.761500E+02  4.835651E+01  4.835957E+01
 2.771500E+02  4.840027E+01  4.840331E+01
 2.781500E+02  4.844422E+01  4.844724E+01
 2.791500E+02  4.848839E+01  4.849139E+01
 2.801500E+02  4.853279E+01  4.853577E+01
 2.811500E+02  4.857744E+01  4.858039E+01
 2.821500E+02  4.862235E+01  4.862527E+01
 2.831500E+02  4.866751E+01  4.867040E+01
 2.841500E+02  4.871292E+01  4.871579E+01
 2.851500E+02  4.875859E+01  4.876143E+01
 2.861500E+02  4.880451E+01  4.880732E+01
 2.871500E+02  4.885066E+01  4.885344E+01
 2.881500E+02  4.889705E+01  4.889980E+01
 2.891500E+02  4.894365E+01  4.894638E+01
 2.901500E+02  4.899046E+01  4.899316E+01
 2.911500E+02  4.903747E+01  4.904014E+01
 2.921500E+02  4.908465E+01  4.908730E+01
 2.931500E+02  4.913200E+01  4.913462E+01
 2.941500E+02  4.917949E+01  4.918210E+01
 2.951500E+02  4.922713E+01  4.922971E+01
 2.961500E+02  4.927489E+01  4.927745E+01
 2.971500E+02  4.932275E+01  4.932529E+01
 2.981500E+02  4.937071E+01  4.937324E+01
 2.991500E+02  4.941875E+01  4.942126E+01
 3.001500E+02  4.946686E+01  4.946935E+01
 3.011500E+02  4.951502E+01  4.951750E+01
 3.021500E+02  4.956323E+01  4.956569E+01
 3.031500E+02  4.961147E+01  4.961391E+01
 3.041500E+02  4.965972E+01  4.966216E+01
 3.051500E+02  4.970799E+01  4.971041E+01
 3.061500E+02  4.975625E+01  4.975866E+01
 3.071500E+02  4.980449E+01  4.980690E+01
 3.081500E+02  4.985272E+01  4.985511E+01
 3.091500E+02  4.990091E+01  4.990329E+01
 3.101500E+02  4.994906E+01  4.995143E+01
 3.111500E+02  4.999715E+01  4.999952E+01
 3.121500E+02  5.004519E+01  5.004755E+01
 3.131500E+02  5.009315E+01  5.009552E+01
 3.141500E+02  5.014104E+01  5.014340E+01
 3.151500E+02  5.018884E+01  5.019120E+01
 3.161500E+02  5.023655E+01  5.023891E+01
 3.171500E+02  5.028416E+01  5.028651E+01
 3.181500E+02  5.033165E+01  1.295217E+03
 3.191500E+02  3.999782E+01  1.289777E+03
 3.201500E+02  4.002418E+01  4.980545E+01
 3.211500E+02  4.005077E+01  4.981203E+01
 3.221500E+02  4.007759E+01  4.981912E+01
 3.231500E+02  4.010463E+01  4.982670E+01
 3.241500E+02  4.013189E+01  4.983477E+01
 3.251500E+02  4.015936E+01  4.984333E+01
 3.261500E+02  4.018703E+01  4.985235E+01
 3.271500E+02  4.021491E+01  4.986183E+01
 3.281500E+02  4.024298E+01  4.987178E+01
 3.291500E+02  4.027125E+01  4.988216E+01
 3.301500E+02  4.029971E+01  4.989299E+01
 3.311500E+02  4.032835E+01  4.990425E+01
 3.321500E+02  4.035718E+01  4.991594E+01
 3.331500E+02  4.038618E+01  4.992804E+01
 3.341500E+02  4.041535E+01  4.994055E+01
 3.351500E+02  4.044469E+01  4.995347E+01
 3.361500E+02  4.047420E+01  4.996678E+01
 3.371500E+02  4.050387E+01  4.998049E+01
 3.381500E+02  4.053369E+01  4.999458E+01
 3.391500E+02  4.056367E+01  5.000904E+01
 3.401500E+02  4.059379E+01  5.002388E+01
 3.411500E+02  4.062407E+01  5.003908E+01
 3.421500E+02  4.065448E+01  5.005464E+01
 3.431500E+02  4.068503E+01  5.007055E+01
 3.441500E+02  4.071572E+01  5.008681E+01
 3.451500E+02  4.074654E+01  5.010341E+01
 3.461500E+02  4.077749E+01  5.012034E+01
 3.471500E+02  4.080856E+01  5.013760E+01
 3.481500E+02  4.083976E+01  5.015518E+01
 3.491500E+02  4.087107E+01  5.017307E+01
 3.501500E+02  4.090250E+01  5.019128E+01
 3.511500E+02  4.093404E+01  5.020979E+01
 3.521500E+02  4.096569E+01  5.022860E+01
 3.531500E+02  4.099745E+01  5.024771E+01
 3.541500E+02  4.102931E+01  5.026710E+01
 3.551500E+02  4.106127E+01  5.028678E+01
 3.561500E+02  4.109332E+01  5.030673E+01
 3.571500E+02  4.112547E+01  5.032696E+01
 3.581500E+02  4.115772E+01  5.034745E+01
 3.591500E+02  4.119005E+01  5.036820E+01
 3.601500E+02  4.122247E+01  5.038921E+01
 3.611500E+02  4.125497E+01  5.041047E+01
 3.621500E+02  4.128755E+01  5.043198E+01
 3.631500E+02  4.132021E+01  5.045373E+01
 3.641500E+02  4.135295E+01  5.047572E+01
 3.651500E+02  4.138576E+01  5.049793E+01
 3.661500E+02  4.141864E+01  5.052038E+01
 3.671500E+02  4.145159E+01  5.054305E+01
 3.681500E+02  4.148460E+01  5.056593E+01
 3.691500E+02  4.151769E+01  5.058903E+01
 3.701500E+02  4.155083E+01  5.061234E+01
 3.711500E+02  4.158403E+01  5.063586E+01
 3.721500E+02  4.161729E+01  5.065957E+01
 3.731500E+02  4.165060E+01  5.068348E+01
 3.741500E+02  4.168397E+01  5.070758E+01
 3.751500E+02  4.171739E+01  5.073187E+01
 3.761500E+02  4.175086E+01  5.075635E+01
 3.771500E+02  4.178438E+01  5.078100E+01
 3.781500E+02  4.181794E+01  5.080583E+01
 3.791500E+02  4.185154E+01  5.083083E+01
 3.801500E+02  4.188519E+01  5.085599E+01
 3.811500E+02  4.191887E+01  5.088133E+01
 3.821500E+02  4.195259E+01  5.090682E+01
 3.831500E+02  4.198635E+01  5.093247E+01
 3.841500E+02  4.202015E+01  5.095827E+01
 3.851500E+02  4.205397E+01  5.098422E+01
 3.861500E+02  4.208783E+01  5.101032E+01
 3.871500E+02  4.212171E+01  5.103656E+01
 3.881500E+02  4.215563E+01  5.106294E+01
 3.891500E+02  4.218957E+01  5.108945E+01
 3.901500E+02  4.222353E+01  5.111610E+01
 3.911500E+02  4.225752E+01  5.114287E+01
 3.921500E+02  4.229153E+01  5.116978E+01
 3.931500E+02  4.232556E+01  5.119680E+01
 3.941500E+02  4.235960E+01  5.122395E+01
 3.951500E+02  4.239367E+01  5.125121E+01
 3.961500E+02  4.242775E+01  5.127859E+01
 3.971500E+02  4.246184E+01  5.130607E+01
 3.981500E+02  4.249595E+01  5.133367E+01
 3.991500E+02  4.253007E+01  5.136456E+01
