#         T/K          U/kJ          H/kJ      S/J*K^-1
 2.731500E+02  7.054231E+01  7.268500E+01  2.071051E+02
 2.741500E+02  7.058663E+01  7.273930E+01  2.073036E+02
 2.751500E+02  7.063048E+01  7.279309E+01  2.074994E+02
 2.761500E+02  7.067389E+01  7.284640E+01  2.076928E+02
 2.771500E+02  7.071689E+01  7.289925E+01  2.078838E+02
 2.781500E+02  7.075949E+01  7.295168E+01  2.080727E+02
 2.791500E+02  7.080173E+01  7.300370E+01  2.082594E+02
 2.801500E+02  7.084362E+01  7.305535E+01  2.084440E+02
 2.811500E+02  7.088519E+01  7.310664E+01  2.086268E+02
 2.821500E+02  7.092645E+01  7.315759E+01  2.088077E+02
 2.831500E+02  7.096741E+01  7.320822E+01  2.089868E+02
 2.841500E+02  7.100811E+01  7.325855E+01  2.091643E+02
 2.851500E+02  7.104853E+01  7.330859E+01  2.093400E+02
 2.861500E+02  7.108871E+01  7.335835E+01  2.095143E+02
 2.871500E+02  7.112866E+01  7.340785E+01  2.096870E+02
 2.881500E+02  7.116837E+01  7.345711E+01  2.098582E+02
 2.891500E+02  7.120788E+01  7.350612E+01  2.100280E+02
 2.901500E+02  7.124718E+01  7.355491E+01  2.101964E+02
 2.911500E+02  7.128628E+01  7.360349E+01  2.103636E+02
 2.921500E+02  7.132520E+01  7.365186E+01  2.105294E+02
 2.931500E+02  7.136394E+01  7.370003E+01  2.106940E+02
 2.941500E+02  7.140251E+01  7.374801E+01  2.108574E+02
 2.951500E+02  7.144092E+01  7.379581E+01  2.110196E+02
 2.961500E+02  7.147917E+01  7.384344E+01  2.111807E+02
 2.971500E+02  7.151727E+01  7.389089E+01  2.113407E+02
 2.981500E+02  7.155522E+01  7.393819E+01  2.114996E+02
 2.991500E+02  7.159304E+01  7.398533E+01  2.116575E+02
 3.001500E+02  7.163073E+01  7.403232E+01  2.118143E+02
 3.011500E+02  7.166828E+01  7.407917E+01  2.119701E+02
 3.021500E+02  7.170572E+01  7.412588E+01  2.121250E+02
 3.031500E+02  7.174303E+01  7.417246E+01  2.122789E+02
 3.041500E+02  7.178024E+01  7.421891E+01  2.124318E+02
 3.051500E+02  7.181733E+01  7.426523E+01  2.125839E+02
 3.061500E+02  7.185431E+01  7.431144E+01  2.127351E+02
 3.071500E+02  7.189120E+01  7.435753E+01  2.128853E+02
 3.081500E+02  7.192798E+01  7.440350E+01  2.130348E+02
 3.091500E+02  7.196468E+01  7.444937E+01  2.131834E+02
 3.101500E+02  7.200127E+01  7.449514E+01  2.133312E+02
 3.111500E+02  7.203778E+01  7.454080E+01  2.134782E+02
 3.121500E+02  7.207421E+01  7.458636E+01  2.136244E+02
 3.131500E+02  7.211055E+01  7.463183E+01  2.137698E+02
 3.141500E+02  7.214681E+01  7.467721E+01  2.139145E+02
 3.151500E+02  7.218300E+01  7.472250E+01  2.140584E+02
 3.161500E+02  7.221911E+01  7.476770E+01  2.142016E+02
 3.171500E+02  7.225515E+01  7.481282E+01  2.143441E+02
 3.181500E+02  7.229112E+01  7.485786E+01  2.144859E+02
 3.191500E+02  7.232702E+01  7.490282E+01  2.146270E+02
 3.201500E+02  7.236285E+01  7.494770E+01  2.147674E+02
 3.211500E+02  7.239863E+01  7.499251E+01  2.149072E+02
 3.221500E+02  7.243434E+01  7.503725E+01  2.150463E+02
 3.231500E+02  7.246999E+01  7.508192E+01  2.151847E+02
 3.241500E+02  7.250559E+01  7.512653E+01  2.153225E+02
 3.251500E+02  7.254113E+01  7.517107E+01  2.154597E+02
 3.261500E+02  7.257662E+01  7.521554E+01  2.155963E+02
 3.271500E+02  7.261206E+01  7.525996E+01  2.157323E+02
 3.281500E+02  7.264745E+01  7.530432E+01  2.158677E+02
 3.291500E+02  7.268279E+01  7.534862E+01  2.160025E+02
 3.301500E+02  7.271808E+01  7.539286E+01  2.161367E+02
 3.311500E+02  7.275333E+01  7.543705E+01  2.162703E+02
 3.321500E+02  7.278854E+01  7.548119E+01  2.164034E+02
 3.331500E+02  7.282371E+01  7.552528E+01  2.165360E+02
 3.341500E+02  7.285883E+01  7.556932E+01  2.166680E+02
 3.351500E+02  7.289392E+01  7.561332E+01  2.167994E+02
 3.361500E+02  7.292897E+01  7.565727E+01  2.169304E+02
 3.371500E+02  7.296398E+01  7.570117E+01  2.170608E+02
 3.381500E+02  7.299896E+01  7.574504E+01  2.171907E+02
 3.391500E+02  7.303391E+01  7.578886E+01  2.173201E+02
 3.401500E+02  7.306882E+01  7.583264E+01  2.174490E+02
 3.411500E+02  7.310371E+01  7.587638E+01  2.175774E+02
 3.421500E+02  7.313856E+01  7.592009E+01  2.177053E+02
 3.431500E+02  7.317339E+01  7.596376E+01  2.178328E+02
 3.441500E+02  7.320819E+01  7.600740E+01  2.179598E+02
 3.451500E+02  7.324296E+01  7.605100E+01  2.180863E+02
 3.461500E+02  7.327771E+01  7.609457E+01  2.182123E+02
 3.471500E+02  7.331244E+01  7.613812E+01  2.183379E+02
 3.481500E+02  7.334714E+01  7.618163E+01  2.184631E+02
 3.491500E+02  7.338182E+01  7.622511E+01  2.185878E+02
 3.501500E+02  7.341648E+01  7.626857E+01  2.187121E+02
 3.511500E+02  7.345112E+01  7.631200E+01  2.188360E+02
 3.521500E+02  7.348574E+01  7.635540E+01  2.189594E+02
 3.531500E+02  7.352034E+01  7.639878E+01  2.190824E+02
 3.541500E+02  7.355493E+01  7.644214E+01  2.192050E+02
 3.551500E+02  7.358950E+01  7.648547E+01  2.193272E+02
 3.561500E+02  7.362405E+01  7.652878E+01  2.194490E+02
 3.571500E+02  7.365859E+01  7.657208E+01  2.195704E+02
 3.581500E+02  7.369312E+01  7.661535E+01  2.196913E+02
 3.591500E+02  7.372763E+01  7.665860E+01  2.198120E+02
 3.601500E+02  7.376213E+01  7.670184E+01  2.199322E+02
 3.611500E+02  7.379662E+01  7.674506E+01  2.200520E+02
 3.621500E+02  7.383110E+01  7.678826E+01  2.201715E+02
 3.631500E+02  7.386557E+01  7.683145E+01  2.202906E+02
 3.641500E+02  7.390003E+01  7.687463E+01  2.204093E+02
 3.651500E+02  7.393449E+01  7.691779E+01  2.205277E+02
 3.661500E+02  7.396893E+01  7.696094E+01  2.206457E+02
 3.671500E+02  7.400337E+01  7.700407E+01  2.207633E+02
 3.681500E+02  7.403780E+01  7.704720E+01  2.208806E+02
 3.691500E+02  7.407223E+01  7.709031E+01  2.209976E+02
 3.701500E+02  7.410665E+01  7.713342E+01  2.211142E+02
 3.711500E+02  7.414107E+01  7.717651E+01  2.212304E+02
 3.721500E+02  7.417548E+01  7.721960E+01  2.213464E+02
 3.731500E+02  7.420989E+01  7.726268E+01  2.214620E+02
 3.741500E+02  7.424430E+01  7.730575E+01  2.215772E+02
 3.751500E+02  7.427870E+01  7.734881E+01  2.216922E+02
 3.761500E+02  7.431310E+01  7.739187E+01  2.218068E+02
 3.771500E+02  7.434751E+01  7.743493E+01  2.219211E+02
 3.781500E+02  7.438191E+01  7.747797E+01  2.220351E+02
 3.791500E+02  7.441631E+01  7.752102E+01  2.221488E+02
 3.801500E+02  7.445071E+01  7.756406E+01  2.222622E+02
 3.811500E+02  7.448512E+01  7.760710E+01  2.223752E+02
 3.821500E+02  7.451952E+01  7.765013E+01  2.224880E+02
 3.831500E+02  7.455393E+01  7.769317E+01  2.226005E+02
 3.841500E+02  7.458834E+01  7.773620E+01  2.227126E+02
 3.851500E+02  7.462275E+01  7.777923E+01  2.228245E+02
 3.861500E+02  7.465717E+01  7.782226E+01  2.229361E+02
 3.871500E+02  7.469159E+01  7.786529E+01  2.230474E+02
 3.881500E+02  7.472602E+01  7.790832E+01  2.231584E+02
 3.891500E+02  7.476044E+01  7.795136E+01  2.232691E+02
 3.901500E+02  7.479488E+01  7.799439E+01  2.233795E+02
 3.911500E+02  7.482932E+01  7.803743E+01  2.234897E+02
 3.921500E+02  7.486376E+01  7.808046E+01  2.235996E+02
 3.931500E+02  7.489822E+01  7.812351E+01  2.237092E+02
 3.941500E+02  7.493267E+01  7.816655E+01  2.238185E+02
 3.951500E+02  7.496714E+01  7.820960E+01  2.239276E+02
 3.961500E+02  7.500161E+01  7.825265E+01  2.240364E+02
 3.971500E+02  7.503609E+01  7.829571E+01  2.241450E+02
 3.981500E+02  7.507058E+01  7.833877E+01  2.242533E+02
 3.991500E+02  7.510508E+01  7.838183E+01  2.243613E+02
