#         T/K          A/kJ          G/kJ
  2.731500000000E+02   2.848104485934E+01   3.064452236371E+01
  2.741500000000E+02   2.821776927332E+01   3.039103504889E+01
  2.751500000000E+02   2.795429087843E+01   3.013731936114E+01
  2.761500000000E+02   2.769061077986E+01   2.988337688434E+01
  2.771500000000E+02   2.742673005745E+01   2.962920916441E+01
  2.781500000000E+02   2.716264976609E+01   2.937481771066E+01
  2.791500000000E+02   2.689837093628E+01   2.912020399697E+01
  2.801500000000E+02   2.663389457459E+01   2.886536946304E+01
  2.811500000000E+02   2.636922166419E+01   2.861031551546E+01
  2.821500000000E+02   2.610435316535E+01   2.835504352880E+01
  2.831500000000E+02   2.583929001604E+01   2.809955484661E+01
  2.841500000000E+02   2.557403313239E+01   2.784385078240E+01
  2.851500000000E+02   2.530858340929E+01   2.758793262056E+01
  2.861500000000E+02   2.504294172090E+01   2.733180161722E+01
  2.871500000000E+02   2.477710892118E+01   2.707545900113E+01
  2.881500000000E+02   2.451108584447E+01   2.681890597447E+01
  2.891500000000E+02   2.424487330598E+01   2.656214371357E+01
  2.901500000000E+02   2.397847210232E+01   2.630517336973E+01
  2.911500000000E+02   2.371188301205E+01   2.604799606991E+01
  2.921500000000E+02   2.344510679614E+01   2.579061291740E+01
  2.931500000000E+02   2.317814419854E+01   2.553302499252E+01
  2.941500000000E+02   2.291099594661E+01   2.527523335322E+01
  2.951500000000E+02   2.264366275166E+01   2.501723903578E+01
  2.961500000000E+02   2.237614530938E+01   2.475904305529E+01
  2.971500000000E+02   2.210844430032E+01   2.450064640635E+01
  2.981500000000E+02   2.184056039039E+01   2.424205006353E+01
  2.991500000000E+02   2.157249423122E+01   2.398325498199E+01
  3.001500000000E+02   2.130424646067E+01   2.372426209793E+01
  3.011500000000E+02   2.103581770319E+01   2.346507232917E+01
  3.021500000000E+02   2.076720857031E+01   2.320568657558E+01
  3.031500000000E+02   2.049841966094E+01   2.294610571958E+01
  3.041500000000E+02   2.022945156185E+01   2.268633062661E+01
  3.051500000000E+02   1.996030484800E+01   2.242636214557E+01
  3.061500000000E+02   1.969098008292E+01   2.216620110924E+01
  3.071500000000E+02   1.942147781907E+01   2.190584833472E+01
  3.081500000000E+02   1.915179859817E+01   2.164530462383E+01
  3.091500000000E+02   1.888194295157E+01   2.138457076351E+01
  3.101500000000E+02   1.861191140053E+01   2.112364752620E+01
  3.111500000000E+02   1.834170445660E+01   2.086253567021E+01
  3.121500000000E+02   1.807132262185E+01   2.060123594010E+01
  3.131500000000E+02   1.780076638921E+01   2.033974906701E+01
  3.141500000000E+02   1.753003624276E+01   2.007807576902E+01
  3.151500000000E+02   1.725913265800E+01   1.981621675149E+01
  3.161500000000E+02   1.698805610211E+01   1.955417270734E+01
  3.171500000000E+02   1.671680703420E+01   1.929194431743E+01
  3.181500000000E+02   1.644538590561E+01   1.902953225080E+01
  3.191500000000E+02   1.617379316009E+01   1.876693716503E+01
  3.201500000000E+02   1.590202923407E+01   1.850415970646E+01
  3.211500000000E+02   1.563009455689E+01   1.824120051054E+01
  3.221500000000E+02   1.535798955100E+01   1.797806020206E+01
  3.231500000000E+02   1.508571463219E+01   1.771473939542E+01
  3.241500000000E+02   1.481327020977E+01   1.745123869489E+01
  3.251500000000E+02   1.454065668680E+01   1.718755869489E+01
  3.261500000000E+02   1.426787446025E+01   1.692369998018E+01
  3.271500000000E+02   1.399492392120E+01   1.665966312616E+01
  3.281500000000E+02   1.372180545502E+01   1.639544869903E+01
  3.291500000000E+02   1.344851944154E+01   1.613105725609E+01
  3.301500000000E+02   1.317506625519E+01   1.586648934589E+01
  3.311500000000E+02   1.290144626521E+01   1.560174550851E+01
  3.321500000000E+02   1.262765983575E+01   1.533682627569E+01
  3.331500000000E+02   1.235370732606E+01   1.507173217110E+01
  3.341500000000E+02   1.207958909062E+01   1.480646371051E+01
  3.351500000000E+02   1.180530547926E+01   1.454102140195E+01
  3.361500000000E+02   1.153085683734E+01   1.427540574596E+01
  3.371500000000E+02   1.125624350582E+01   1.400961723571E+01
  3.381500000000E+02   1.098146582144E+01   1.374365635720E+01
  3.391500000000E+02   1.070652411680E+01   1.347752358944E+01
  3.401500000000E+02   1.043141872048E+01   1.321121940461E+01
  3.411500000000E+02   1.015614995720E+01   1.294474426819E+01
  3.421500000000E+02   9.880718147852E+00   1.267809863919E+01
  3.431500000000E+02   9.605123609675E+00   1.241128297021E+01
  3.441500000000E+02   9.329366656309E+00   1.214429770766E+01
  3.451500000000E+02   9.053447597913E+00   1.187714329189E+01
  3.461500000000E+02   8.777366741254E+00   1.160982015731E+01
  3.471500000000E+02   8.501124389799E+00   1.134232873253E+01
  3.481500000000E+02   8.224720843801E+00   1.107466944053E+01
  3.491500000000E+02   7.948156400387E+00   1.080684269875E+01
  3.501500000000E+02   7.671431353637E+00   1.053884891922E+01
  3.511500000000E+02   7.394545994662E+00   1.027068850870E+01
  3.521500000000E+02   7.117500611684E+00   1.000236186881E+01
  3.531500000000E+02   6.840295490107E+00   9.733869396106E+00
  3.541500000000E+02   6.562930912589E+00   9.465211482228E+00
  3.551500000000E+02   6.285407159111E+00   9.196388514001E+00
  3.561500000000E+02   6.007724507043E+00   8.927400873539E+00
  3.571500000000E+02   5.729883231211E+00   8.658248938358E+00
  3.581500000000E+02   5.451883603953E+00   8.388933081468E+00
  3.591500000000E+02   5.173725895186E+00   8.119453671480E+00
  3.601500000000E+02   4.895410372461E+00   7.849811072701E+00
  3.611500000000E+02   4.616937301017E+00   7.580005645228E+00
  3.621500000000E+02   4.338306943841E+00   7.310037745038E+00
  3.631500000000E+02   4.059519561715E+00   7.039907724081E+00
  3.641500000000E+02   3.780575413270E+00   6.769615930366E+00
  3.651500000000E+02   3.501474755035E+00   6.499162708043E+00
  3.661500000000E+02   3.222217841484E+00   6.228548397492E+00
  3.671500000000E+02   2.942804925081E+00   5.957773335395E+00
  3.681500000000E+02   2.663236256327E+00   5.686837854824E+00
  3.691500000000E+02   2.383512083803E+00   5.415742285310E+00
  3.701500000000E+02   2.103632654209E+00   5.144486952920E+00
  3.711500000000E+02   1.823598212409E+00   4.873072180332E+00
  3.721500000000E+02   1.543409001465E+00   4.601498286903E+00
  3.731500000000E+02   1.263065262680E+00   4.329765588736E+00
  3.741500000000E+02   9.825672356319E-01   4.057874398754E+00
  3.751500000000E+02   7.019151582114E-01   3.785825026759E+00
  3.761500000000E+02   4.211092666542E-01   3.513617779499E+00
  3.771500000000E+02   1.401497955762E-01   3.241252960729E+00
  3.781500000000E+02  -1.409630219945E-01   2.968730871271E+00
  3.791500000000E+02  -4.222289545855E-01   2.696051809078E+00
  3.801500000000E+02  -7.036477722502E-01   2.423216069284E+00
  3.811500000000E+02  -9.852192465369E-01   2.150223944266E+00
  3.821500000000E+02  -1.266943150462E+00   1.877075723697E+00
  3.831500000000E+02  -1.548819258478E+00   1.603771694599E+00
  3.841500000000E+02  -1.830847346453E+00   1.330312141397E+00
  3.851500000000E+02  -2.113027191636E+00   1.056697345966E+00
  3.861500000000E+02  -2.395358572639E+00   7.829275876849E-01
  3.871500000000E+02  -2.677841269406E+00   5.090031434829E-01
  3.881500000000E+02  -2.960475063194E+00   2.349242878862E-01
  3.891500000000E+02  -3.243259736543E+00  -3.930870693367E-02
  3.901500000000E+02  -3.526195073264E+00  -3.136955711212E-01
  3.911500000000E+02  -3.809280858402E+00  -5.882360370822E-01
  3.921500000000E+02  -4.092516878227E+00  -8.629298394513E-01
  3.931500000000E+02  -4.375902920208E+00  -1.137776715045E+00
  3.941500000000E+02  -4.659438772991E+00  -1.412776402823E+00
  3.951500000000E+02  -4.943124226383E+00  -1.687928643848E+00
  3.961500000000E+02  -5.226959071331E+00  -1.963233181244E+00
  3.971500000000E+02  -5.510943099901E+00  -2.238689760163E+00
  3.981500000000E+02  -5.795076105262E+00  -2.514298127747E+00
  3.991500000000E+02  -6.079357881673E+00  -2.790058033090E+00
