#         T/K          U/kJ          H/kJ      S/J*K^-1
 2.731500E+02  3.859399E+01  3.859673E+01  9.874630E+01
 2.741500E+02  3.867482E+01  3.867756E+01  9.904168E+01
 2.751500E+02  3.875570E+01  3.875845E+01  9.933620E+01
 2.761500E+02  3.883662E+01  3.883937E+01  9.962976E+01
 2.771500E+02  3.891756E+01  3.892030E+01  9.992231E+01
 2.781500E+02  3.899849E+01  3.900124E+01  1.002138E+02
 2.791500E+02  3.907941E+01  3.908215E+01  1.005042E+02
 2.801500E+02  3.916029E+01  3.916304E+01  1.007934E+02
 2.811500E+02  3.924113E+01  3.924388E+01  1.010815E+02
 2.821500E+02  3.932191E+01  3.932466E+01  1.013683E+02
 2.831500E+02  3.940263E+01  3.940538E+01  1.016539E+02
 2.841500E+02  3.948326E+01  3.948601E+01  1.019381E+02
 2.851500E+02  3.956380E+01  3.956655E+01  1.022211E+02
 2.861500E+02  3.964424E+01  3.964699E+01  1.025027E+02
 2.871500E+02  3.972457E+01  3.972732E+01  1.027829E+02
 2.881500E+02  3.980478E+01  3.980754E+01  1.030618E+02
 2.891500E+02  3.988487E+01  3.988763E+01  1.033393E+02
 2.901500E+02  3.996483E+01  3.996759E+01  1.036153E+02
 2.911500E+02  4.004466E+01  4.004742E+01  1.038900E+02
 2.921500E+02  4.012435E+01  4.012711E+01  1.041632E+02
 2.931500E+02  4.020389E+01  4.020665E+01  1.044350E+02
 2.941500E+02  4.028328E+01  4.028605E+01  1.047054E+02
 2.951500E+02  4.036253E+01  4.036530E+01  1.049744E+02
 2.961500E+02  4.044163E+01  4.044439E+01  1.052419E+02
 2.971500E+02  4.052058E+01  4.052334E+01  1.055080E+02
 2.981500E+02  4.059937E+01  4.060214E+01  1.057728E+02
 2.991500E+02  4.067802E+01  4.068079E+01  1.060361E+02
 3.001500E+02  4.075652E+01  4.075928E+01  1.062981E+02
 3.011500E+02  4.083486E+01  4.083763E+01  1.065587E+02
 3.021500E+02  4.091307E+01  4.091584E+01  1.068179E+02
 3.031500E+02  4.099113E+01  4.099390E+01  1.070759E+02
 3.041500E+02  4.106905E+01  4.107183E+01  1.073325E+02
 3.051500E+02  4.114684E+01  4.114962E+01  1.075878E+02
 3.061500E+02  4.122450E+01  4.122728E+01  1.078419E+02
 3.071500E+02  4.130204E+01  4.130481E+01  1.080948E+02
 3.081500E+02  4.137945E+01  4.138223E+01  1.083464E+02
 3.091500E+02  4.145675E+01  4.145953E+01  1.085968E+02
 3.101500E+02  4.153394E+01  4.153672E+01  1.088461E+02
 3.111500E+02  4.161104E+01  4.161382E+01  1.090943E+02
 3.121500E+02  4.168804E+01  4.169082E+01  1.093414E+02
 3.131500E+02  4.176495E+01  4.176773E+01  1.095874E+02
 3.141500E+02  4.184179E+01  4.184457E+01  1.098324E+02
 3.151500E+02  4.191856E+01  4.192134E+01  1.100764E+02
 3.161500E+02  7.220458E+01  7.475328E+01  2.141552E+02
 3.171500E+02  7.224090E+01  7.479871E+01  2.142988E+02
 3.181500E+02  7.227712E+01  7.484402E+01  2.144415E+02
 3.191500E+02  7.231326E+01  7.488924E+01  2.145836E+02
 3.201500E+02  7.234931E+01  7.493435E+01  2.147248E+02
 3.211500E+02  7.238528E+01  7.497937E+01  2.148653E+02
 3.221500E+02  7.242117E+01  7.502430E+01  2.150051E+02
 3.231500E+02  7.245699E+01  7.506915E+01  2.151442E+02
 3.241500E+02  7.249274E+01  7.511392E+01  2.152827E+02
 3.251500E+02  7.252842E+01  7.515861E+01  2.154204E+02
 3.261500E+02  7.256404E+01  7.520322E+01  2.155576E+02
 3.271500E+02  7.259960E+01  7.524777E+01  2.156940E+02
 3.281500E+02  7.263510E+01  7.529224E+01  2.158299E+02
 3.291500E+02  7.267054E+01  7.533665E+01  2.159651E+02
 3.301500E+02  7.270593E+01  7.538100E+01  2.160998E+02
 3.311500E+02  7.274127E+01  7.542529E+01  2.162338E+02
 3.321500E+02  7.277657E+01  7.546952E+01  2.163673E+02
 3.331500E+02  7.281181E+01  7.551369E+01  2.165002E+02
 3.341500E+02  7.284702E+01  7.555782E+01  2.166325E+02
 3.351500E+02  7.288218E+01  7.560189E+01  2.167643E+02
 3.361500E+02  7.291730E+01  7.564591E+01  2.168956E+02
 3.371500E+02  7.295238E+01  7.568988E+01  2.170263E+02
 3.381500E+02  7.298742E+01  7.573381E+01  2.171565E+02
 3.391500E+02  7.302242E+01  7.577769E+01  2.172862E+02
 3.401500E+02  7.305740E+01  7.582153E+01  2.174153E+02
 3.411500E+02  7.309234E+01  7.586533E+01  2.175440E+02
 3.421500E+02  7.312724E+01  7.590910E+01  2.176722E+02
 3.431500E+02  7.316212E+01  7.595282E+01  2.177999E+02
 3.441500E+02  7.319697E+01  7.599651E+01  2.179271E+02
 3.451500E+02  7.323179E+01  7.604016E+01  2.180539E+02
 3.461500E+02  7.326659E+01  7.608378E+01  2.181802E+02
 3.471500E+02  7.330136E+01  7.612737E+01  2.183060E+02
 3.481500E+02  7.333610E+01  7.617093E+01  2.184314E+02
 3.491500E+02  7.337083E+01  7.621445E+01  2.185563E+02
 3.501500E+02  7.340553E+01  7.625795E+01  2.186808E+02
 3.511500E+02  7.344021E+01  7.630142E+01  2.188049E+02
 3.521500E+02  7.347487E+01  7.634487E+01  2.189285E+02
 3.531500E+02  7.350951E+01  7.638829E+01  2.190517E+02
 3.541500E+02  7.354414E+01  7.643168E+01  2.191745E+02
 3.551500E+02  7.357874E+01  7.647505E+01  2.192969E+02
 3.561500E+02  7.361334E+01  7.651841E+01  2.194189E+02
 3.571500E+02  7.364791E+01  7.656173E+01  2.195404E+02
 3.581500E+02  7.368247E+01  7.660504E+01  2.196616E+02
 3.591500E+02  7.371702E+01  7.664833E+01  2.197824E+02
 3.601500E+02  7.375156E+01  7.669161E+01  2.199028E+02
 3.611500E+02  7.378608E+01  7.673486E+01  2.200228E+02
 3.621500E+02  7.382060E+01  7.677810E+01  2.201425E+02
 3.631500E+02  7.385510E+01  7.682132E+01  2.202617E+02
 3.641500E+02  7.388959E+01  7.686453E+01  2.203806E+02
 3.651500E+02  7.392408E+01  7.690772E+01  2.204991E+02
 3.661500E+02  7.395856E+01  7.695090E+01  2.206173E+02
 3.671500E+02  7.399303E+01  7.699407E+01  2.207351E+02
 3.681500E+02  7.402749E+01  7.703723E+01  2.208526E+02
 3.691500E+02  7.406195E+01  7.708037E+01  2.209697E+02
 3.701500E+02  7.409640E+01  7.712351E+01  2.210865E+02
 3.711500E+02  7.413085E+01  7.716663E+01  2.212029E+02
 3.721500E+02  7.416529E+01  7.720975E+01  2.213190E+02
 3.731500E+02  7.419973E+01  7.725286E+01  2.214347E+02
 3.741500E+02  7.423417E+01  7.729596E+01  2.215502E+02
 3.751500E+02  7.426860E+01  7.733906E+01  2.216653E+02
 3.761500E+02  7.430303E+01  7.738214E+01  2.217800E+02
 3.771500E+02  7.433747E+01  7.742523E+01  2.218945E+02
 3.781500E+02  7.437190E+01  7.746831E+01  2.220086E+02
 3.791500E+02  7.440633E+01  7.751138E+01  2.221225E+02
 3.801500E+02  7.444076E+01  7.755445E+01  2.222360E+02
 3.811500E+02  7.447519E+01  7.759751E+01  2.223492E+02
 3.821500E+02  7.450962E+01  7.764058E+01  2.224621E+02
 3.831500E+02  7.454406E+01  7.768364E+01  2.225747E+02
 3.841500E+02  7.457850E+01  7.772670E+01  2.226870E+02
 3.851500E+02  7.461294E+01  7.776976E+01  2.227990E+02
 3.861500E+02  7.464738E+01  7.781281E+01  2.229107E+02
 3.871500E+02  7.468183E+01  7.785587E+01  2.230221E+02
 3.881500E+02  7.471628E+01  7.789893E+01  2.231333E+02
 3.891500E+02  7.475073E+01  7.794199E+01  2.232441E+02
 3.901500E+02  7.478520E+01  7.798505E+01  2.233547E+02
 3.911500E+02  7.481966E+01  7.802811E+01  2.234650E+02
 3.921500E+02  7.485413E+01  7.807118E+01  2.235750E+02
 3.931500E+02  7.488861E+01  7.811424E+01  2.236848E+02
 3.941500E+02  7.492310E+01  7.815731E+01  2.237942E+02
 3.951500E+02  7.495759E+01  7.820039E+01  2.239034E+02
 3.961500E+02  7.499208E+01  7.824346E+01  2.240124E+02
 3.971500E+02  7.502659E+01  7.828655E+01  2.241211E+02
 3.981500E+02  7.506110E+01  7.832963E+01  2.242295E+02
 3.991500E+02  7.509563E+01  7.837272E+01  2.243376E+02
