#         T/K            c1          c2-1          c3-4          c3-5          c3-7          c3-9            w1            w2          w3-1          w3-2        c1w1-2        c1w2-1        c2w1-1        c2w1-9
 2.731500E+02  1.819595E-02  1.145847E-05  2.547269E-09  3.343352E-09  3.719744E-09  4.435333E-09  1.795313E-02  1.156694E-04  1.010649E-05  1.418049E-07  8.239612E-03  3.890331E-06  1.061642E-07  9.322339E-08
 2.741500E+02  1.819144E-02  1.129224E-05  2.445413E-09  3.210750E-09  3.572482E-09  4.261083E-09  1.795502E-02  1.134377E-04  9.423764E-06  1.373639E-07  8.083620E-03  3.673588E-06  1.017879E-07  8.930345E-08
 2.751500E+02  1.818592E-02  1.112875E-05  2.348104E-09  3.084023E-09  3.431731E-09  4.094484E-09  1.795565E-02  1.112521E-04  8.790142E-06  1.330724E-07  7.930971E-03  3.469889E-06  9.761102E-08  8.556553E-08
 2.761500E+02  1.817940E-02  1.096796E-05  2.255122E-09  2.962887E-09  3.297180E-09  3.935171E-09  1.795505E-02  1.091120E-04  8.201913E-06  1.289253E-07  7.781597E-03  3.278400E-06  9.362379E-08  8.200056E-08
 2.771500E+02  1.817190E-02  1.080985E-05  2.166257E-09  2.847075E-09  3.168532E-09  3.782797E-09  1.795325E-02  1.070165E-04  7.655653E-06  1.249178E-07  7.635430E-03  3.098344E-06  8.981696E-08  7.859993E-08
 2.781500E+02  1.816346E-02  1.065435E-05  2.081310E-09  2.736331E-09  3.045504E-09  3.637033E-09  1.795030E-02  1.049649E-04  7.148207E-06  1.210454E-07  7.492404E-03  2.928994E-06  8.618176E-08  7.535552E-08
 2.791500E+02  1.815410E-02  1.050145E-05  2.000095E-09  2.630414E-09  2.927830E-09  3.497567E-09  1.794623E-02  1.029564E-04  6.676668E-06  1.173034E-07  7.352455E-03  2.769673E-06  8.270986E-08  7.225958E-08
 2.801500E+02  1.814384E-02  1.035109E-05  1.922433E-09  2.529095E-09  2.815256E-09  3.364103E-09  1.794106E-02  1.009903E-04  6.238357E-06  1.136875E-07  7.215517E-03  2.619749E-06  7.939337E-08  6.930481E-08
 2.811500E+02  1.813269E-02  1.020325E-05  1.848154E-09  2.432158E-09  2.707542E-09  3.236360E-09  1.793484E-02  9.906565E-05  5.830802E-06  1.101933E-07  7.081527E-03  2.478632E-06  7.622478E-08  6.648426E-08
 2.821500E+02  1.812069E-02  1.005787E-05  1.777098E-09  2.339395E-09  2.604459E-09  3.114071E-09  1.792759E-02  9.718181E-05  5.451723E-06  1.068168E-07  6.950422E-03  2.345769E-06  7.319699E-08  6.379137E-08
 2.831500E+02  1.810786E-02  9.914931E-06  1.709113E-09  2.250612E-09  2.505790E-09  2.996983E-09  1.791935E-02  9.533795E-05  5.099019E-06  1.035538E-07  6.822142E-03  2.220646E-06  7.030324E-08  6.121990E-08
 2.841500E+02  1.809422E-02  9.774388E-06  1.644054E-09  2.165621E-09  2.411330E-09  2.884854E-09  1.791014E-02  9.353331E-05  4.770749E-06  1.004005E-07  6.696625E-03  2.102781E-06  6.753713E-08  5.876394E-08
 2.851500E+02  1.807979E-02  9.636204E-06  1.581784E-09  2.084247E-09  2.320882E-09  2.777455E-09  1.790000E-02  9.176712E-05  4.465122E-06  9.735307E-08  6.573812E-03  1.991725E-06  6.489258E-08  5.641787E-08
 2.861500E+02  1.806460E-02  9.500344E-06  1.522172E-09  2.006322E-09  2.234261E-09  2.674569E-09  1.788895E-02  9.003863E-05  4.180485E-06  9.440792E-08  6.453644E-03  1.887056E-06  6.236379E-08  5.417639E-08
 2.871500E+02  1.804866E-02  9.366771E-06  1.465095E-09  1.931685E-09  2.151290E-09  2.575988E-09  1.787703E-02  8.834706E-05  3.915312E-06  9.156148E-08  6.336063E-03  1.788383E-06  5.994529E-08  5.203444E-08
 2.881500E+02  1.803200E-02  9.235449E-06  1.410436E-09  1.860186E-09  2.071802E-09  2.481517E-09  1.786425E-02  8.669168E-05  3.668191E-06  8.881031E-08  6.221013E-03  1.695337E-06  5.763187E-08  4.998723E-08
 2.891500E+02  1.801463E-02  9.106342E-06  1.358081E-09  1.791681E-09  1.995636E-09  2.390967E-09  1.785065E-02  8.507175E-05  3.437820E-06  8.615112E-08  6.108439E-03  1.607574E-06  5.541858E-08  4.803023E-08
 2.901500E+02  1.799658E-02  8.979415E-06  1.307925E-09  1.726032E-09  1.922641E-09  2.304162E-09  1.783625E-02  8.348653E-05  3.222995E-06  8.358069E-08  5.998285E-03  1.524774E-06  5.330072E-08  4.615912E-08
 2.911500E+02  1.797788E-02  8.854634E-06  1.259868E-09  1.663110E-09  1.852673E-09  2.220931E-09  1.782107E-02  8.193530E-05  3.022602E-06  8.109594E-08  5.890499E-03  1.446635E-06  5.127381E-08  4.436980E-08
 2.921500E+02  1.795853E-02  8.731963E-06  1.213813E-09  1.602790E-09  1.785593E-09  2.141114E-09  1.780515E-02  8.041734E-05  2.835612E-06  7.869386E-08  5.785027E-03  1.372876E-06  4.933361E-08  4.265840E-08
 2.931500E+02  1.793856E-02  8.611368E-06  1.169668E-09  1.544954E-09  1.721273E-09  2.064558E-09  1.778851E-02  7.893196E-05  2.661072E-06  7.637158E-08  5.681818E-03  1.303234E-06  4.747609E-08  4.102123E-08
 2.941500E+02  1.791798E-02  8.492815E-06  1.127347E-09  1.489491E-09  1.659586E-09  1.991115E-09  1.777116E-02  7.747846E-05  2.498101E-06  7.412631E-08  5.580822E-03  1.237460E-06  4.569741E-08  3.945477E-08
 2.951500E+02  1.789682E-02  8.376271E-06  1.086768E-09  1.436294E-09  1.600416E-09  1.920648E-09  1.775314E-02  7.605616E-05  2.345884E-06  7.195534E-08  5.481988E-03  1.175325E-06  4.399393E-08  3.795571E-08
 2.961500E+02  1.787510E-02  8.261703E-06  1.047851E-09  1.385261E-09  1.543649E-09  1.853025E-09  1.773446E-02  7.466439E-05  2.203665E-06  6.985608E-08  5.385269E-03  1.116612E-06  4.236219E-08  3.652089E-08
 2.971500E+02  1.785283E-02  8.149077E-06  1.010522E-09  1.336295E-09  1.489178E-09  1.788118E-09  1.771514E-02  7.330248E-05  2.070747E-06  6.782601E-08  5.290617E-03  1.061118E-06  4.079888E-08  3.514730E-08
 2.981500E+02  1.783003E-02  8.038361E-06  9.747097E-10  1.289305E-09  1.436901E-09  1.725809E-09  1.769521E-02  7.196978E-05  1.946480E-06  6.586271E-08  5.197984E-03  1.008653E-06  3.930087E-08  3.383208E-08
 2.991500E+02  1.780672E-02  7.929523E-06  9.403467E-10  1.244203E-09  1.386722E-09  1.665983E-09  1.767469E-02  7.066565E-05  1.830265E-06  6.396385E-08  5.107326E-03  9.590391E-07  3.786518E-08  3.257254E-08
 3.001500E+02  1.778291E-02  7.822531E-06  9.073683E-10  1.200906E-09  1.338547E-09  1.608531E-09  1.765360E-02  6.938948E-05  1.721546E-06  6.212717E-08  5.018598E-03  9.121091E-07  3.648898E-08  3.136609E-08
 3.011500E+02  1.775863E-02  7.717354E-06  8.757130E-10  1.159333E-09  1.292289E-09  1.553350E-09  1.763196E-02  6.814063E-05  1.619807E-06  6.035048E-08  4.931755E-03  8.677065E-07  3.516956E-08  3.021028E-08
 3.021500E+02  1.773388E-02  7.613961E-06  8.453225E-10  1.119411E-09  1.247863E-09  1.500340E-09  1.760978E-02  6.691850E-05  1.524570E-06  5.863170E-08  4.846755E-03  8.256844E-07  3.390437E-08  2.910279E-08
 3.031500E+02  1.770869E-02  7.512321E-06  8.161410E-10  1.081065E-09  1.205190E-09  1.449407E-09  1.758708E-02  6.572251E-05  1.435392E-06  5.696880E-08  4.763556E-03  7.859049E-07  3.269096E-08  2.804141E-08
 3.041500E+02  1.768307E-02  7.412404E-06  7.881155E-10  1.044228E-09  1.164193E-09  1.400463E-09  1.756389E-02  6.455206E-05  1.351860E-06  5.535981E-08  4.682117E-03  7.482389E-07  3.152700E-08  2.702403E-08
 3.051500E+02  1.765703E-02  7.314180E-06  7.611955E-10  1.008833E-09  1.124799E-09  1.353420E-09  1.754022E-02  6.340658E-05  1.273594E-06  5.380287E-08  4.602398E-03  7.125648E-07  3.041028E-08  2.604864E-08
 3.061500E+02  1.763059E-02  7.217620E-06  7.353328E-10  9.748199E-10  1.086939E-09  1.308197E-09  1.751609E-02  6.228552E-05  1.200238E-06  5.229615E-08  4.524359E-03  6.787689E-07  2.933870E-08  2.511336E-08
 3.071500E+02  1.760377E-02  7.122694E-06  7.104815E-10  9.421274E-10  1.050548E-09  1.264717E-09  1.749151E-02  6.118832E-05  1.131462E-06  5.083790E-08  4.447961E-03  6.467440E-07  2.831025E-08  2.421635E-08
 3.081500E+02  1.757657E-02  7.029374E-06  6.865979E-10  9.106992E-10  1.015562E-09  1.222905E-09  1.746650E-02  6.011445E-05  1.066962E-06  4.942644E-08  4.373169E-03  6.163898E-07  2.732302E-08  2.335591E-08
 3.091500E+02  1.754902E-02  6.937632E-06  6.636403E-10  8.804812E-10  9.819213E-10  1.182690E-09  1.744108E-02  5.906338E-05  1.006452E-06  4.806013E-08  4.299943E-03  5.876118E-07  2.637518E-08  2.253038E-08
 3.101500E+02  1.752112E-02  6.847439E-06  6.415689E-10  8.514218E-10  9.495684E-10  1.144005E-09  1.741526E-02  5.803460E-05  9.496680E-07  4.673742E-08  4.228250E-03  5.603213E-07  2.546502E-08  2.173822E-08
 3.111500E+02  1.749290E-02  6.758769E-06  6.203459E-10  8.234717E-10  9.184486E-10  1.106785E-09  1.738905E-02  5.702759E-05  8.963646E-07  4.545677E-08  4.158052E-03  5.344349E-07  2.459087E-08  2.097793E-08
 3.121500E+02  1.746435E-02  6.671595E-06  5.999350E-10  7.965839E-10  8.885100E-10  1.070969E-09  1.736248E-02  5.604186E-05  8.463130E-07  4.421675E-08  4.089317E-03  5.098743E-07  2.375116E-08  2.024810E-08
 3.131500E+02  1.743550E-02  6.585888E-06  5.803018E-10  7.707137E-10  8.597026E-10  1.036498E-09  1.733555E-02  5.507694E-05  7.993006E-07  4.301594E-08  4.022011E-03  4.865657E-07  2.294440E-08  1.954738E-08
 3.141500E+02  1.740635E-02  6.501625E-06  5.614133E-10  7.458183E-10  8.319791E-10  1.003315E-09  1.730829E-02  5.413233E-05  7.551294E-07  4.185298E-08  3.956100E-03  4.644398E-07  2.216916E-08  1.887449E-08
 3.151500E+02  1.737693E-02  6.418777E-06  5.432382E-10  7.218568E-10  8.052941E-10  9.713673E-10  1.728069E-02  5.320759E-05  7.136153E-07  4.072658E-08  3.891553E-03  4.434315E-07  2.142407E-08  1.822821E-08
 3.161500E+02  1.734723E-02  6.337321E-06  5.257466E-10  6.987903E-10  7.796043E-10  9.406037E-10  1.725278E-02  5.230226E-05  6.745866E-07  3.963546E-08  3.828339E-03  4.234793E-07  2.070783E-08  1.760738E-08
 3.171500E+02  1.731728E-02  6.257231E-06  5.089097E-10  6.765815E-10  7.548684E-10  9.109751E-10  1.722457E-02  5.141589E-05  6.378837E-07  3.857843E-08  3.766427E-03  4.045255E-07  2.001922E-08  1.701088E-08
 3.181500E+02  1.728708E-02  6.178482E-06  4.927004E-10  6.551950E-10  7.310469E-10  8.824350E-10  1.719607E-02  5.054805E-05  6.033575E-07  3.755431E-08  3.705786E-03  3.865158E-07  1.935704E-08  1.643766E-08
 3.191500E+02  1.725664E-02  6.101050E-06  4.770925E-10  6.345967E-10  7.081022E-10  8.549387E-10  1.716729E-02  4.969832E-05  5.708695E-07  3.656197E-08  3.646388E-03  3.693989E-07  1.872017E-08  1.588672E-08
 3.201500E+02  1.722597E-02  6.024911E-06  4.620612E-10  6.147543E-10  6.859983E-10  8.284437E-10  1.713825E-02  4.886628E-05  5.402902E-07  3.560033E-08  3.588205E-03  3.531266E-07  1.810754E-08  1.535708E-08
 3.211500E+02  1.719509E-02  5.950042E-06  4.475827E-10  5.956368E-10  6.647007E-10  8.029092E-10  1.710895E-02  4.805153E-05  5.114991E-07  3.466834E-08  3.531208E-03  3.376535E-07  1.751813E-08  1.484785E-08
 3.221500E+02  1.716401E-02  5.876419E-06  4.336343E-10  5.772147E-10  6.441766E-10  7.782963E-10  1.707941E-02  4.725366E-05  4.843837E-07  3.376499E-08  3.475371E-03  3.229368E-07  1.695095E-08  1.435814E-08
 3.231500E+02  1.713272E-02  5.804020E-06  4.201943E-10  5.594596E-10  6.243946E-10  7.545678E-10  1.704964E-02  4.647231E-05  4.588389E-07  3.288931E-08  3.420666E-03  3.089361E-07  1.640507E-08  1.388712E-08
 3.241500E+02  1.710125E-02  5.732823E-06  4.072419E-10  5.423445E-10  6.053246E-10  7.316881E-10  1.701965E-02  4.570708E-05  4.347668E-07  3.204035E-08  3.367069E-03  2.956135E-07  1.587961E-08  1.343400E-08
 3.251500E+02  1.706961E-02  5.662805E-06  3.947575E-10  5.258436E-10  5.869381E-10  7.096232E-10  1.698944E-02  4.495761E-05  4.120761E-07  3.121723E-08  3.314552E-03  2.829331E-07  1.537370E-08  1.299803E-08
 3.261500E+02  1.703779E-02  5.593945E-06  3.827220E-10  5.099323E-10  5.692075E-10  6.883407E-10  1.695903E-02  4.422353E-05  3.906812E-07  3.041905E-08  3.263093E-03  2.708610E-07  1.488655E-08  1.257848E-08
 3.271500E+02  1.700581E-02  5.526222E-06  3.711173E-10  4.945869E-10  5.521066E-10  6.678094E-10  1.692843E-02  4.350450E-05  3.705023E-07  2.964499E-08  3.212667E-03  2.593653E-07  1.441737E-08  1.217465E-08
 3.281500E+02  1.697368E-02  5.459615E-06  3.599263E-10  4.797848E-10  5.356104E-10  6.479995E-10  1.689764E-02  4.280017E-05  3.514651E-07  2.889424E-08  3.163250E-03  2.484160E-07  1.396543E-08  1.178590E-08
 3.291500E+02  1.694141E-02  5.394103E-06  3.491322E-10  4.655044E-10  5.196947E-10  6.288826E-10  1.686668E-02  4.211020E-05  3.334997E-07  2.816600E-08  3.114819E-03  2.379847E-07  1.353001E-08  1.141160E-08
 3.301500E+02  1.690900E-02  5.329667E-06  3.387194E-10  4.517251E-10  5.043368E-10  6.104315E-10  1.683556E-02  4.143427E-05  3.165411E-07  2.745954E-08  3.067352E-03  2.280444E-07  1.311045E-08  1.105114E-08
 3.311500E+02  1.687646E-02  5.266286E-06  3.286727E-10  4.384272E-10  4.895145E-10  5.926200E-10  1.680428E-02  4.077205E-05  3.005283E-07  2.677412E-08  3.020827E-03  2.185700E-07  1.270609E-08  1.070396E-08
 3.321500E+02  1.684380E-02  5.203941E-06  3.189776E-10  4.255916E-10  4.752069E-10  5.754232E-10  1.677285E-02  4.012323E-05  2.854043E-07  2.610904E-08  2.975223E-03  2.095374E-07  1.231632E-08  1.036950E-08
 3.331500E+02  1.681103E-02  5.142613E-06  3.096202E-10  4.132004E-10  4.613939E-10  5.588172E-10  1.674128E-02  3.948751E-05  2.711160E-07  2.546364E-08  2.930518E-03  2.009241E-07  1.194055E-08  1.004725E-08
 3.341500E+02  1.677815E-02  5.082284E-06  3.005874E-10  4.012361E-10  4.480562E-10  5.427792E-10  1.670957E-02  3.886459E-05  2.576133E-07  2.483725E-08  2.886693E-03  1.927088E-07  1.157822E-08  9.736708E-09
 3.351500E+02  1.674517E-02  5.022934E-06  2.918665E-10  3.896823E-10  4.351754E-10  5.272872E-10  1.667774E-02  3.825418E-05  2.448495E-07  2.422925E-08  2.843727E-03  1.848712E-07  1.122879E-08  9.437395E-09
 3.361500E+02  1.671210E-02  4.964547E-06  2.834452E-10  3.785229E-10  4.227338E-10  5.123203E-10  1.664579E-02  3.765599E-05  2.327810E-07  2.363904E-08  2.801601E-03  1.773924E-07  1.089174E-08  9.148858E-09
 3.371500E+02  1.667894E-02  4.907103E-06  2.753120E-10  3.677430E-10  4.107145E-10  4.978584E-10  1.661374E-02  3.706974E-05  2.213668E-07  2.306603E-08  2.760297E-03  1.702542E-07  1.056658E-08  8.870661E-09
 3.381500E+02  1.664570E-02  4.850586E-06  2.674558E-10  3.573277E-10  3.991014E-10  4.838822E-10  1.658157E-02  3.649517E-05  2.105684E-07  2.250965E-08  2.719796E-03  1.634396E-07  1.025284E-08  8.602388E-09
 3.391500E+02  1.661239E-02  4.794980E-06  2.598660E-10  3.472633E-10  3.878789E-10  4.703733E-10  1.654931E-02  3.593200E-05  2.003498E-07  2.196937E-08  2.680079E-03  1.569325E-07  9.950062E-09  8.343643E-09
 3.401500E+02  1.657901E-02  4.740266E-06  2.525322E-10  3.375364E-10  3.770322E-10  4.573140E-10  1.651696E-02  3.537999E-05  1.906774E-07  2.144467E-08  2.641129E-03  1.507177E-07  9.657825E-09  8.094044E-09
 3.411500E+02  1.654556E-02  4.686428E-06  2.454448E-10  3.281341E-10  3.665470E-10  4.446874E-10  1.648453E-02  3.483887E-05  1.815196E-07  2.093502E-08  2.602930E-03  1.447807E-07  9.375712E-09  7.853228E-09
 3.421500E+02  1.651206E-02  4.633451E-06  2.385943E-10  3.190442E-10  3.564097E-10  4.324772E-10  1.645202E-02  3.430841E-05  1.728466E-07  2.043996E-08  2.565463E-03  1.391078E-07  9.103328E-09  7.620848E-09
 3.431500E+02  1.647851E-02  4.581319E-06  2.319719E-10  3.102550E-10  3.466072E-10  4.206678E-10  1.641943E-02  3.378836E-05  1.646306E-07  1.995900E-08  2.528714E-03  1.336860E-07  8.840295E-09  7.396571E-09
 3.441500E+02  1.644491E-02  4.530015E-06  2.255689E-10  3.017551E-10  3.371270E-10  4.092444E-10  1.638678E-02  3.327849E-05  1.568455E-07  1.949170E-08  2.492665E-03  1.285033E-07  8.586251E-09  7.180079E-09
 3.451500E+02  1.641127E-02  4.479526E-06  2.193770E-10  2.935338E-10  3.279570E-10  3.981926E-10  1.635406E-02  3.277857E-05  1.494667E-07  1.903760E-08  2.457302E-03  1.235478E-07  8.340850E-09  6.971067E-09
 3.461500E+02  1.637760E-02  4.429835E-06  2.133884E-10  2.855806E-10  3.190858E-10  3.874987E-10  1.632130E-02  3.228838E-05  1.424713E-07  1.859631E-08  2.422609E-03  1.188087E-07  8.103758E-09  6.769243E-09
 3.471500E+02  1.634389E-02  4.380928E-06  2.075955E-10  2.778858E-10  3.105023E-10  3.771496E-10  1.628848E-02  3.180769E-05  1.358377E-07  1.816739E-08  2.388571E-03  1.142755E-07  7.874659E-09  6.574329E-09
 3.481500E+02  1.631015E-02  4.332792E-06  2.019910E-10  2.704396E-10  3.021958E-10  3.671325E-10  1.625561E-02  3.133630E-05  1.295454E-07  1.775047E-08  2.355175E-03  1.099383E-07  7.653248E-09  6.386058E-09
 3.491500E+02  1.627640E-02  4.285411E-06  1.965680E-10  2.632331E-10  2.941563E-10  3.574354E-10  1.622271E-02  3.087400E-05  1.235755E-07  1.734515E-08  2.322405E-03  1.057879E-07  7.439232E-09  6.204174E-09
 3.501500E+02  1.624262E-02  4.238772E-06  1.913197E-10  2.562573E-10  2.863739E-10  3.480466E-10  1.618977E-02  3.042059E-05  1.179099E-07  1.695108E-08  2.290248E-03  1.018152E-07  7.232333E-09  6.028431E-09
 3.511500E+02  1.620883E-02  4.192861E-06  1.862398E-10  2.495040E-10  2.788392E-10  3.389550E-10  1.615680E-02  2.997586E-05  1.125318E-07  1.656790E-08  2.258690E-03  9.801194E-08  7.032283E-09  5.858597E-09
 3.521500E+02  1.617503E-02  4.147665E-06  1.813222E-10  2.429650E-10  2.715434E-10  3.301498E-10  1.612380E-02  2.953963E-05  1.074254E-07  1.619526E-08  2.227719E-03  9.437007E-08  6.838824E-09  5.694444E-09
 3.531500E+02  1.614123E-02  4.103171E-06  1.765609E-10  2.366325E-10  2.644778E-10  3.216208E-10  1.609078E-02  2.911171E-05  1.025756E-07  1.583283E-08  2.197322E-03  9.088203E-08  6.651711E-09  5.535760E-09
 3.541500E+02  1.610742E-02  4.059366E-06  1.719502E-10  2.304992E-10  2.576340E-10  3.133580E-10  1.605774E-02  2.869191E-05  9.796846E-08  1.548031E-08  2.167485E-03  8.754063E-08  6.470706E-09  5.382336E-09
 3.551500E+02  1.607361E-02  4.016238E-06  1.674848E-10  2.245579E-10  2.510041E-10  3.053520E-10  1.602469E-02  2.828005E-05  9.359078E-08  1.513737E-08  2.138198E-03  8.433905E-08  6.295585E-09  5.233976E-09
 3.561500E+02  1.603981E-02  3.973774E-06  1.631593E-10  2.188017E-10  2.445806E-10  2.975937E-10  1.599163E-02  2.787597E-05  8.943008E-08  1.480373E-08  2.109447E-03  8.127081E-08  6.126129E-09  5.090489E-09
 3.571500E+02  1.600602E-02  3.931963E-06  1.589688E-10  2.132240E-10  2.383560E-10  2.900742E-10  1.595856E-02  2.747948E-05  8.547464E-08  1.447908E-08  2.081222E-03  7.832975E-08  5.962131E-09  4.951695E-09
 3.581500E+02  1.597224E-02  3.890791E-06  1.549085E-10  2.078186E-10  2.323233E-10  2.827853E-10  1.592549E-02  2.709042E-05  8.171344E-08  1.416317E-08  2.053511E-03  7.551003E-08  5.803390E-09  4.817419E-09
 3.591500E+02  1.593848E-02  3.850249E-06  1.509738E-10  2.025792E-10  2.264758E-10  2.757187E-10  1.589242E-02  2.670864E-05  7.813606E-08  1.385571E-08  2.026303E-03  7.280610E-08  5.649715E-09  4.687493E-09
 3.601500E+02  1.590473E-02  3.810324E-06  1.471602E-10  1.975001E-10  2.208069E-10  2.688668E-10  1.585936E-02  2.633396E-05  7.473272E-08  1.355645E-08  1.999587E-03  7.021269E-08  5.500922E-09  4.561759E-09
 3.611500E+02  1.587101E-02  3.771005E-06  1.434634E-10  1.925757E-10  2.153105E-10  2.622220E-10  1.582631E-02  2.596624E-05  7.149416E-08  1.326514E-08  1.973352E-03  6.772479E-08  5.356834E-09  4.440061E-09
 3.621500E+02  1.583731E-02  3.732281E-06  1.398793E-10  1.878006E-10  2.099804E-10  2.557772E-10  1.579326E-02  2.560532E-05  6.841170E-08  1.298153E-08  1.947589E-03  6.533762E-08  5.217282E-09  4.322252E-09
 3.631500E+02  1.580363E-02  3.694142E-06  1.364041E-10  1.831695E-10  2.048109E-10  2.495254E-10  1.576023E-02  2.525106E-05  6.547710E-08  1.270540E-08  1.922287E-03  6.304666E-08  5.082102E-09  4.208191E-09
 3.641500E+02  1.576999E-02  3.656577E-06  1.330339E-10  1.786775E-10  1.997964E-10  2.434601E-10  1.572722E-02  2.490331E-05  6.268263E-08  1.243651E-08  1.897436E-03  6.084760E-08  4.951139E-09  4.097743E-09
 3.651500E+02  1.573638E-02  3.619576E-06  1.297650E-10  1.743198E-10  1.949317E-10  2.375748E-10  1.569423E-02  2.456193E-05  6.002097E-08  1.217465E-08  1.873027E-03  5.873635E-08  4.824243E-09  3.990775E-09
 3.661500E+02  1.570280E-02  3.583128E-06  1.265941E-10  1.700918E-10  1.902116E-10  2.318635E-10  1.566126E-02  2.422679E-05  5.748523E-08  1.191961E-08  1.849050E-03  5.670900E-08  4.701268E-09  3.887165E-09
 3.671500E+02  1.566927E-02  3.547224E-06  1.235176E-10  1.659891E-10  1.856311E-10  2.263201E-10  1.562832E-02  2.389774E-05  5.506889E-08  1.167118E-08  1.825497E-03  5.476185E-08  4.582077E-09  3.786790E-09
 3.681500E+02  1.563577E-02  3.511854E-06  1.205324E-10  1.620073E-10  1.811855E-10  2.209390E-10  1.559541E-02  2.357467E-05  5.276581E-08  1.142917E-08  1.802358E-03  5.289136E-08  4.466537E-09  3.689537E-09
 3.691500E+02  1.560232E-02  3.477008E-06  1.176354E-10  1.581425E-10  1.768702E-10  2.157148E-10  1.556253E-02  2.325744E-05  5.057018E-08  1.119338E-08  1.779625E-03  5.109417E-08  4.354519E-09  3.595294E-09
 3.701500E+02  1.556891E-02  3.442677E-06  1.148235E-10  1.543905E-10  1.726809E-10  2.106421E-10  1.552968E-02  2.294592E-05  4.847650E-08  1.096364E-08  1.757289E-03  4.936709E-08  4.245902E-09  3.503954E-09
 3.711500E+02  1.553554E-02  3.408853E-06  1.120939E-10  1.507477E-10  1.686132E-10  2.057159E-10  1.549687E-02  2.264000E-05  4.647961E-08  1.073975E-08  1.735342E-03  4.770707E-08  4.140565E-09  3.415415E-09
 3.721500E+02  1.550223E-02  3.375525E-06  1.094439E-10  1.472103E-10  1.646632E-10  2.009314E-10  1.546410E-02  2.233955E-05  4.457460E-08  1.052155E-08  1.713775E-03  4.611120E-08  4.038397E-09  3.329580E-09
 3.731500E+02  1.546896E-02  3.342686E-06  1.068706E-10  1.437750E-10  1.608268E-10  1.962838E-10  1.543137E-02  2.204447E-05  4.275684E-08  1.030888E-08  1.692581E-03  4.457673E-08  3.939287E-09  3.246353E-09
 3.741500E+02  1.543575E-02  3.310326E-06  1.043717E-10  1.404381E-10  1.571004E-10  1.917686E-10  1.539868E-02  2.175463E-05  4.102195E-08  1.010156E-08  1.671753E-03  4.310101E-08  3.843132E-09  3.165644E-09
 3.751500E+02  1.540260E-02  3.278437E-06  1.019445E-10  1.371966E-10  1.534803E-10  1.873814E-10  1.536603E-02  2.146993E-05  3.936579E-08  9.899455E-09  1.651281E-03  4.168153E-08  3.749828E-09  3.087365E-09
 3.761500E+02  1.536950E-02  3.247011E-06  9.958680E-11  1.340472E-10  1.499629E-10  1.831181E-10  1.533344E-02  2.119025E-05  3.778445E-08  9.702398E-09  1.631160E-03  4.031591E-08  3.659281E-09  3.011433E-09
 3.771500E+02  1.533646E-02  3.216040E-06  9.729619E-11  1.309870E-10  1.465450E-10  1.789746E-10  1.530089E-02  2.091550E-05  3.627421E-08  9.510249E-09  1.611382E-03  3.900186E-08  3.571395E-09  2.937767E-09
 3.781500E+02  1.530348E-02  3.185515E-06  9.507051E-11  1.280129E-10  1.432232E-10  1.749470E-10  1.526840E-02  2.064556E-05  3.483157E-08  9.322865E-09  1.591940E-03  3.773720E-08  3.486082E-09  2.866289E-09
 3.791500E+02  1.527056E-02  3.155429E-06  9.290761E-11  1.251223E-10  1.399945E-10  1.710316E-10  1.523595E-02  2.038035E-05  3.345321E-08  9.140109E-09  1.572827E-03  3.651987E-08  3.403254E-09  2.796925E-09
 3.801500E+02  1.523770E-02  3.125774E-06  9.080546E-11  1.223124E-10  1.368558E-10  1.672247E-10  1.520356E-02  2.011975E-05  3.213599E-08  8.961849E-09  1.554036E-03  3.534787E-08  3.322828E-09  2.729602E-09
 3.811500E+02  1.520491E-02  3.096543E-06  8.876208E-11  1.195805E-10  1.338042E-10  1.635228E-10  1.517123E-02  1.986368E-05  3.087692E-08  8.787957E-09  1.535561E-03  3.421932E-08  3.244725E-09  2.664253E-09
 3.821500E+02  1.517218E-02  3.067728E-06  8.677557E-11  1.169243E-10  1.308369E-10  1.599227E-10  1.513896E-02  1.961204E-05  2.967319E-08  8.618307E-09  1.517395E-03  3.313242E-08  3.168866E-09  2.600810E-09
 3.831500E+02  1.513953E-02  3.039323E-06  8.484409E-11  1.143412E-10  1.279512E-10  1.564210E-10  1.510674E-02  1.936474E-05  2.852212E-08  8.452781E-09  1.499532E-03  3.208545E-08  3.095178E-09  2.539209E-09
 3.841500E+02  1.510694E-02  3.011319E-06  8.296588E-11  1.118289E-10  1.251445E-10  1.530146E-10  1.507459E-02  1.912169E-05  2.742119E-08  8.291260E-09  1.481966E-03  3.107677E-08  3.023588E-09  2.479389E-09
 3.851500E+02  1.507442E-02  2.983710E-06  8.113923E-11  1.093851E-10  1.224143E-10  1.497006E-10  1.504249E-02  1.888281E-05  2.636798E-08  8.133633E-09  1.464692E-03  3.010480E-08  2.954029E-09  2.421290E-09
 3.861500E+02  1.504197E-02  2.956490E-06  7.936250E-11  1.070078E-10  1.197582E-10  1.464759E-10  1.501046E-02  1.864799E-05  2.536024E-08  7.979790E-09  1.447702E-03  2.916804E-08  2.886433E-09  2.364856E-09
 3.871500E+02  1.500959E-02  2.929651E-06  7.763411E-11  1.046947E-10  1.171739E-10  1.433379E-10  1.497850E-02  1.841718E-05  2.439578E-08  7.829625E-09  1.430992E-03  2.826508E-08  2.820736E-09  2.310031E-09
 3.881500E+02  1.497729E-02  2.903187E-06  7.595253E-11  1.024439E-10  1.146590E-10  1.402837E-10  1.494660E-02  1.819027E-05  2.347258E-08  7.683036E-09  1.414555E-03  2.739454E-08  2.756878E-09  2.256763E-09
 3.891500E+02  1.494507E-02  2.877091E-06  7.431629E-11  1.002535E-10  1.122115E-10  1.373109E-10  1.491477E-02  1.796720E-05  2.258869E-08  7.539924E-09  1.398387E-03  2.655511E-08  2.694798E-09  2.205000E-09
 3.901500E+02  1.491291E-02  2.851358E-06  7.272397E-11  9.812149E-11  1.098291E-10  1.344168E-10  1.488301E-02  1.774788E-05  2.174226E-08  7.400191E-09  1.382482E-03  2.574555E-08  2.634439E-09  2.154693E-09
 3.911500E+02  1.488084E-02  2.825981E-06  7.117419E-11  9.604611E-11  1.075100E-10  1.315991E-10  1.485132E-02  1.753224E-05  2.093154E-08  7.263746E-09  1.366835E-03  2.496466E-08  2.575746E-09  2.105796E-09
 3.921500E+02  1.484884E-02  2.800954E-06  6.966564E-11  9.402562E-11  1.052521E-10  1.288553E-10  1.481970E-02  1.732021E-05  2.015488E-08  7.130497E-09  1.351440E-03  2.421131E-08  2.518666E-09  2.058262E-09
 3.931500E+02  1.481692E-02  2.776271E-06  6.819703E-11  9.205831E-11  1.030536E-10  1.261833E-10  1.478816E-02  1.711171E-05  1.941070E-08  7.000357E-09  1.336294E-03  2.348440E-08  2.463147E-09  2.012048E-09
 3.941500E+02  1.478509E-02  2.751926E-06  6.676714E-11  9.014256E-11  1.009126E-10  1.235808E-10  1.475668E-02  1.690667E-05  1.869750E-08  6.873242E-09  1.321390E-03  2.278288E-08  2.409140E-09  1.967111E-09
 3.951500E+02  1.475333E-02  2.727914E-06  6.537477E-11  8.827679E-11  9.882741E-11  1.210458E-10  1.472528E-02  1.670502E-05  1.801386E-08  6.749068E-09  1.306724E-03  2.210577E-08  2.356597E-09  1.923410E-09
 3.961500E+02  1.472165E-02  2.704229E-06  6.401878E-11  8.645948E-11  9.679630E-11  1.185761E-10  1.469396E-02  1.650670E-05  1.735842E-08  6.627757E-09  1.292292E-03  2.145211E-08  2.305473E-09  1.880906E-09
 3.971500E+02  1.469005E-02  2.680865E-06  6.269805E-11  8.468916E-11  9.481764E-11  1.161699E-10  1.466271E-02  1.631163E-05  1.672991E-08  6.509231E-09  1.278089E-03  2.082097E-08  2.255722E-09  1.839561E-09
 3.981500E+02  1.465854E-02  2.657818E-06  6.141153E-11  8.296441E-11  9.288986E-11  1.138252E-10  1.463153E-02  1.611976E-05  1.612710E-08  6.393414E-09  1.264111E-03  2.021150E-08  2.207302E-09  1.799339E-09
 3.991500E+02  1.462711E-02  2.635081E-06  6.015817E-11  8.128386E-11  9.101141E-11  1.115401E-10  1.460044E-02  1.593102E-05  1.554883E-08  6.280235E-09  1.250353E-03  1.962284E-08  2.160172E-09  1.760203E-09
