#         T/K          U/kJ          H/kJ      S/J*K^-1
 2.731500E+02  2.398011E+01  2.398287E+01  1.015657E+02
 2.741500E+02  2.407741E+01  2.408017E+01  1.019212E+02
 2.751500E+02  2.417326E+01  2.417603E+01  1.022702E+02
 2.761500E+02  2.426765E+01  2.427042E+01  1.026127E+02
 2.771500E+02  2.436057E+01  2.436334E+01  1.029485E+02
 2.781500E+02  2.445201E+01  2.445478E+01  1.032779E+02
 2.791500E+02  2.454199E+01  2.454476E+01  1.036008E+02
 2.801500E+02  2.463053E+01  2.463330E+01  1.039174E+02
 2.811500E+02  2.471765E+01  2.472042E+01  1.042279E+02
 2.821500E+02  2.480339E+01  2.480617E+01  1.045323E+02
 2.831500E+02  2.488779E+01  2.489056E+01  1.048309E+02
 2.841500E+02  2.497089E+01  2.497366E+01  1.051238E+02
 2.851500E+02  2.505273E+01  2.505550E+01  1.054113E+02
 2.861500E+02  2.513336E+01  2.513613E+01  1.056936E+02
 2.871500E+02  2.521283E+01  2.521560E+01  1.059709E+02
 2.881500E+02  2.529119E+01  2.529396E+01  1.062433E+02
 2.891500E+02  2.536849E+01  2.537127E+01  1.065111E+02
 2.901500E+02  2.544479E+01  2.544756E+01  1.067745E+02
 2.911500E+02  2.552012E+01  2.552290E+01  1.070337E+02
 2.921500E+02  2.559455E+01  2.559733E+01  1.072889E+02
 2.931500E+02  2.566812E+01  2.567090E+01  1.075403E+02
 2.941500E+02  2.574087E+01  2.574365E+01  1.077880E+02
 2.951500E+02  2.581285E+01  2.581563E+01  1.080323E+02
 2.961500E+02  2.588410E+01  2.588688E+01  1.082734E+02
 2.971500E+02  2.595467E+01  2.595745E+01  1.085112E+02
 2.981500E+02  2.602460E+01  2.602738E+01  1.087462E+02
 2.991500E+02  2.609391E+01  2.609670E+01  1.089783E+02
 3.001500E+02  2.616266E+01  2.616544E+01  1.092077E+02
 3.011500E+02  2.623087E+01  2.623366E+01  1.094346E+02
 3.021500E+02  2.629858E+01  2.630137E+01  1.096590E+02
 3.031500E+02  2.636582E+01  2.636860E+01  1.098812E+02
 3.041500E+02  2.643262E+01  2.643540E+01  1.101012E+02
 3.051500E+02  2.649900E+01  2.650179E+01  1.103191E+02
 3.061500E+02  2.656500E+01  2.656779E+01  1.105351E+02
 3.071500E+02  2.663065E+01  2.663344E+01  1.107491E+02
 3.081500E+02  2.669595E+01  2.669874E+01  1.109614E+02
 3.091500E+02  2.676095E+01  2.676374E+01  1.111720E+02
 3.101500E+02  2.682566E+01  2.682845E+01  1.113810E+02
 3.111500E+02  2.689010E+01  2.689289E+01  1.115884E+02
 3.121500E+02  2.695429E+01  2.695708E+01  1.117944E+02
 3.131500E+02  2.701825E+01  2.702104E+01  1.119989E+02
 3.141500E+02  2.708200E+01  2.708479E+01  1.122022E+02
 3.151500E+02  2.714555E+01  2.714835E+01  1.124042E+02
 3.161500E+02  2.720893E+01  2.721173E+01  1.126050E+02
 3.171500E+02  2.727215E+01  2.727494E+01  1.128046E+02
 3.181500E+02  2.733522E+01  2.733801E+01  1.130032E+02
 3.191500E+02  2.739816E+01  2.740095E+01  1.132007E+02
 3.201500E+02  2.746097E+01  2.746377E+01  1.133972E+02
 3.211500E+02  2.752369E+01  2.752648E+01  1.135928E+02
 3.221500E+02  2.758631E+01  2.758910E+01  1.137875E+02
 3.231500E+02  2.764884E+01  2.765164E+01  1.139813E+02
 3.241500E+02  2.771131E+01  2.771411E+01  1.141743E+02
 3.251500E+02  2.777373E+01  2.777652E+01  1.143666E+02
 3.261500E+02  2.783609E+01  2.783889E+01  1.145581E+02
 3.271500E+02  2.789842E+01  2.790122E+01  1.147489E+02
 3.281500E+02  2.796072E+01  2.796352E+01  1.149390E+02
 3.291500E+02  2.802300E+01  2.802580E+01  1.151285E+02
 3.301500E+02  2.808527E+01  2.808808E+01  1.153175E+02
 3.311500E+02  2.814755E+01  2.815035E+01  1.155058E+02
 3.321500E+02  2.820984E+01  2.821264E+01  1.156936E+02
 3.331500E+02  2.827215E+01  2.827495E+01  1.158809E+02
 3.341500E+02  2.833448E+01  2.833728E+01  1.160678E+02
 3.351500E+02  2.839685E+01  2.839965E+01  1.162541E+02
 3.361500E+02  2.845926E+01  2.846207E+01  1.164401E+02
 3.371500E+02  2.852173E+01  2.852453E+01  1.166256E+02
 3.381500E+02  2.858425E+01  2.858706E+01  1.168108E+02
 3.391500E+02  2.864684E+01  2.864965E+01  1.169956E+02
 3.401500E+02  2.870950E+01  2.871231E+01  1.171801E+02
 3.411500E+02  2.877225E+01  2.877506E+01  1.173643E+02
 3.421500E+02  2.883508E+01  2.883789E+01  1.175482E+02
 3.431500E+02  2.889801E+01  2.890083E+01  1.177319E+02
 3.441500E+02  2.896105E+01  2.896386E+01  1.179153E+02
 3.451500E+02  2.902419E+01  2.902700E+01  1.180985E+02
 3.461500E+02  2.908745E+01  2.909026E+01  1.182815E+02
 3.471500E+02  2.915083E+01  2.915364E+01  1.184644E+02
 3.481500E+02  2.921434E+01  2.921715E+01  1.186471E+02
 3.491500E+02  2.927799E+01  2.928080E+01  1.188296E+02
 3.501500E+02  2.934178E+01  2.934459E+01  1.190121E+02
 3.511500E+02  2.940571E+01  2.940853E+01  1.191944E+02
 3.521500E+02  2.946981E+01  2.947263E+01  1.193767E+02
 3.531500E+02  2.953407E+01  2.953688E+01  1.195589E+02
 3.541500E+02  2.959849E+01  2.960131E+01  1.197411E+02
 3.551500E+02  2.966309E+01  2.966591E+01  1.199232E+02
 3.561500E+02  2.972787E+01  2.973069E+01  1.201054E+02
 3.571500E+02  2.979284E+01  2.979566E+01  1.202875E+02
 3.581500E+02  2.985801E+01  2.986083E+01  1.204697E+02
 3.591500E+02  2.992337E+01  2.992619E+01  1.206520E+02
 3.601500E+02  2.998894E+01  2.999176E+01  1.208343E+02
 3.611500E+02  3.005473E+01  3.005755E+01  1.210167E+02
 3.621500E+02  3.012073E+01  3.012355E+01  1.211992E+02
 3.631500E+02  3.018696E+01  3.018978E+01  1.213819E+02
 3.641500E+02  3.025342E+01  3.025625E+01  1.215646E+02
 3.651500E+02  3.032012E+01  3.032295E+01  1.217475E+02
 3.661500E+02  3.038707E+01  3.038990E+01  1.219306E+02
 3.671500E+02  3.045427E+01  3.045710E+01  1.221139E+02
 3.681500E+02  6.207585E+01  6.505415E+01  2.162993E+02
 3.691500E+02  6.211096E+01  6.509815E+01  2.164188E+02
 3.701500E+02  6.214605E+01  6.514211E+01  2.165378E+02
 3.711500E+02  6.218111E+01  6.518604E+01  2.166564E+02
 3.721500E+02  6.221614E+01  6.522993E+01  2.167747E+02
 3.731500E+02  6.225114E+01  6.527379E+01  2.168924E+02
 3.741500E+02  6.228612E+01  6.531761E+01  2.170098E+02
 3.751500E+02  6.232107E+01  6.536141E+01  2.171268E+02
 3.761500E+02  6.235599E+01  6.540517E+01  2.172434E+02
 3.771500E+02  6.239089E+01  6.544890E+01  2.173596E+02
 3.781500E+02  6.242577E+01  6.549260E+01  2.174754E+02
 3.791500E+02  6.246062E+01  6.553627E+01  2.175909E+02
 3.801500E+02  6.249546E+01  6.557991E+01  2.177059E+02
 3.811500E+02  6.253027E+01  6.562352E+01  2.178206E+02
 3.821500E+02  6.256506E+01  6.566711E+01  2.179349E+02
 3.831500E+02  6.259983E+01  6.571067E+01  2.180489E+02
 3.841500E+02  6.263458E+01  6.575421E+01  2.181624E+02
 3.851500E+02  6.266931E+01  6.579772E+01  2.182757E+02
 3.861500E+02  6.270402E+01  6.584121E+01  2.183885E+02
 3.871500E+02  6.273872E+01  6.588468E+01  2.185010E+02
 3.881500E+02  6.277340E+01  6.592812E+01  2.186132E+02
 3.891500E+02  6.280806E+01  6.597154E+01  2.187250E+02
 3.901500E+02  6.284271E+01  6.601494E+01  2.188365E+02
 3.911500E+02  6.287734E+01  6.605833E+01  2.189476E+02
 3.921500E+02  6.291196E+01  6.610169E+01  2.190584E+02
 3.931500E+02  6.294656E+01  6.614503E+01  2.191689E+02
 3.941500E+02  6.298115E+01  6.618835E+01  2.192790E+02
 3.951500E+02  6.301573E+01  6.623166E+01  2.193889E+02
 3.961500E+02  6.305030E+01  6.627494E+01  2.194983E+02
 3.971500E+02  6.308485E+01  6.631822E+01  2.196075E+02
 3.981500E+02  6.311939E+01  6.636147E+01  2.197164E+02
 3.991500E+02  6.315393E+01  6.640471E+01  2.198249E+02
