#         T/K            c1          c2-1          c3-4          c3-5          c3-7          c3-9            m1          m2-1          m3-1            w1            w2          w3-1          w3-2          c1m1        c1m2-1        c1m2-7        c2m1-1        c1w1-2        c1w2-1        c2w1-1        c2w1-9        m1w1-1        m1w1-4        m1w2-1        m2w1-1        m2w1-3      c1m1w1-1
 2.731500E+02  2.124506E-02  1.562249E-05  4.055443E-09  5.322866E-09  5.922112E-09  7.061382E-09  1.815124E-02  2.898253E-05  6.659851E-07  3.019326E-03  3.272012E-06  4.808652E-08  6.747051E-10  4.220062E-04  1.707784E-07  5.603782E-07  6.672562E-08  1.618142E-03  1.285059E-07  2.434602E-08  2.137838E-08  7.744178E-06  1.054191E-05  9.528333E-08  2.074035E-07  2.626793E-07  1.421599E-07
 2.741500E+02  2.118467E-02  1.531607E-05  3.863065E-09  5.072084E-09  5.643517E-09  6.731314E-09  1.808320E-02  2.819142E-05  6.128299E-07  3.029094E-03  3.229006E-06  4.526063E-08  6.597340E-10  4.101119E-04  1.588729E-07  5.230009E-07  6.297833E-08  1.588347E-03  1.217908E-07  2.329422E-08  2.043714E-08  7.591155E-06  1.033295E-05  8.905699E-08  1.923819E-07  2.437513E-07  1.334089E-07
 2.751500E+02  2.112438E-02  1.501768E-05  3.681134E-09  4.834838E-09  5.379941E-09  6.418942E-09  1.801557E-02  2.742727E-05  5.642591E-07  3.038474E-03  3.186222E-06  4.260662E-08  6.450138E-10  3.986334E-04  1.478759E-07  4.883650E-07  5.946697E-08  1.559152E-03  1.154493E-07  2.229301E-08  1.954199E-08  7.441452E-06  1.012856E-05  8.326155E-08  1.785278E-07  2.262875E-07  1.252425E-07
 2.761500E+02  2.106418E-02  1.472707E-05  3.509017E-09  4.610315E-09  5.130482E-09  6.123209E-09  1.794834E-02  2.668901E-05  5.198499E-07  3.047472E-03  3.143683E-06  4.011387E-08  6.305470E-10  3.875540E-04  1.377125E-07  4.562526E-07  5.617524E-08  1.530548E-03  1.094595E-07  2.133977E-08  1.869047E-08  7.295004E-06  9.928637E-06  7.786582E-08  1.657449E-07  2.101676E-07  1.176189E-07
 2.771500E+02  2.100408E-02  1.444399E-05  3.346125E-09  4.397755E-09  4.894297E-09  5.843125E-09  1.788151E-02  2.597562E-05  4.792209E-07  3.056094E-03  3.101408E-06  3.777244E-08  6.163356E-10  3.768575E-04  1.283146E-07  4.264647E-07  5.308804E-08  1.502524E-03  1.038012E-07  2.043199E-08  1.788029E-08  7.151748E-06  9.733104E-06  7.284094E-08  1.539452E-07  1.952819E-07  1.104995E-07
 2.781500E+02  2.094410E-02  1.416822E-05  3.191906E-09  4.196448E-09  4.670598E-09  5.577768E-09  1.781510E-02  2.528615E-05  4.420280E-07  3.064347E-03  3.059417E-06  3.557296E-08  6.023810E-10  3.665286E-04  1.196197E-07  3.988189E-07  5.019143E-08  1.475070E-03  9.845509E-08  1.956734E-08  1.710927E-08  7.011623E-06  9.541870E-06  6.816022E-08  1.430483E-07  1.815298E-07  1.038485E-07
 2.791500E+02  2.088423E-02  1.389952E-05  3.045847E-09  4.005728E-09  4.458649E-09  5.326273E-09  1.774909E-02  2.461965E-05  4.079600E-07  3.072239E-03  3.017729E-06  3.350668E-08  5.886842E-10  3.565526E-04  1.115712E-07  3.731481E-07  4.747246E-08  1.448175E-03  9.340327E-08  1.874359E-08  1.637536E-08  6.874564E-06  9.354850E-06  6.379895E-08  1.329809E-07  1.688196E-07  9.763297E-08
 2.801500E+02  2.082448E-02  1.363768E-05  2.907466E-09  3.824976E-09  4.257762E-09  5.087832E-09  1.768350E-02  2.397525E-05  3.767359E-07  3.079775E-03  2.976358E-06  3.156536E-08  5.752455E-10  3.469156E-04  1.041169E-07  3.492994E-07  4.491916E-08  1.421829E-03  8.862874E-08  1.795864E-08  1.567662E-08  6.740511E-06  9.171955E-06  5.973427E-08  1.236758E-07  1.570672E-07  9.182235E-08
 2.811500E+02  2.076486E-02  1.338249E-05  2.776312E-09  3.653608E-09  4.067292E-09  4.861687E-09  1.761832E-02  2.335208E-05  3.481012E-07  3.086962E-03  2.935321E-06  2.974128E-08  5.620651E-10  3.376040E-04  9.720960E-08  3.271323E-07  4.252042E-08  1.396022E-03  8.411555E-08  1.721050E-08  1.501122E-08  6.609403E-06  8.993102E-06  5.594501E-08  1.150716E-07  1.461960E-07  8.638837E-08
 2.821500E+02  2.070537E-02  1.313374E-05  2.651964E-09  3.491081E-09  3.886635E-09  4.647130E-09  1.755356E-02  2.274934E-05  3.218260E-07  3.093807E-03  2.894633E-06  2.802719E-08  5.491426E-10  3.286051E-04  9.080569E-08  3.065181E-07  4.026594E-08  1.370745E-03  7.984870E-08  1.649729E-08  1.437743E-08  6.481178E-06  8.818206E-06  5.241158E-08  1.071120E-07  1.361354E-07  8.130483E-08
 2.831500E+02  2.064601E-02  1.289124E-05  2.534028E-09  3.336885E-09  3.715227E-09  4.443497E-09  1.748922E-02  2.216624E-05  2.977017E-07  3.100317E-03  2.854306E-06  2.641630E-08  5.364773E-10  3.199067E-04  8.486551E-08  2.873386E-07  3.814616E-08  1.345986E-03  7.581407E-08  1.581725E-08  1.377362E-08  6.355777E-06  8.647183E-06  4.911583E-08  9.974567E-08  1.268212E-07  7.654748E-08
 2.841500E+02  2.058680E-02  1.265479E-05  2.422134E-09  3.190543E-09  3.552538E-09  4.250166E-09  1.742529E-02  2.160204E-05  2.755396E-07  3.106499E-03  2.814352E-06  2.490225E-08  5.240681E-10  3.114970E-04  7.935268E-08  2.694854E-07  3.615223E-08  1.321736E-03  7.199838E-08  1.516869E-08  1.319825E-08  6.233141E-06  8.479952E-06  4.604094E-08  9.292549E-08  1.181943E-07  7.209385E-08
 2.851500E+02  2.052773E-02  1.242423E-05  2.315936E-09  3.051608E-09  3.398072E-09  4.066554E-09  1.736178E-02  2.105603E-05  2.551684E-07  3.112359E-03  2.774783E-06  2.347904E-08  5.119136E-10  3.033648E-04  7.423389E-08  2.528587E-07  3.427590E-08  1.297986E-03  6.838914E-08  1.455002E-08  1.264985E-08  6.113210E-06  8.316430E-06  4.317135E-08  8.660830E-08  1.102007E-07  6.792311E-08
 2.861500E+02  2.046881E-02  1.219937E-05  2.215111E-09  2.919660E-09  3.251364E-09  3.892113E-09  1.729869E-02  2.052751E-05  2.364328E-07  3.117904E-03  2.735608E-06  2.214109E-08  5.000122E-10  2.954995E-04  6.947861E-08  2.373668E-07  3.250952E-08  1.274725E-03  6.497459E-08  1.395975E-08  1.212705E-08  5.995928E-06  8.156538E-06  4.049263E-08  8.075454E-08  1.027907E-07  6.401594E-08
 2.871500E+02  2.041005E-02  1.198004E-05  2.119354E-09  2.794305E-09  3.111978E-09  3.726331E-09  1.723601E-02  2.001583E-05  2.191919E-07  3.123141E-03  2.696837E-06  2.088312E-08  4.883620E-10  2.878909E-04  6.505885E-08  2.229256E-07  3.084599E-08  1.251944E-03  6.174366E-08  1.339645E-08  1.162855E-08  5.881238E-06  8.000196E-06  3.799140E-08  7.532795E-08  9.591895E-08  6.035445E-08
 2.881500E+02  2.035144E-02  1.176608E-05  2.028379E-09  2.675176E-09  2.979505E-09  3.568725E-09  1.717375E-02  1.952036E-05  2.033174E-07  3.128075E-03  2.658479E-06  1.970022E-08  4.769606E-10  2.805290E-04  6.094892E-08  2.094573E-07  2.927870E-08  1.229634E-03  5.868593E-08  1.285878E-08  1.115311E-08  5.769082E-06  7.847328E-06  3.565528E-08  7.029526E-08  8.954366E-08  5.692201E-08
 2.891500E+02  2.029300E-02  1.155732E-05  1.941920E-09  2.561925E-09  2.853560E-09  3.418844E-09  1.711191E-02  1.904050E-05  1.886931E-07  3.132715E-03  2.620540E-06  1.858776E-08  4.658057E-10  2.734045E-04  5.712526E-08  1.968907E-07  2.780149E-08  1.207785E-03  5.579161E-08  1.234546E-08  1.069957E-08  5.659407E-06  7.697856E-06  3.347275E-08  6.562596E-08  8.362654E-08  5.370319E-08
 2.901500E+02  2.023472E-02  1.135362E-05  1.859725E-09  2.454227E-09  2.733783E-09  3.276263E-09  1.705048E-02  1.857568E-05  1.752132E-07  3.137065E-03  2.583027E-06  1.754141E-08  4.548947E-10  2.665085E-04  5.356621E-08  1.851600E-07  2.640865E-08  1.186388E-03  5.305147E-08  1.185528E-08  1.026683E-08  5.552157E-06  7.551704E-06  3.143318E-08  6.129201E-08  7.813240E-08  5.068369E-08
 2.911500E+02  2.017660E-02  1.115483E-05  1.781559E-09  2.351777E-09  2.619834E-09  3.140583E-09  1.698946E-02  1.812533E-05  1.627813E-07  3.141134E-03  2.545946E-06  1.655712E-08  4.442248E-10  2.598323E-04  5.025188E-08  1.742046E-07  2.509485E-08  1.165433E-03  5.045683E-08  1.138711E-08  9.853840E-09  5.447278E-06  7.408800E-06  2.952666E-08  5.726769E-08  7.302894E-08  4.785021E-08
 2.921500E+02  2.011867E-02  1.096081E-05  1.707200E-09  2.254287E-09  2.511397E-09  3.011429E-09  1.692885E-02  1.768893E-05  1.513099E-07  3.144926E-03  2.509301E-06  1.563106E-08  4.337929E-10  2.533678E-04  4.716400E-08  1.639685E-07  2.385513E-08  1.144912E-03  4.799950E-08  1.093986E-08  9.459619E-09  5.344720E-06  7.269070E-06  2.774404E-08  5.352934E-08  6.828644E-08  4.519040E-08
 2.931500E+02  2.006090E-02  1.077141E-05  1.636440E-09  2.161490E-09  2.408171E-09  2.888449E-09  1.686866E-02  1.726598E-05  1.407190E-07  3.148448E-03  2.473099E-06  1.475967E-08  4.235959E-10  2.471070E-04  4.428575E-08  1.544004E-07  2.268488E-08  1.124817E-03  4.567180E-08  1.051252E-08  9.083232E-09  5.244428E-06  7.132442E-06  2.607680E-08  5.005525E-08  6.387760E-08  4.269277E-08
 2.941500E+02  2.000331E-02  1.058650E-05  1.569084E-09  2.073130E-09  2.309875E-09  2.771310E-09  1.680887E-02  1.685597E-05  1.309360E-07  3.151707E-03  2.437341E-06  1.393960E-08  4.136306E-10  2.410424E-04  4.160164E-08  1.454525E-07  2.157977E-08  1.105137E-03  4.346646E-08  1.010410E-08  8.723795E-09  5.146353E-06  6.998846E-06  2.451703E-08  4.682542E-08  5.977729E-08  4.034666E-08
 2.951500E+02  1.994591E-02  1.040596E-05  1.504948E-09  1.988969E-09  2.216245E-09  2.659700E-09  1.674949E-02  1.645844E-05  1.218945E-07  3.154709E-03  2.402030E-06  1.316772E-08  4.038936E-10  2.351668E-04  3.909743E-08  1.370811E-07  2.053580E-08  1.085865E-03  4.137668E-08  9.713686E-09  8.380471E-09  5.050445E-06  6.868214E-06  2.305742E-08  4.382148E-08  5.596241E-08  3.814216E-08
 2.961500E+02  1.988869E-02  1.022966E-05  1.443859E-09  1.908784E-09  2.127031E-09  2.553327E-09  1.669051E-02  1.607295E-05  1.135339E-07  3.157459E-03  2.367171E-06  1.244107E-08  3.943814E-10  2.294732E-04  3.676001E-08  1.292455E-07  1.954921E-08  1.066992E-03  3.939601E-08  9.340411E-09  8.052467E-09  4.956654E-06  6.740477E-06  2.169114E-08  4.102651E-08  5.241167E-08  3.607002E-08
 2.971500E+02  1.983165E-02  1.005747E-05  1.385654E-09  1.832363E-09  2.042000E-09  2.451914E-09  1.663193E-02  1.569907E-05  1.057990E-07  3.159964E-03  2.332763E-06  1.175691E-08  3.850904E-10  2.239550E-04  3.457727E-08  1.219083E-07  1.861652E-08  1.048510E-03  3.751840E-08  8.983447E-09  7.739034E-09  4.864932E-06  6.615569E-06  2.041188E-08  3.842495E-08  4.910548E-08  3.412166E-08
 2.981500E+02  1.977481E-02  9.889290E-06  1.330180E-09  1.759506E-09  1.960930E-09  2.355200E-09  1.657375E-02  1.533637E-05  9.863929E-08  3.162230E-03  2.298809E-06  1.111265E-08  3.760169E-10  2.186059E-04  3.253808E-08  1.150349E-07  1.773446E-08  1.030410E-03  3.573815E-08  8.642011E-09  7.439460E-09  4.775233E-06  6.493426E-06  1.921375E-08  3.600245E-08  4.602578E-08  3.228910E-08
 2.991500E+02  1.971815E-02  9.724997E-06  1.277293E-09  1.690028E-09  1.883614E-09  2.262940E-09  1.651597E-02  1.498447E-05  9.200871E-08  3.164262E-03  2.265309E-06  1.050586E-08  3.671573E-10  2.134196E-04  3.063214E-08  1.085931E-07  1.689998E-08  1.012685E-03  3.404988E-08  8.315358E-09  7.153071E-09  4.687509E-06  6.373983E-06  1.809131E-08  3.374581E-08  4.315594E-08  3.056488E-08
 3.001500E+02  1.966169E-02  9.564484E-06  1.226858E-09  1.623751E-09  1.809857E-09  2.174903E-09  1.645859E-02  1.464299E-05  8.586505E-08  3.166067E-03  2.232264E-06  9.934263E-09  3.585079E-10  2.083904E-04  2.884996E-08  1.025533E-07  1.611023E-08  9.953262E-04  3.244853E-08  8.002784E-09  6.879229E-09  4.601716E-06  6.257177E-06  1.703947E-08  3.164284E-08  4.048062E-08  2.894209E-08
 3.011500E+02  1.960542E-02  9.407644E-06  1.178745E-09  1.560510E-09  1.739473E-09  2.090871E-09  1.640159E-02  1.431155E-05  8.016975E-08  3.167649E-03  2.199673E-06  9.395733E-09  3.500646E-10  2.035126E-04  2.718279E-08  9.688818E-08  1.536255E-08  9.783263E-04  3.092933E-08  7.703621E-09  6.617328E-09  4.517808E-06  6.142948E-06  1.605352E-08  2.968232E-08  3.798567E-08  2.741425E-08
 3.021500E+02  1.954935E-02  9.254377E-06  1.132836E-09  1.500147E-09  1.672289E-09  2.010639E-09  1.634499E-02  1.398981E-05  7.488748E-08  3.169014E-03  2.167536E-06  8.888270E-09  3.418239E-10  1.987809E-04  2.562252E-08  9.157215E-08  1.465444E-08  9.616773E-04  2.948778E-08  7.417234E-09  6.366797E-09  4.435743E-06  6.031235E-06  1.512907E-08  2.785390E-08  3.565803E-08  2.597537E-08
 3.031500E+02  1.949348E-02  9.104582E-06  1.089015E-09  1.442515E-09  1.608141E-09  1.934012E-09  1.628877E-02  1.367742E-05  6.998591E-08  3.170168E-03  2.135852E-06  8.409997E-09  3.337817E-10  1.941900E-04  2.416169E-08  8.658169E-08  1.398359E-08  9.453720E-04  2.811965E-08  7.143021E-09  6.127089E-09  4.355477E-06  5.921980E-06  1.426205E-08  2.614803E-08  3.348566E-08  2.461981E-08
 3.041500E+02  1.943781E-02  8.958164E-06  1.047177E-09  1.387475E-09  1.546874E-09  1.860808E-09  1.623293E-02  1.337408E-05  6.543540E-08  3.171117E-03  2.104619E-06  7.959157E-09  3.259342E-10  1.897351E-04  2.279336E-08  8.189497E-08  1.334782E-08  9.294027E-04  2.682093E-08  6.880412E-09  5.897690E-09  4.276970E-06  5.815125E-06  1.344866E-08  2.455587E-08  3.145743E-08  2.334237E-08
 3.051500E+02  1.938235E-02  8.815031E-06  1.007219E-09  1.334895E-09  1.488341E-09  1.790854E-09  1.617748E-02  1.307946E-05  6.120879E-08  3.171865E-03  2.073836E-06  7.534101E-09  3.182775E-10  1.854113E-04  2.151115E-08  7.749171E-08  1.274507E-08  9.137624E-04  2.558786E-08  6.628863E-09  5.678109E-09  4.200178E-06  5.710614E-06  1.268538E-08  2.306929E-08  2.956305E-08  2.213814E-08
 3.061500E+02  1.932708E-02  8.675092E-06  9.690466E-10  1.284651E-09  1.432406E-09  1.723987E-09  1.612240E-02  1.279327E-05  5.728116E-08  3.172417E-03  2.043501E-06  7.133282E-09  3.108078E-10  1.812141E-04  2.030914E-08  7.335313E-08  1.217346E-08  8.984438E-04  2.441689E-08  6.387861E-09  5.467884E-09  4.125064E-06  5.608392E-06  1.196891E-08  2.168076E-08  2.779304E-08  2.100259E-08
 3.071500E+02  1.927203E-02  8.538261E-06  9.325696E-10  1.236625E-09  1.378937E-09  1.660053E-09  1.606770E-02  1.251522E-05  5.362966E-08  3.172780E-03  2.013611E-06  6.755249E-09  3.035211E-10  1.771391E-04  1.918183E-08  6.946177E-08  1.163117E-08  8.834400E-04  2.330466E-08  6.156914E-09  5.266573E-09  4.051587E-06  5.508406E-06  1.129619E-08  2.038333E-08  2.613860E-08  1.993146E-08
 3.081500E+02  1.921718E-02  8.404453E-06  8.977029E-10  1.190708E-09  1.327812E-09  1.598906E-09  1.601337E-02  1.224503E-05  5.023328E-08  3.172957E-03  1.984164E-06  6.398642E-09  2.964137E-10  1.731820E-04  1.812417E-08  6.580142E-08  1.111655E-08  8.687442E-04  2.224802E-08  5.935560E-09  5.073759E-09  3.979710E-06  5.410601E-06  1.066438E-08  1.917057E-08  2.459163E-08  1.892079E-08
 3.091500E+02  1.916253E-02  8.273586E-06  8.643662E-10  1.146793E-09  1.278915E-09  1.540409E-09  1.595941E-02  1.198244E-05  4.707275E-08  3.172954E-03  1.955157E-06  6.062182E-09  2.894816E-10  1.693389E-04  1.713144E-08  6.235704E-08  1.062801E-08  8.543496E-04  2.124399E-08  5.723357E-09  4.889044E-09  3.909394E-06  5.314928E-06  1.007083E-08  1.803654E-08  2.314460E-08  1.796686E-08
 3.101500E+02  1.910810E-02  8.145583E-06  8.324836E-10  1.104783E-09  1.232136E-09  1.484432E-09  1.590581E-02  1.172719E-05  4.413035E-08  3.172775E-03  1.926586E-06  5.744674E-09  2.827211E-10  1.656057E-04  1.619928E-08  5.911464E-08  1.016408E-08  8.402496E-04  2.028976E-08  5.519885E-09  4.712051E-09  3.840603E-06  5.221335E-06  9.513058E-09  1.697572E-08  2.179056E-08  1.706621E-08
 3.111500E+02  1.905388E-02  8.020366E-06  8.019832E-10  1.064584E-09  1.187371E-09  1.430852E-09  1.585258E-02  1.147904E-05  4.138978E-08  3.172425E-03  1.898449E-06  5.444991E-09  2.761284E-10  1.619788E-04  1.532365E-08  5.606119E-08  9.723390E-09  8.264379E-04  1.938267E-08  5.324747E-09  4.542424E-09  3.773301E-06  5.129774E-06  8.988769E-09  1.598305E-08  2.052308E-08  1.621562E-08
 3.121500E+02  1.899987E-02  7.897861E-06  7.727974E-10  1.026108E-09  1.144521E-09  1.379553E-09  1.579971E-02  1.123775E-05  3.883604E-08  3.171909E-03  1.870742E-06  5.162080E-09  2.696997E-10  1.584546E-04  1.450080E-08  5.318460E-08  9.304629E-09  8.129080E-04  1.852022E-08  5.137562E-09  4.379822E-09  3.707454E-06  5.040196E-06  8.495814E-09  1.505379E-08  1.933620E-08  1.541204E-08
 3.131500E+02  1.894607E-02  7.777996E-06  7.448620E-10  9.892704E-10  1.103495E-09  1.330425E-09  1.574720E-02  1.100310E-05  3.645536E-08  3.171231E-03  1.843461E-06  4.894951E-09  2.634314E-10  1.550296E-04  1.372724E-08  5.047362E-08  8.906582E-09  7.996538E-04  1.770004E-08  4.957972E-09  4.223922E-09  3.643026E-06  4.952554E-06  8.032192E-09  1.418358E-08  1.822438E-08  1.465266E-08
 3.141500E+02  1.889248E-02  7.660701E-06  7.181163E-10  9.539928E-10  1.064203E-09  1.283362E-09  1.569504E-02  1.077486E-05  3.423501E-08  3.170396E-03  1.816602E-06  4.642673E-09  2.573197E-10  1.517005E-04  1.299974E-08  4.791774E-08  8.528106E-09  7.866692E-04  1.691991E-08  4.785634E-09  4.074418E-09  3.579985E-06  4.866803E-06  7.596037E-09  1.336839E-08  1.718251E-08  1.393483E-08
 3.151500E+02  1.883911E-02  7.545910E-06  6.925028E-10  9.202001E-10  1.026563E-09  1.238268E-09  1.564323E-02  1.055284E-05  3.216330E-08  3.169409E-03  1.790162E-06  4.404375E-09  2.513611E-10  1.484641E-04  1.231529E-08  4.550723E-08  8.168125E-09  7.739483E-04  1.617771E-08  4.620221E-09  3.931017E-09  3.518297E-06  4.782898E-06  7.185608E-09  1.260445E-08  1.620584E-08  1.325607E-08
 3.161500E+02  1.878595E-02  7.433556E-06  6.679673E-10  8.878214E-10  9.904966E-10  1.195048E-09  1.559177E-02  1.033681E-05  3.022944E-08  3.168272E-03  1.764135E-06  4.179238E-09  2.455519E-10  1.453173E-04  1.167110E-08  4.323296E-08  7.825631E-09  7.614853E-04  1.547146E-08  4.461425E-09  3.793444E-09  3.457932E-06  4.700795E-06  6.799282E-09  1.188829E-08  1.528996E-08  1.261407E-08
 3.171500E+02  1.873301E-02  7.323576E-06  6.444583E-10  8.567897E-10  9.559283E-10  1.153614E-09  1.554065E-02  1.012660E-05  2.842348E-08  3.166991E-03  1.738518E-06  3.966493E-09  2.398887E-10  1.422572E-04  1.106457E-08  4.108647E-08  7.499674E-09  7.492745E-04  1.479929E-08  4.308951E-09  3.661435E-09  3.398856E-06  4.620451E-06  6.435542E-09  1.121669E-08  1.443080E-08  1.200665E-08
 3.181500E+02  1.868029E-02  7.215909E-06  6.219271E-10  8.270412E-10  9.227877E-10  1.113882E-09  1.548988E-02  9.922003E-06  2.673625E-08  3.165569E-03  1.713306E-06  3.765418E-09  2.343679E-10  1.392809E-04  1.049329E-08  3.905985E-08  7.189360E-09  7.373102E-04  1.415941E-08  4.162518E-09  3.534738E-09  3.341041E-06  4.541824E-06  6.092975E-09  1.058665E-08  1.362456E-08  1.143179E-08
 3.191500E+02  1.862778E-02  7.110494E-06  6.003275E-10  7.985156E-10  8.910079E-10  1.075773E-09  1.543944E-02  9.722851E-06  2.515927E-08  3.164012E-03  1.688495E-06  3.575334E-09  2.289862E-10  1.363857E-04  9.955013E-09  3.714573E-08  6.893849E-09  7.255871E-04  1.355014E-08  4.021859E-09  3.413117E-09  3.284457E-06  4.464874E-06  5.770260E-09  9.995398E-09  1.286772E-08  1.088757E-08
 3.201500E+02  1.857548E-02  7.007274E-06  5.796157E-10  7.711560E-10  8.605254E-10  1.039211E-09  1.538935E-02  9.528967E-06  2.368473E-08  3.162321E-03  1.664079E-06  3.395604E-09  2.237402E-10  1.335688E-04  9.447640E-09  3.533721E-08  6.612352E-09  7.140997E-04  1.296992E-08  3.886720E-09  3.296344E-09  3.229074E-06  4.389562E-06  5.466163E-09  9.440353E-09  1.215700E-08  1.037222E-08
 3.211500E+02  1.852341E-02  6.906193E-06  5.597504E-10  7.449080E-10  8.312798E-10  1.004124E-09  1.533958E-02  9.340182E-06  2.230541E-08  3.160502E-03  1.640055E-06  3.225631E-09  2.186265E-10  1.308279E-04  8.969225E-09  3.362789E-08  6.344125E-09  7.028430E-04  1.241723E-08  3.756860E-09  3.184204E-09  3.174863E-06  4.315847E-06  5.179532E-09  8.919118E-09  1.148937E-08  9.884067E-09
 3.221500E+02  1.847155E-02  6.807196E-06  5.406921E-10  7.197204E-10  8.032142E-10  9.704460E-10  1.529014E-02  9.156337E-06  2.101461E-08  3.158557E-03  1.616417E-06  3.064852E-09  2.136420E-10  1.281604E-04  8.517953E-09  3.201175E-08  6.088465E-09  6.918117E-04  1.189067E-08  3.632049E-09  3.076492E-09  3.121798E-06  4.243693E-06  4.909290E-09  8.429468E-09  1.086200E-08  9.421539E-09
 3.231500E+02  1.841991E-02  6.710231E-06  5.224036E-10  6.955442E-10  7.762742E-10  9.381112E-10  1.524103E-02  8.977275E-06  1.980618E-08  3.156492E-03  1.593161E-06  2.912739E-09  2.087834E-10  1.255641E-04  8.092132E-09  3.048319E-08  5.844715E-09  6.810009E-04  1.138890E-08  3.512066E-09  2.973012E-09  3.069851E-06  4.173063E-06  4.654431E-09  7.969331E-09  1.027227E-08  8.983167E-09
 3.241500E+02  1.836848E-02  6.615245E-06  5.048495E-10  6.723334E-10  7.504087E-10  9.070588E-10  1.519225E-02  8.802846E-06  1.867440E-08  3.154308E-03  1.570281E-06  2.768794E-09  2.040476E-10  1.230365E-04  7.690183E-09  2.903698E-08  5.612251E-09  6.704056E-04  1.091064E-08  3.396702E-09  2.873580E-09  3.018997E-06  4.103920E-06  4.414015E-09  7.536784E-09  9.717730E-09  8.567573E-09
 3.251500E+02  1.831728E-02  6.522190E-06  4.879963E-10  6.500441E-10  7.255686E-10  8.772311E-10  1.514378E-02  8.632906E-06  1.761398E-08  3.152010E-03  1.547773E-06  2.632553E-09  1.994316E-10  1.205756E-04  7.310635E-09  2.766822E-08  5.390488E-09  6.600212E-04  1.045472E-08  3.285760E-09  2.778017E-09  2.969208E-06  4.036229E-06  4.187162E-09  7.130037E-09  9.196108E-09  8.173461E-09
 3.261500E+02  1.826629E-02  6.431016E-06  4.718120E-10  6.286344E-10  7.017077E-10  8.485727E-10  1.509564E-02  8.467316E-06  1.662004E-08  3.149602E-03  1.525632E-06  2.503575E-09  1.949323E-10  1.181792E-04  6.952114E-09  2.637232E-08  5.178872E-09  6.498428E-04  1.001998E-08  3.179049E-09  2.686155E-09  2.920460E-06  3.969955E-06  3.973049E-09  6.747422E-09  8.705288E-09  7.799616E-09
 3.271500E+02  1.821552E-02  6.341677E-06  4.562665E-10  6.080649E-10  6.787819E-10  8.210316E-10  1.504780E-02  8.305941E-06  1.568803E-08  3.147085E-03  1.503852E-06  2.381448E-09  1.905467E-10  1.158454E-04  6.613339E-09  2.514500E-08  4.976883E-09  6.398661E-04  9.605378E-09  3.076387E-09  2.597835E-09  2.872729E-06  3.905066E-06  3.770907E-09  6.387391E-09  8.243299E-09  7.444898E-09
 3.281500E+02  1.816497E-02  6.254128E-06  4.413309E-10  5.882979E-10  6.567496E-10  7.945578E-10  1.500028E-02  8.148652E-06  1.481376E-08  3.144464E-03  1.482429E-06  2.265785E-09  1.862720E-10  1.135721E-04  6.293113E-09  2.398225E-08  4.784030E-09  6.300864E-04  9.209886E-09  2.977604E-09  2.512902E-09  2.825991E-06  3.841529E-06  3.580015E-09  6.048499E-09  7.808306E-09  7.108234E-09
 3.291500E+02  1.811464E-02  6.168324E-06  4.269781E-10  5.692977E-10  6.355708E-10  7.691043E-10  1.495307E-02  7.995324E-06  1.399334E-08  3.141742E-03  1.461358E-06  2.156220E-09  1.821054E-10  1.113574E-04  5.990317E-09  2.288031E-08  4.599847E-09  6.204994E-04  8.832548E-09  2.882534E-09  2.431212E-09  2.780222E-06  3.779312E-06  3.399700E-09  5.729400E-09  7.398598E-09  6.788618E-09
 3.301500E+02  1.806452E-02  6.084222E-06  4.131820E-10  5.510304E-10  6.152079E-10  7.446261E-10  1.490617E-02  7.845836E-06  1.322316E-08  3.138922E-03  1.440633E-06  2.052411E-09  1.780441E-10  1.091996E-04  5.703907E-09  2.183567E-08  4.423896E-09  6.111009E-04  8.472460E-09  2.791021E-09  2.352625E-09  2.735399E-06  3.718383E-06  3.229330E-09  5.428842E-09  7.012581E-09  6.485104E-09
 3.311500E+02  1.801462E-02  6.001780E-06  3.999180E-10  5.334636E-10  5.956250E-10  7.210804E-10  1.485957E-02  7.700072E-06  1.249986E-08  3.136006E-03  1.420249E-06  1.954035E-09  1.740854E-10  1.070969E-04  5.432904E-09  2.084503E-08  4.255765E-09  6.018866E-04  8.128762E-09  2.702916E-09  2.277010E-09  2.691501E-06  3.658713E-06  3.068314E-09  5.145656E-09  6.648770E-09  6.196802E-09
 3.321500E+02  1.796494E-02  5.920958E-06  3.871627E-10  5.165668E-10  5.767879E-10  6.984266E-10  1.481327E-02  7.557921E-06  1.182034E-08  3.132999E-03  1.400202E-06  1.860788E-09  1.702266E-10  1.050476E-04  5.176396E-09  1.990529E-08  4.095062E-09  5.928526E-04  7.800642E-09  2.618075E-09  2.204240E-09  2.648506E-06  3.600271E-06  2.916098E-09  4.878753E-09  6.305777E-09  5.922875E-09
 3.331500E+02  1.791548E-02  5.841716E-06  3.748938E-10  5.003106E-10  5.586642E-10  6.766261E-10  1.476726E-02  7.419272E-06  1.118171E-08  3.129902E-03  1.380487E-06  1.772385E-09  1.664651E-10  1.030501E-04  4.933528E-09  1.901357E-08  3.941418E-09  5.839947E-04  7.487330E-09  2.536363E-09  2.134195E-09  2.606392E-06  3.543029E-06  2.772164E-09  4.627117E-09  5.982310E-09  5.662538E-09
 3.341500E+02  1.786624E-02  5.764017E-06  3.630901E-10  4.846672E-10  5.412229E-10  6.556421E-10  1.472155E-02  7.284023E-06  1.058128E-08  3.126718E-03  1.361098E-06  1.688555E-09  1.627985E-10  1.011028E-04  4.703500E-09  1.816715E-08  3.794484E-09  5.753092E-04  7.188099E-09  2.457649E-09  2.066761E-09  2.565139E-06  3.486959E-06  2.636026E-09  4.389801E-09  5.677161E-09  5.415049E-09
 3.351500E+02  1.781721E-02  5.687822E-06  3.517315E-10  4.696104E-10  5.244346E-10  6.354396E-10  1.467614E-02  7.152073E-06  1.001658E-08  3.123451E-03  1.342030E-06  1.609046E-09  1.592242E-10  9.920415E-05  4.485562E-09  1.736347E-08  3.653929E-09  5.667921E-04  6.902257E-09  2.381811E-09  2.001827E-09  2.524727E-06  3.432034E-06  2.507228E-09  4.165918E-09  5.389203E-09  5.179713E-09
 3.361500E+02  1.776840E-02  5.613097E-06  3.407986E-10  4.551148E-10  5.082714E-10  6.159852E-10  1.463101E-02  7.023322E-06  9.485269E-09  3.120102E-03  1.323278E-06  1.533620E-09  1.557399E-10  9.735273E-05  4.279014E-09  1.660014E-08  3.519443E-09  5.584399E-04  6.629150E-09  2.308729E-09  1.939290E-09  2.485136E-06  3.378226E-06  2.385342E-09  3.954643E-09  5.117384E-09  4.955874E-09
 3.371500E+02  1.771980E-02  5.539805E-06  3.302733E-10  4.411565E-10  4.927066E-10  5.972473E-10  1.458617E-02  6.897679E-06  8.985205E-09  3.116675E-03  1.304838E-06  1.462051E-09  1.523431E-10  9.554711E-05  4.083198E-09  1.587492E-08  3.390729E-09  5.502488E-04  6.368160E-09  2.238291E-09  1.879049E-09  2.446348E-06  3.325510E-06  2.269968E-09  3.755205E-09  4.860721E-09  4.742914E-09
 3.381500E+02  1.767142E-02  5.467913E-06  3.201382E-10  4.277127E-10  4.777148E-10  5.791954E-10  1.454162E-02  6.775051E-06  8.514379E-09  3.113172E-03  1.286705E-06  1.394129E-09  1.490317E-10  9.378593E-05  3.897498E-09  1.518570E-08  3.267508E-09  5.422153E-04  6.118697E-09  2.170389E-09  1.821011E-09  2.408343E-06  3.273860E-06  2.160729E-09  3.566883E-09  4.618293E-09  4.540252E-09
 3.391500E+02  1.762325E-02  5.397388E-06  3.103767E-10  4.147617E-10  4.632718E-10  5.618008E-10  1.449734E-02  6.655350E-06  8.070926E-09  3.109596E-03  1.268873E-06  1.329654E-09  1.458032E-10  9.206787E-05  3.721337E-09  1.453049E-08  3.149516E-09  5.343359E-04  5.880207E-09  2.104919E-09  1.765084E-09  2.371103E-06  3.223251E-06  2.057274E-09  3.389002E-09  4.389244E-09  4.347340E-09
 3.401500E+02  1.757530E-02  5.328196E-06  3.009730E-10  4.022828E-10  4.493546E-10  5.450361E-10  1.445335E-02  6.538493E-06  7.653109E-09  3.105948E-03  1.251338E-06  1.268438E-09  1.426557E-10  9.039166E-05  3.554173E-09  1.390744E-08  3.036503E-09  5.266073E-04  5.652160E-09  2.041784E-09  1.711181E-09  2.334611E-06  3.173660E-06  1.959270E-09  3.220934E-09  4.172768E-09  4.163662E-09
 3.411500E+02  1.752757E-02  5.260308E-06  2.919121E-10  3.902561E-10  4.359413E-10  5.288751E-10  1.440963E-02  6.424397E-06  7.259309E-09  3.102232E-03  1.234095E-06  1.210304E-09  1.395869E-10  8.875605E-05  3.395499E-09  1.331478E-08  2.928231E-09  5.190261E-04  5.434055E-09  1.980889E-09  1.659221E-09  2.298850E-06  3.125061E-06  1.866407E-09  3.062090E-09  3.968115E-09  3.988731E-09
 3.421500E+02  1.748005E-02  5.193692E-06  2.831797E-10  3.786630E-10  4.230108E-10  5.132927E-10  1.436618E-02  6.312982E-06  6.888017E-09  3.098449E-03  1.217139E-06  1.155086E-09  1.365947E-10  8.715988E-05  3.244837E-09  1.275088E-08  2.824475E-09  5.115892E-04  5.225420E-09  1.922145E-09  1.609123E-09  2.263802E-06  3.077434E-06  1.778394E-09  2.911917E-09  3.774581E-09  3.822088E-09
 3.431500E+02  1.743274E-02  5.128318E-06  2.747620E-10  3.674854E-10  4.105432E-10  4.982652E-10  1.432300E-02  6.204172E-06  6.537828E-09  3.094602E-03  1.200465E-06  1.102627E-09  1.336771E-10  8.560198E-05  3.101740E-09  1.221417E-08  2.725024E-09  5.042932E-04  5.025802E-09  1.865465E-09  1.560813E-09  2.229450E-06  3.030754E-06  1.694955E-09  2.769902E-09  3.591509E-09  3.663301E-09
 3.441500E+02  1.738564E-02  5.064159E-06  2.666461E-10  3.567062E-10  3.985195E-10  4.837699E-10  1.428010E-02  6.097893E-06  6.207431E-09  3.090692E-03  1.184070E-06  1.052778E-09  1.308322E-10  8.408125E-05  2.965788E-09  1.170322E-08  2.629674E-09  4.971353E-04  4.834774E-09  1.810767E-09  1.514218E-09  2.195780E-06  2.985001E-06  1.615833E-09  2.635561E-09  3.418282E-09  3.511962E-09
 3.451500E+02  1.733876E-02  5.001185E-06  2.588195E-10  3.463092E-10  3.869216E-10  4.697850E-10  1.423746E-02  5.994073E-06  5.895602E-09  3.086723E-03  1.167947E-06  1.005400E-09  1.280580E-10  8.259662E-05  2.836585E-09  1.121663E-08  2.538236E-09  4.901123E-04  4.651931E-09  1.757974E-09  1.469269E-09  2.162775E-06  2.940153E-06  1.540787E-09  2.508442E-09  3.254323E-09  3.367685E-09
 3.461500E+02  1.729209E-02  4.939370E-06  2.512704E-10  3.362787E-10  3.757320E-10  4.562900E-10  1.419508E-02  5.892643E-06  5.601200E-09  3.082696E-03  1.152093E-06  9.603605E-10  1.253526E-10  8.114704E-05  2.713761E-09  1.075312E-08  2.450526E-09  4.832212E-04  4.476888E-09  1.707009E-09  1.425901E-09  2.130421E-06  2.896189E-06  1.469588E-09  2.388123E-09  3.099092E-09  3.230107E-09
 3.471500E+02  1.724563E-02  4.878686E-06  2.439875E-10  3.265999E-10  3.649342E-10  4.432650E-10  1.415296E-02  5.793536E-06  5.323161E-09  3.078613E-03  1.136503E-06  9.175353E-10  1.227143E-10  7.973153E-05  2.596966E-09  1.031147E-08  2.366374E-09  4.764594E-04  4.309280E-09  1.657801E-09  1.384051E-09  2.098701E-06  2.853089E-06  1.402022E-09  2.274206E-09  2.952081E-09  3.098884E-09
 3.481500E+02  1.719938E-02  4.819109E-06  2.369600E-10  3.172586E-10  3.545125E-10  4.306911E-10  1.411110E-02  5.696687E-06  5.060488E-09  3.074476E-03  1.121173E-06  8.768072E-10  1.201412E-10  7.834910E-05  2.485873E-09  9.890540E-09  2.285616E-09  4.698238E-04  4.148759E-09  1.610282E-09  1.343659E-09  2.067603E-06  2.810832E-06  1.337889E-09  2.166321E-09  2.812816E-09  2.973693E-09
 3.491500E+02  1.715334E-02  4.760613E-06  2.301776E-10  3.082412E-10  3.444517E-10  4.185505E-10  1.406950E-02  5.602033E-06  4.812251E-09  3.070287E-03  1.106098E-06  8.380656E-10  1.176315E-10  7.699882E-05  2.380174E-09  9.489237E-09  2.208097E-09  4.633118E-04  3.994997E-09  1.564385E-09  1.304666E-09  2.037110E-06  2.769401E-06  1.276999E-09  2.064118E-09  2.680851E-09  2.854227E-09
 3.501500E+02  1.710751E-02  4.703173E-06  2.236304E-10  2.995348E-10  3.347376E-10  4.068258E-10  1.402815E-02  5.509514E-06  4.577583E-09  3.066048E-03  1.091274E-06  8.012058E-10  1.151837E-10  7.567979E-05  2.279577E-09  9.106546E-09  2.133670E-09  4.569208E-04  3.847679E-09  1.520047E-09  1.267019E-09  2.007211E-06  2.728776E-06  1.219174E-09  1.967272E-09  2.555769E-09  2.740197E-09
 3.511500E+02  1.706189E-02  4.646765E-06  2.173090E-10  2.911271E-10  3.253562E-10  3.955006E-10  1.398706E-02  5.419071E-06  4.355671E-09  3.061760E-03  1.076696E-06  7.661292E-10  1.127961E-10  7.439113E-05  2.183810E-09  8.741505E-09  2.062194E-09  4.506480E-04  3.706510E-09  1.477209E-09  1.230663E-09  1.977891E-06  2.688938E-06  1.164246E-09  1.875475E-09  2.437177E-09  2.631330E-09
 3.521500E+02  1.701647E-02  4.591367E-06  2.112045E-10  2.830062E-10  3.162944E-10  3.845593E-10  1.394621E-02  5.330647E-06  4.145755E-09  3.057426E-03  1.062360E-06  7.327428E-10  1.104670E-10  7.313199E-05  2.092615E-09  8.393208E-09  1.993538E-09  4.444910E-04  3.571206E-09  1.435813E-09  1.195550E-09  1.949137E-06  2.649870E-06  1.112058E-09  1.788441E-09  2.324708E-09  2.527366E-09
 3.531500E+02  1.697127E-02  4.536956E-06  2.053084E-10  2.751608E-10  3.075398E-10  3.739868E-10  1.390561E-02  5.244187E-06  3.947125E-09  3.053047E-03  1.048263E-06  7.009585E-10  1.081949E-10  7.190155E-05  2.005750E-09  8.060797E-09  1.927575E-09  4.384472E-04  3.441499E-09  1.395803E-09  1.161631E-09  1.920937E-06  2.611555E-06  1.062461E-09  1.705899E-09  2.218015E-09  2.428063E-09
 3.541500E+02  1.692626E-02  4.483510E-06  1.996123E-10  2.675802E-10  2.990802E-10  3.637687E-10  1.386525E-02  5.159638E-06  3.759115E-09  3.048625E-03  1.034399E-06  6.706932E-10  1.059784E-10  7.069901E-05  1.922987E-09  7.743465E-09  1.864186E-09  4.325142E-04  3.317133E-09  1.357127E-09  1.128859E-09  1.893277E-06  2.573975E-06  1.015315E-09  1.627597E-09  2.116776E-09  2.333188E-09
 3.551500E+02  1.688147E-02  4.431007E-06  1.941085E-10  2.602541E-10  2.909043E-10  3.538914E-10  1.382513E-02  5.076948E-06  3.581103E-09  3.044161E-03  1.020765E-06  6.418685E-10  1.038158E-10  6.952361E-05  1.844111E-09  7.440449E-09  1.803256E-09  4.266897E-04  3.197867E-09  1.319735E-09  1.097191E-09  1.866147E-06  2.537114E-06  9.704889E-10  1.553295E-09  2.020684E-09  2.242523E-09
 3.561500E+02  1.683688E-02  4.379427E-06  1.887894E-10  2.531725E-10  2.830009E-10  3.443417E-10  1.378526E-02  4.996067E-06  3.412506E-09  3.039657E-03  1.007357E-06  6.144102E-10  1.017058E-10  6.837461E-05  1.768918E-09  7.151027E-09  1.744676E-09  4.209712E-04  3.083470E-09  1.283576E-09  1.066584E-09  1.839533E-06  2.500956E-06  9.278575E-10  1.482771E-09  1.929454E-09  2.155861E-09
 3.571500E+02  1.679249E-02  4.328749E-06  1.836480E-10  2.463261E-10  2.753597E-10  3.351070E-10  1.374562E-02  4.916946E-06  3.252777E-09  3.035115E-03  9.941704E-07  5.882481E-10  9.964702E-11  6.725127E-05  1.697218E-09  6.874520E-09  1.688345E-09  4.153566E-04  2.973722E-09  1.248606E-09  1.036998E-09  1.813425E-06  2.465484E-06  8.873043E-10  1.415814E-09  1.842816E-09  2.073007E-09
 3.581500E+02  1.674831E-02  4.278954E-06  1.786774E-10  2.397058E-10  2.679705E-10  3.261752E-10  1.370622E-02  4.839539E-06  3.101405E-09  3.030536E-03  9.812020E-07  5.633161E-10  9.763804E-11  6.615291E-05  1.628831E-09  6.610284E-09  1.634164E-09  4.098436E-04  2.868414E-09  1.214780E-09  1.008394E-09  1.787811E-06  2.430684E-06  8.487188E-10  1.352228E-09  1.760518E-09  1.993774E-09
 3.591500E+02  1.670432E-02  4.230021E-06  1.738709E-10  2.333030E-10  2.608238E-10  3.175350E-10  1.366705E-02  4.763801E-06  2.957909E-09  3.025921E-03  9.684476E-07  5.395515E-10  9.567756E-11  6.507885E-05  1.563585E-09  6.357710E-09  1.582039E-09  4.044301E-04  2.767348E-09  1.182054E-09  9.807344E-10  1.762679E-06  2.396541E-06  8.119970E-10  1.291825E-09  1.682321E-09  1.917988E-09
 3.601500E+02  1.666054E-02  4.181934E-06  1.692224E-10  2.271094E-10  2.539103E-10  3.091753E-10  1.362812E-02  4.689686E-06  2.821840E-09  3.021272E-03  9.559035E-07  5.168950E-10  9.376429E-11  6.402844E-05  1.501322E-09  6.116223E-09  1.531883E-09  3.991139E-04  2.670336E-09  1.150388E-09  9.539844E-10  1.738020E-06  2.363040E-06  7.770409E-10  1.234433E-09  1.608002E-09  1.845483E-09
 3.611500E+02  1.661696E-02  4.134672E-06  1.647259E-10  2.211171E-10  2.472213E-10  3.010855E-10  1.358941E-02  4.617154E-06  2.692775E-09  3.016591E-03  9.435659E-07  4.952907E-10  9.189699E-11  6.300103E-05  1.441888E-09  5.885279E-09  1.483609E-09  3.938929E-04  2.577197E-09  1.119744E-09  9.281096E-10  1.713823E-06  2.330166E-06  7.437578E-10  1.179886E-09  1.537349E-09  1.776100E-09
 3.621500E+02  1.657358E-02  4.088219E-06  1.603755E-10  2.153185E-10  2.407482E-10  2.932555E-10  1.355093E-02  4.546161E-06  2.570318E-09  3.011878E-03  9.314313E-07  4.746855E-10  9.007443E-11  6.199602E-05  1.385141E-09  5.664364E-09  1.437139E-09  3.887653E-04  2.487760E-09  1.090082E-09  9.030773E-10  1.690078E-06  2.297906E-06  7.120604E-10  1.128031E-09  1.470166E-09  1.709690E-09
 3.631500E+02  1.653040E-02  4.042557E-06  1.561658E-10  2.097064E-10  2.344831E-10  2.856757E-10  1.351267E-02  4.476669E-06  2.454098E-09  3.007135E-03  9.194958E-07  4.550294E-10  8.829543E-11  6.101282E-05  1.330945E-09  5.452990E-09  1.392394E-09  3.837289E-04  2.401863E-09  1.061367E-09  8.788562E-10  1.666774E-06  2.266246E-06  6.818662E-10  1.078721E-09  1.406264E-09  1.646112E-09
 3.641500E+02  1.648742E-02  3.997669E-06  1.520915E-10  2.042738E-10  2.284181E-10  2.783368E-10  1.347464E-02  4.408637E-06  2.343766E-09  3.002364E-03  9.077561E-07  4.362747E-10  8.655884E-11  6.005084E-05  1.279173E-09  5.250696E-09  1.349303E-09  3.787819E-04  2.319350E-09  1.033565E-09  8.554163E-10  1.643902E-06  2.235174E-06  6.530975E-10  1.031820E-09  1.345468E-09  1.585232E-09
 3.651500E+02  1.644464E-02  3.953538E-06  1.481477E-10  1.990141E-10  2.225459E-10  2.712299E-10  1.343683E-02  4.342029E-06  2.238992E-09  2.997565E-03  8.962085E-07  4.183768E-10  8.486354E-11  5.910952E-05  1.229704E-09  5.057046E-09  1.307796E-09  3.739224E-04  2.240074E-09  1.006643E-09  8.327287E-10  1.621453E-06  2.204675E-06  6.256807E-10  9.871979E-10  1.287613E-09  1.526923E-09
 3.661500E+02  1.640205E-02  3.910149E-06  1.443293E-10  1.939209E-10  2.168593E-10  2.643465E-10  1.339924E-02  4.276808E-06  2.139470E-09  2.992740E-03  8.848497E-07  4.012929E-10  8.320843E-11  5.818833E-05  1.182424E-09  4.871627E-09  1.267805E-09  3.691485E-04  2.163893E-09  9.805676E-10  8.107659E-10  1.599417E-06  2.174738E-06  5.995465E-10  9.447343E-10  1.232542E-09  1.471064E-09
 3.671500E+02  1.635965E-02  3.867486E-06  1.406319E-10  1.889881E-10  2.113516E-10  2.576784E-10  1.336186E-02  4.212939E-06  2.044910E-09  2.987889E-03  8.736763E-07  3.849829E-10  8.159247E-11  5.728674E-05  1.137225E-09  4.694045E-09  1.229269E-09  3.644585E-04  2.090675E-09  9.553094E-10  7.895014E-10  1.577785E-06  2.145350E-06  5.746292E-10  9.043143E-10  1.180108E-09  1.417540E-09
 3.681500E+02  1.631745E-02  3.825533E-06  1.370509E-10  1.842098E-10  2.060162E-10  2.512178E-10  1.332470E-02  4.150386E-06  1.955039E-09  2.983015E-03  8.626850E-07  3.694087E-10  8.001461E-11  5.640424E-05  1.094004E-09  4.523931E-09  1.192126E-09  3.598506E-04  2.020290E-09  9.308387E-10  7.689098E-10  1.556548E-06  2.116499E-06  5.508670E-10  8.658300E-10  1.130174E-09  1.366243E-09
 3.691500E+02  1.627545E-02  3.784276E-06  1.335821E-10  1.795803E-10  2.008468E-10  2.449572E-10  1.328775E-02  4.089118E-06  1.869602E-09  2.978118E-03  8.518724E-07  3.545342E-10  7.847386E-11  5.554033E-05  1.052666E-09  4.360932E-09  1.156320E-09  3.553230E-04  1.952618E-09  9.071275E-10  7.489666E-10  1.535698E-06  2.088174E-06  5.282013E-10  8.291796E-10  1.082607E-09  1.317070E-09
 3.701500E+02  1.623364E-02  3.743700E-06  1.302214E-10  1.750944E-10  1.958375E-10  2.388894E-10  1.325102E-02  4.029100E-06  1.788358E-09  2.973199E-03  8.412353E-07  3.403251E-10  7.696925E-11  5.469454E-05  1.013118E-09  4.204715E-09  1.121794E-09  3.508743E-04  1.887542E-09  8.841486E-10  7.296485E-10  1.515227E-06  2.060363E-06  5.065767E-10  7.942672E-10  1.037284E-09  1.269923E-09
 3.711500E+02  1.619202E-02  3.703791E-06  1.269650E-10  1.707468E-10  1.909825E-10  2.330075E-10  1.321449E-02  3.970302E-06  1.711080E-09  2.968259E-03  8.307707E-07  3.267490E-10  7.549982E-11  5.386641E-05  9.752737E-10  4.054962E-09  1.088498E-09  3.465026E-04  1.824951E-09  8.618761E-10  7.109331E-10  1.495125E-06  2.033055E-06  4.859409E-10  7.610021E-10  9.940897E-10  1.224709E-09
 3.721500E+02  1.615059E-02  3.664535E-06  1.238090E-10  1.665326E-10  1.862762E-10  2.273048E-10  1.317817E-02  3.912693E-06  1.637554E-09  2.963300E-03  8.204754E-07  3.137752E-10  7.406466E-11  5.305547E-05  9.390518E-10  3.911375E-09  1.056381E-09  3.422064E-04  1.764740E-09  8.402850E-10  6.927987E-10  1.475386E-06  2.006239E-06  4.662444E-10  7.292991E-10  9.529136E-10  1.181339E-09
 3.731500E+02  1.610935E-02  3.625919E-06  1.207499E-10  1.624469E-10  1.817133E-10  2.217751E-10  1.314206E-02  3.856244E-06  1.567581E-09  2.958322E-03  8.103463E-07  3.013747E-10  7.266287E-11  5.226130E-05  9.043742E-10  3.773668E-09  1.025395E-09  3.379841E-04  1.706809E-09  8.193514E-10  6.752247E-10  1.456002E-06  1.979904E-06  4.474404E-10  6.990775E-10  9.136521E-10  1.139731E-09
 3.741500E+02  1.606830E-02  3.587929E-06  1.177841E-10  1.584853E-10  1.772888E-10  2.164121E-10  1.310615E-02  3.800926E-06  1.500970E-09  2.953326E-03  8.003805E-07  2.895197E-10  7.129357E-11  5.148347E-05  8.711674E-10  3.641571E-09  9.954943E-10  3.338343E-04  1.651062E-09  7.990523E-10  6.581911E-10  1.436964E-06  1.954041E-06  4.294845E-10  6.702611E-10  8.762072E-10  1.099803E-09
 3.751500E+02  1.602744E-02  3.550552E-06  1.149085E-10  1.546434E-10  1.729978E-10  2.112101E-10  1.307044E-02  3.746711E-06  1.437544E-09  2.948313E-03  7.905750E-07  2.781841E-10  6.995593E-11  5.072157E-05  8.393616E-10  3.514827E-09  9.666360E-10  3.297554E-04  1.597406E-09  7.793656E-10  6.416790E-10  1.418266E-06  1.928639E-06  4.123350E-10  6.427782E-10  8.404864E-10  1.061481E-09
 3.761500E+02  1.598676E-02  3.513777E-06  1.121197E-10  1.509169E-10  1.688356E-10  2.061633E-10  1.303494E-02  3.693572E-06  1.377135E-09  2.943285E-03  7.809269E-07  2.673431E-10  6.864912E-11  4.997519E-05  8.088908E-10  3.393192E-09  9.387784E-10  3.257460E-04  1.545754E-09  7.602699E-10  6.256699E-10  1.399899E-06  1.903688E-06  3.959520E-10  6.165608E-10  8.064024E-10  1.024693E-09
 3.771500E+02  1.594627E-02  3.477591E-06  1.094148E-10  1.473018E-10  1.647977E-10  2.012665E-10  1.299963E-02  3.641482E-06  1.319584E-09  2.938241E-03  7.714334E-07  2.569732E-10  6.737234E-11  4.924396E-05  7.796923E-10  3.276436E-09  9.118817E-10  3.218046E-04  1.496024E-09  7.417449E-10  6.101463E-10  1.381858E-06  1.879179E-06  3.802980E-10  5.915449E-10  7.738726E-10  9.893688E-10
 3.781500E+02  1.590597E-02  3.441981E-06  1.067907E-10  1.437943E-10  1.608797E-10  1.965143E-10  1.296452E-02  3.590417E-06  1.264743E-09  2.933184E-03  7.620917E-07  2.470519E-10  6.612482E-11  4.852749E-05  7.517067E-10  3.164337E-09  8.859079E-10  3.179299E-04  1.448135E-09  7.237709E-10  5.950912E-10  1.364136E-06  1.855102E-06  3.653374E-10  5.676698E-10  7.428190E-10  9.554449E-10
 3.791500E+02  1.586585E-02  3.406937E-06  1.042448E-10  1.403905E-10  1.570775E-10  1.919019E-10  1.292960E-02  3.540350E-06  1.212469E-09  2.928113E-03  7.528990E-07  2.375581E-10  6.490578E-11  4.782542E-05  7.248776E-10  3.056688E-09  8.608208E-10  3.141206E-04  1.402011E-09  7.063290E-10  5.804883E-10  1.346724E-06  1.831449E-06  3.510365E-10  5.448782E-10  7.131677E-10  9.228588E-10
 3.801500E+02  1.582592E-02  3.372447E-06  1.017742E-10  1.370869E-10  1.533871E-10  1.874243E-10  1.289488E-02  3.491259E-06  1.162632E-09  2.923029E-03  7.438526E-07  2.284717E-10  6.371450E-11  4.713739E-05  6.991514E-10  2.953289E-09  8.365856E-10  3.103752E-04  1.357580E-09  6.894010E-10  5.663220E-10  1.329618E-06  1.808209E-06  3.373635E-10  5.231160E-10  6.848489E-10  8.915516E-10
 3.811500E+02  1.578617E-02  3.338500E-06  9.937637E-11  1.338801E-10  1.498047E-10  1.830771E-10  1.286035E-02  3.443119E-06  1.115105E-09  2.917934E-03  7.349500E-07  2.197735E-10  6.255027E-11  4.646306E-05  6.744775E-10  2.853952E-09  8.131693E-10  3.066925E-04  1.314773E-09  6.729695E-10  5.525772E-10  1.312810E-06  1.785375E-06  3.242879E-10  5.023320E-10  6.577967E-10  8.614673E-10
 3.821500E+02  1.574660E-02  3.305085E-06  9.704883E-11  1.307668E-10  1.463265E-10  1.788557E-10  1.282601E-02  3.395908E-06  1.069770E-09  2.912829E-03  7.261885E-07  2.114454E-10  6.141239E-11  4.580210E-05  6.508075E-10  2.758498E-09  7.905400E-10  3.030713E-04  1.273523E-09  6.570177E-10  5.392396E-10  1.296294E-06  1.762938E-06  3.117812E-10  4.824777E-10  6.319486E-10  8.325524E-10
 3.831500E+02  1.570721E-02  3.272191E-06  9.478914E-11  1.277437E-10  1.429491E-10  1.747559E-10  1.279186E-02  3.349603E-06  1.026515E-09  2.907713E-03  7.175656E-07  2.034702E-10  6.030017E-11  4.515417E-05  6.280957E-10  2.666754E-09  7.686675E-10  2.995102E-04  1.233767E-09  6.415294E-10  5.262952E-10  1.280065E-06  1.740890E-06  2.998161E-10  4.635072E-10  6.072455E-10  8.047561E-10
 3.841500E+02  1.566800E-02  3.239808E-06  9.259501E-11  1.248079E-10  1.396690E-10  1.707737E-10  1.275789E-02  3.304184E-06  9.852345E-10  2.902587E-03  7.090787E-07  1.958315E-10  5.921297E-11  4.451896E-05  6.062987E-10  2.578559E-09  7.475227E-10  2.960082E-04  1.195444E-09  6.264891E-10  5.137306E-10  1.264116E-06  1.719222E-06  2.883669E-10  4.453772E-10  5.836313E-10  7.780300E-10
 3.851500E+02  1.562897E-02  3.207927E-06  9.046421E-11  1.219563E-10  1.364829E-10  1.669050E-10  1.272411E-02  3.259628E-06  9.458295E-10  2.897453E-03  7.007255E-07  1.885138E-10  5.815015E-11  4.389617E-05  5.853752E-10  2.493759E-09  7.270777E-10  2.925640E-04  1.158498E-09  6.118817E-10  5.015330E-10  1.248441E-06  1.697927E-06  2.774091E-10  4.280466E-10  5.610532E-10  7.523280E-10
 3.861500E+02  1.559012E-02  3.176537E-06  8.839460E-11  1.191861E-10  1.333877E-10  1.631461E-10  1.269051E-02  3.215917E-06  9.082054E-10  2.892311E-03  6.925035E-07  1.815023E-10  5.711108E-11  4.328550E-05  5.652857E-10  2.412205E-09  7.073061E-10  2.891764E-04  1.122871E-09  5.976928E-10  4.896900E-10  1.233034E-06  1.676997E-06  2.669195E-10  4.114765E-10  5.394610E-10  7.276061E-10
 3.871500E+02  1.555144E-02  3.145628E-06  8.638413E-11  1.164947E-10  1.303804E-10  1.594933E-10  1.265710E-02  3.173029E-06  8.722732E-10  2.887162E-03  6.844104E-07  1.747830E-10  5.609515E-11  4.268665E-05  5.459932E-10  2.333758E-09  6.881822E-10  2.858443E-04  1.088513E-09  5.839086E-10  4.781896E-10  1.217891E-06  1.656424E-06  2.568761E-10  3.956301E-10  5.188071E-10  7.038226E-10
 3.881500E+02  1.551294E-02  3.115192E-06  8.443083E-11  1.138794E-10  1.274580E-10  1.559431E-10  1.262387E-02  3.130947E-06  8.379487E-10  2.882005E-03  6.764438E-07  1.683425E-10  5.510178E-11  4.209934E-05  5.274620E-10  2.258285E-09  6.696818E-10  2.825667E-04  1.055372E-09  5.705158E-10  4.670205E-10  1.203006E-06  1.636202E-06  2.472580E-10  3.804724E-10  4.990464E-10  6.809374E-10
 3.891500E+02  1.547462E-02  3.085219E-06  8.253278E-11  1.113376E-10  1.246177E-10  1.524921E-10  1.259082E-02  3.089650E-06  8.051523E-10  2.876843E-03  6.686014E-07  1.621681E-10  5.413041E-11  4.152331E-05  5.096585E-10  2.185657E-09  6.517814E-10  2.793425E-04  1.023399E-09  5.575013E-10  4.561717E-10  1.188373E-06  1.616321E-06  2.380454E-10  3.659705E-10  4.801363E-10  6.589126E-10
 3.901500E+02  1.543647E-02  3.055700E-06  8.068817E-11  1.088670E-10  1.218568E-10  1.491372E-10  1.255794E-02  3.049122E-06  7.738086E-10  2.871676E-03  6.608811E-07  1.562478E-10  5.318046E-11  4.095828E-05  4.925506E-10  2.115755E-09  6.344587E-10  2.761705E-04  9.925500E-10  5.448530E-10  4.456324E-10  1.173987E-06  1.596777E-06  2.292194E-10  3.520930E-10  4.620364E-10  6.377119E-10
 3.911500E+02  1.539850E-02  3.026626E-06  7.889522E-11  1.064653E-10  1.191728E-10  1.458750E-10  1.252524E-02  3.009343E-06  7.438465E-10  2.866503E-03  6.532806E-07  1.505700E-10  5.225141E-11  4.040400E-05  4.761077E-10  2.048462E-09  6.176922E-10  2.730498E-04  9.627791E-10  5.325588E-10  4.353924E-10  1.159843E-06  1.577562E-06  2.207622E-10  3.388102E-10  4.447082E-10  6.173008E-10
 3.921500E+02  1.536069E-02  2.997989E-06  7.715224E-11  1.041301E-10  1.165630E-10  1.427027E-10  1.249271E-02  2.970298E-06  7.151984E-10  2.861327E-03  6.457979E-07  1.451240E-10  5.134272E-11  3.986020E-05  4.603007E-10  1.983669E-09  6.014613E-10  2.699794E-04  9.340446E-10  5.206071E-10  4.254420E-10  1.145936E-06  1.558669E-06  2.126569E-10  3.260938E-10  4.281153E-10  5.976462E-10
 3.931500E+02  1.532306E-02  2.969781E-06  7.545760E-11  1.018593E-10  1.140252E-10  1.396174E-10  1.246036E-02  2.931969E-06  6.878006E-10  2.856146E-03  6.384307E-07  1.398993E-10  5.045388E-11  3.932666E-05  4.451022E-10  1.921271E-09  5.857464E-10  2.669583E-04  9.063060E-10  5.089871E-10  4.157716E-10  1.132262E-06  1.540091E-06  2.048871E-10  3.139173E-10  4.122233E-10  5.787166E-10
 3.941500E+02  1.528560E-02  2.941993E-06  7.380974E-11  9.965080E-11  1.115569E-10  1.366162E-10  1.242818E-02  2.894340E-06  6.615925E-10  2.850963E-03  6.311770E-07  1.348860E-10  4.958440E-11  3.880312E-05  4.304856E-10  1.861167E-09  5.705286E-10  2.639854E-04  8.795246E-10  4.976879E-10  4.063721E-10  1.118816E-06  1.521823E-06  1.974378E-10  3.022553E-10  3.969993E-10  5.604822E-10
 3.951500E+02  1.524831E-02  2.914617E-06  7.220712E-11  9.750264E-11  1.091559E-10  1.336964E-10  1.239617E-02  2.857395E-06  6.365169E-10  2.845777E-03  6.240348E-07  1.300748E-10  4.873379E-11  3.828937E-05  4.164260E-10  1.803263E-09  5.557896E-10  2.610600E-04  8.536632E-10  4.866993E-10  3.972347E-10  1.105593E-06  1.503857E-06  1.902942E-10  2.910836E-10  3.824124E-10  5.429141E-10
 3.961500E+02  1.521119E-02  2.887646E-06  7.064830E-11  9.541286E-11  1.068201E-10  1.308554E-10  1.236433E-02  2.821118E-06  6.125195E-10  2.840588E-03  6.170021E-07  1.254566E-10  4.790159E-11  3.778516E-05  4.028995E-10  1.747467E-09  5.415123E-10  2.581810E-04  8.286865E-10  4.760114E-10  3.883510E-10  1.092588E-06  1.486189E-06  1.834425E-10  2.803796E-10  3.684329E-10  5.259851E-10
 3.971500E+02  1.517423E-02  2.861072E-06  6.913187E-11  9.337960E-11  1.045474E-10  1.280908E-10  1.233266E-02  2.785496E-06  5.895489E-10  2.835399E-03  6.100769E-07  1.210230E-10  4.708732E-11  3.729029E-05  3.898832E-10  1.693693E-09  5.276798E-10  2.553476E-04  8.045604E-10  4.656145E-10  3.797127E-10  1.079797E-06  1.468811E-06  1.768695E-10  2.701214E-10  3.550329E-10  5.096689E-10
 3.981500E+02  1.513744E-02  2.834887E-06  6.765647E-11  9.140106E-11  1.023358E-10  1.254001E-10  1.230115E-02  2.750512E-06  5.675564E-10  2.830208E-03  6.032574E-07  1.167658E-10  4.629056E-11  3.680454E-05  3.773557E-10  1.641858E-09  5.142762E-10  2.525588E-04  7.812523E-10  4.554996E-10  3.713120E-10  1.067217E-06  1.451719E-06  1.705628E-10  2.602887E-10  3.421858E-10  4.939408E-10
 3.991500E+02  1.510082E-02  2.809085E-06  6.622080E-11  8.947550E-11  1.001834E-10  1.227810E-10  1.226981E-02  2.716153E-06  5.464957E-10  2.825016E-03  5.965416E-07  1.126774E-10  4.551086E-11  3.632770E-05  3.652961E-10  1.591882E-09  5.012862E-10  2.498139E-04  7.587312E-10  4.456576E-10  3.631413E-10  1.054842E-06  1.434906E-06  1.645104E-10  2.508617E-10  3.298662E-10  4.787768E-10
