#         T/K          A/kJ          G/kJ
  2.731500000000E+02  -1.420108886465E+01  -1.419558568797E+01
  2.741500000000E+02  -1.438018597912E+01  -1.437467582619E+01
  2.751500000000E+02  -1.456029405411E+01  -1.455477700208E+01
  2.761500000000E+02  -1.474138476486E+01  -1.473586090784E+01
  2.771500000000E+02  -1.492342840705E+01  -1.491789785301E+01
  2.781500000000E+02  -1.510639416285E+01  -1.510085703215E+01
  2.791500000000E+02  -1.529025037592E+01  -1.528470679959E+01
  2.801500000000E+02  -1.547496482267E+01  -1.546941494078E+01
  2.811500000000E+02  -1.566050497480E+01  -1.565494893469E+01
  2.821500000000E+02  -1.584683824927E+01  -1.584127620382E+01
  2.831500000000E+02  -1.603393224226E+01  -1.602836434824E+01
  2.841500000000E+02  -1.622175494529E+01  -1.621618136168E+01
  2.851500000000E+02  -1.641027494147E+01  -1.640469582796E+01
  2.861500000000E+02  -1.659946157871E+01  -1.659387709461E+01
  2.871500000000E+02  -1.678928513463E+01  -1.678369543634E+01
  2.881500000000E+02  -1.697971693300E+01  -1.697412217413E+01
  2.891500000000E+02  -1.717072946684E+01  -1.716512979662E+01
  2.901500000000E+02  -1.736229648560E+01  -1.735669204803E+01
  2.911500000000E+02  -1.755439306491E+01  -1.754878399794E+01
  2.921500000000E+02  -1.774699565412E+01  -1.774138208906E+01
  2.931500000000E+02  -1.794008210844E+01  -1.793446416945E+01
  2.941500000000E+02  -1.813363169649E+01  -1.812800950029E+01
  2.951500000000E+02  -1.832762509472E+01  -1.832199875038E+01
  2.961500000000E+02  -1.852204436400E+01  -1.851641397288E+01
  2.971500000000E+02  -1.871687291239E+01  -1.871123856820E+01
  2.981500000000E+02  -1.891209544477E+01  -1.890645723373E+01
  2.991500000000E+02  -1.910769790518E+01  -1.910205590626E+01
  3.001500000000E+02  -1.930366740778E+01  -1.929802169302E+01
  3.011500000000E+02  -1.949999216551E+01  -1.949434280038E+01
  3.021500000000E+02  -1.969666141408E+01  -1.969100845788E+01
  3.031500000000E+02  -1.989366533508E+01  -1.988800884137E+01
  3.041500000000E+02  -2.009099497951E+01  -2.008533499655E+01
  3.051500000000E+02  -2.028864219250E+01  -2.028297876367E+01
  3.061500000000E+02  -2.048659954474E+01  -2.048093270895E+01
  3.071500000000E+02  -2.068486025822E+01  -2.067919005034E+01
  3.081500000000E+02  -2.088341814857E+01  -2.087774459980E+01
  3.091500000000E+02  -2.108226756498E+01  -2.107659070321E+01
  3.101500000000E+02  -2.128140333203E+01  -2.127572318218E+01
  3.111500000000E+02  -2.148082070314E+01  -2.147513728759E+01
  3.121500000000E+02  -2.168051532064E+01  -2.167482865908E+01
  3.131500000000E+02  -2.188048316455E+01  -2.187479327468E+01
  3.141500000000E+02  -2.208072052379E+01  -2.207502742140E+01
  3.151500000000E+02  -2.228122396176E+01  -2.227552766093E+01
  3.161500000000E+02  -2.248199028732E+01  -2.247629080060E+01
  3.171500000000E+02  -2.268301652759E+01  -2.267731386618E+01
  3.181500000000E+02  -2.288429991122E+01  -2.287859408508E+01
  3.191500000000E+02  -2.308583783797E+01  -2.308012885597E+01
  3.201500000000E+02  -2.328762786703E+01  -2.328191573711E+01
  3.211500000000E+02  -2.348966770137E+01  -2.348395243054E+01
  3.221500000000E+02  -2.369195517222E+01  -2.368623676674E+01
  3.231500000000E+02  -2.389448822602E+01  -2.388876669145E+01
  3.241500000000E+02  -2.409726491428E+01  -2.409154025553E+01
  3.251500000000E+02  -2.430028338346E+01  -2.429455560488E+01
  3.261500000000E+02  -2.450354186633E+01  -2.449781097175E+01
  3.271500000000E+02  -2.470703867430E+01  -2.470130466709E+01
  3.281500000000E+02  -2.491077219055E+01  -2.490503507364E+01
  3.291500000000E+02  -2.511474086396E+01  -2.510900063991E+01
  3.301500000000E+02  -2.531894320379E+01  -2.531319987480E+01
  3.311500000000E+02  -2.552337777442E+01  -2.551763134237E+01
  3.321500000000E+02  -2.572804319191E+01  -2.572229365839E+01
  3.331500000000E+02  -2.593293811929E+01  -2.592718548559E+01
  3.341500000000E+02  -2.613806126333E+01  -2.613230553052E+01
  3.351500000000E+02  -2.634341137226E+01  -2.633765254115E+01
  3.361500000000E+02  -2.654898723111E+01  -2.654322530231E+01
  3.371500000000E+02  -2.675478766132E+01  -2.674902263524E+01
  3.381500000000E+02  -2.696081151713E+01  -2.695504339396E+01
  3.391500000000E+02  -2.716705768395E+01  -2.716128646373E+01
  3.401500000000E+02  -2.737352507646E+01  -2.736775075906E+01
  3.411500000000E+02  -2.758021263693E+01  -2.757443522205E+01
  3.421500000000E+02  -2.778711933365E+01  -2.778133882083E+01
  3.431500000000E+02  -2.799424415951E+01  -2.798846054817E+01
  3.441500000000E+02  -2.820158613078E+01  -2.819579942018E+01
  3.451500000000E+02  -2.840914428586E+01  -2.840335447513E+01
  3.461500000000E+02  -2.861691768422E+01  -2.861112477239E+01
  3.471500000000E+02  -2.882490540542E+01  -2.881910939137E+01
  3.481500000000E+02  -2.903310654816E+01  -2.902730743067E+01
  3.491500000000E+02  -2.924152022945E+01  -2.923571800716E+01
  3.501500000000E+02  -3.220321960836E+01  -2.946091782584E+01
  3.511500000000E+02  -3.248121161794E+01  -2.972930134014E+01
  3.521500000000E+02  -3.275937698074E+01  -2.999787479120E+01
  3.531500000000E+02  -3.303771514331E+01  -3.026663740449E+01
  3.541500000000E+02  -3.331622556072E+01  -3.053558841615E+01
  3.551500000000E+02  -3.359490769633E+01  -3.080472707273E+01
  3.561500000000E+02  -3.387376102155E+01  -3.107405263104E+01
  3.571500000000E+02  -3.415278501559E+01  -3.134356435792E+01
  3.581500000000E+02  -3.443197916528E+01  -3.161326153007E+01
  3.591500000000E+02  -3.471134296485E+01  -3.188314343384E+01
  3.601500000000E+02  -3.499087591569E+01  -3.215320936505E+01
  3.611500000000E+02  -3.527057752621E+01  -3.242345862882E+01
  3.621500000000E+02  -3.555044731160E+01  -3.269389053938E+01
  3.631500000000E+02  -3.583048479368E+01  -3.296450441989E+01
  3.641500000000E+02  -3.611068950217E+01  -3.323529960371E+01
  3.651500000000E+02  -3.639106096854E+01  -3.350627542844E+01
  3.661500000000E+02  -3.667159873493E+01  -3.377743124453E+01
  3.671500000000E+02  -3.695230234785E+01  -3.404876640920E+01
  3.681500000000E+02  -3.723317135960E+01  -3.432028028777E+01
  3.691500000000E+02  -3.751420532805E+01  -3.459197225352E+01
  3.701500000000E+02  -3.779540381659E+01  -3.486384168753E+01
  3.711500000000E+02  -3.807676639389E+01  -3.513588797853E+01
  3.721500000000E+02  -3.835829263381E+01  -3.540811052275E+01
  3.731500000000E+02  -3.863998211527E+01  -3.568050872378E+01
  3.741500000000E+02  -3.892183442210E+01  -3.595308199245E+01
  3.751500000000E+02  -3.920384914290E+01  -3.622582974663E+01
  3.761500000000E+02  -3.948602587097E+01  -3.649875141116E+01
  3.771500000000E+02  -3.976836420414E+01  -3.677184641771E+01
  3.781500000000E+02  -4.005086374466E+01  -3.704511420461E+01
  3.791500000000E+02  -4.033352409912E+01  -3.731855421674E+01
  3.801500000000E+02  -4.061634487832E+01  -3.759216590545E+01
  3.811500000000E+02  -4.089932569715E+01  -3.786594872837E+01
  3.821500000000E+02  -4.118246617453E+01  -3.813990214933E+01
  3.831500000000E+02  -4.146576593328E+01  -3.841402563825E+01
  3.841500000000E+02  -4.174922460002E+01  -3.868831867099E+01
  3.851500000000E+02  -4.203284180511E+01  -3.896278072929E+01
  3.861500000000E+02  -4.231661718253E+01  -3.923741130059E+01
  3.871500000000E+02  -4.260055036980E+01  -3.951220987801E+01
  3.881500000000E+02  -4.288464100791E+01  -3.978717596016E+01
  3.891500000000E+02  -4.316888874123E+01  -4.006230905111E+01
  3.901500000000E+02  -4.345329321742E+01  -4.033760866023E+01
  3.911500000000E+02  -4.373785408737E+01  -4.061307430213E+01
  3.921500000000E+02  -4.402257100513E+01  -4.088870549656E+01
  3.931500000000E+02  -4.430744362780E+01  -4.116450176829E+01
  3.941500000000E+02  -4.459247161552E+01  -4.144046264705E+01
  3.951500000000E+02  -4.487765463135E+01  -4.171658766741E+01
  3.961500000000E+02  -4.516299234124E+01  -4.199287636873E+01
  3.971500000000E+02  -4.544848441393E+01  -4.226932829504E+01
  3.981500000000E+02  -4.573413052092E+01  -4.254594299495E+01
  3.991500000000E+02  -4.601993033620E+01  -4.282272002140E+01
