#         T/K          A/kJ          G/kJ
  2.731500000000E+02  -6.134692663301E+00  -6.130303554433E+00
  2.741500000000E+02  -6.283440904333E+00  -6.279047750052E+00
  2.751500000000E+02  -6.432985734478E+00  -6.428588556789E+00
  2.761500000000E+02  -6.583313048844E+00  -6.578911877908E+00
  2.771500000000E+02  -6.734407696447E+00  -6.730002569741E+00
  2.781500000000E+02  -6.886253618776E+00  -6.881844580495E+00
  2.791500000000E+02  -7.038833997455E+00  -7.034421097850E+00
  2.801500000000E+02  -7.192131405708E+00  -7.187714700360E+00
  2.811500000000E+02  -7.346127960330E+00  -7.341707509388E+00
  2.821500000000E+02  -7.500805470421E+00  -7.496381337824E+00
  2.831500000000E+02  -7.656145580767E+00  -7.651717833462E+00
  2.841500000000E+02  -7.812129906515E+00  -7.807698613691E+00
  2.851500000000E+02  -7.968740156433E+00  -7.964305388952E+00
  2.861500000000E+02  -8.125958250061E+00  -8.121520079266E+00
  2.871500000000E+02  -8.283766409821E+00  -8.279324907432E+00
  2.881500000000E+02  -8.442147252045E+00  -8.437702489397E+00
  2.891500000000E+02  -8.601083857972E+00  -8.596635905503E+00
  2.901500000000E+02  -8.760559832832E+00  -8.756108759643E+00
  2.911500000000E+02  -8.920559352077E+00  -8.916105225554E+00
  2.921500000000E+02  -9.081067195993E+00  -9.076610081495E+00
  2.931500000000E+02  -9.242068773217E+00  -9.237608733828E+00
  2.941500000000E+02  -9.403550135510E+00  -9.399087231845E+00
  2.951500000000E+02  -9.565497981954E+00  -9.561032272016E+00
  2.961500000000E+02  -9.727899658665E+00  -9.723431197749E+00
  2.971500000000E+02  -9.890743150346E+00  -9.886271990985E+00
  2.981500000000E+02  -1.005401706750E+01  -1.004954325944E+01
  2.991500000000E+02  -1.021771063024E+01  -1.021323422046E+01
  3.001500000000E+02  -1.038181364718E+01  -1.037733467992E+01
  3.011500000000E+02  -1.054631649443E+01  -1.054183501124E+01
  3.021500000000E+02  -1.071121009122E+01  -1.070672613102E+01
  3.031500000000E+02  -1.087648587493E+01  -1.087199947411E+01
  3.041500000000E+02  -1.104213577704E+01  -1.103764696955E+01
  3.051500000000E+02  -1.120815219453E+01  -1.120366101200E+01
  3.061500000000E+02  -1.137452797012E+01  -1.137003444184E+01
  3.071500000000E+02  -1.154125636184E+01  -1.153676051498E+01
  3.081500000000E+02  -1.170833102241E+01  -1.170383288210E+01
  3.091500000000E+02  -1.187574597529E+01  -1.187124556472E+01
  3.101500000000E+02  -1.204349559280E+01  -1.203899293328E+01
  3.111500000000E+02  -1.221157457447E+01  -1.220706968557E+01
  3.121500000000E+02  -1.237997792752E+01  -1.237547082713E+01
  3.131500000000E+02  -1.254870094761E+01  -1.254419165205E+01
  3.141500000000E+02  -1.271773920072E+01  -1.271322772481E+01
  3.151500000000E+02  -1.288708850799E+01  -1.288257486515E+01
  3.161500000000E+02  -1.305674492663E+01  -1.305222912891E+01
  3.171500000000E+02  -1.322670473837E+01  -1.322218679657E+01
  3.181500000000E+02  -1.339696443413E+01  -1.339244435785E+01
  3.191500000000E+02  -1.356752070134E+01  -1.356299849904E+01
  3.201500000000E+02  -1.373837041177E+01  -1.373384609082E+01
  3.211500000000E+02  -1.390951061102E+01  -1.390498417777E+01
  3.221500000000E+02  -1.408093850657E+01  -1.407640996641E+01
  3.231500000000E+02  -1.425265145912E+01  -1.424812081651E+01
  3.241500000000E+02  -1.442464697465E+01  -1.442011423317E+01
  3.251500000000E+02  -1.459692269223E+01  -1.459238785462E+01
  3.261500000000E+02  -1.476947637998E+01  -1.476493944819E+01
  3.271500000000E+02  -1.494230592577E+01  -1.493776690098E+01
  3.281500000000E+02  -1.511540933020E+01  -1.511086821289E+01
  3.291500000000E+02  -1.528878470289E+01  -1.528424149281E+01
  3.301500000000E+02  -1.546243025092E+01  -1.545788494719E+01
  3.311500000000E+02  -1.563634427888E+01  -1.563179687996E+01
  3.321500000000E+02  -1.581052518074E+01  -1.580597568449E+01
  3.331500000000E+02  -1.598497143553E+01  -1.598041983923E+01
  3.341500000000E+02  -1.615968160257E+01  -1.615512790293E+01
  3.351500000000E+02  -1.633465431634E+01  -1.633009850953E+01
  3.361500000000E+02  -1.650988828942E+01  -1.650533037111E+01
  3.371500000000E+02  -1.668538229245E+01  -1.668082225778E+01
  3.381500000000E+02  -1.686113516796E+01  -1.685657301159E+01
  3.391500000000E+02  -1.703714581789E+01  -1.703258153404E+01
  3.401500000000E+02  -1.721341320229E+01  -1.720884678470E+01
  3.411500000000E+02  -1.738993633626E+01  -1.738536777825E+01
  3.421500000000E+02  -1.756671428713E+01  -1.756214358160E+01
  3.431500000000E+02  -1.774374617171E+01  -1.773917331116E+01
  3.441500000000E+02  -1.792103115373E+01  -1.791645613024E+01
  3.451500000000E+02  -1.809856844113E+01  -1.809399124641E+01
  3.461500000000E+02  -1.827635728605E+01  -1.827177791145E+01
  3.471500000000E+02  -1.845439697706E+01  -1.844981541356E+01
  3.481500000000E+02  -1.863268684321E+01  -1.862810308145E+01
  3.491500000000E+02  -1.881122624875E+01  -1.880664027901E+01
  3.501500000000E+02  -1.899001459175E+01  -1.898542640402E+01
  3.511500000000E+02  -1.916905130297E+01  -1.916446088689E+01
  3.521500000000E+02  -2.215904928426E+01  -1.938756113251E+01
  3.531500000000E+02  -2.241784919611E+01  -1.963684872390E+01
  3.541500000000E+02  -2.267680002786E+01  -1.988630285623E+01
  3.551500000000E+02  -2.293590129052E+01  -2.013592282163E+01
  3.561500000000E+02  -2.319515250262E+01  -2.038570792231E+01
  3.571500000000E+02  -2.345455318991E+01  -2.063565747038E+01
  3.581500000000E+02  -2.371410288526E+01  -2.088577078762E+01
  3.591500000000E+02  -2.397380112838E+01  -2.113604720531E+01
  3.601500000000E+02  -2.423364746570E+01  -2.138648606406E+01
  3.611500000000E+02  -2.449364145014E+01  -2.163708671356E+01
  3.621500000000E+02  -2.475378264098E+01  -2.188784851246E+01
  3.631500000000E+02  -2.501407060363E+01  -2.213877082816E+01
  3.641500000000E+02  -2.527450490951E+01  -2.238985303664E+01
  3.651500000000E+02  -2.553508513590E+01  -2.264109452231E+01
  3.661500000000E+02  -2.579581086573E+01  -2.289249467779E+01
  3.671500000000E+02  -2.605668168845E+01  -2.314405290474E+01
  3.681500000000E+02  -2.631769719593E+01  -2.339576860992E+01
  3.691500000000E+02  -2.657885698829E+01  -2.364764121069E+01
  3.701500000000E+02  -2.684016066974E+01  -2.389967013109E+01
  3.711500000000E+02  -2.710160784944E+01  -2.415185480258E+01
  3.721500000000E+02  -2.736319814143E+01  -2.440419466397E+01
  3.731500000000E+02  -2.762493116445E+01  -2.465668916122E+01
  3.741500000000E+02  -2.788680654183E+01  -2.490933774733E+01
  3.751500000000E+02  -2.814882390139E+01  -2.516213988219E+01
  3.761500000000E+02  -2.841098287532E+01  -2.541509503245E+01
  3.771500000000E+02  -2.867328310006E+01  -2.566820267138E+01
  3.781500000000E+02  -2.893572421620E+01  -2.592146227876E+01
  3.791500000000E+02  -2.919830586838E+01  -2.617487334072E+01
  3.801500000000E+02  -2.946102770519E+01  -2.642843534966E+01
  3.811500000000E+02  -2.972388937904E+01  -2.668214780410E+01
  3.821500000000E+02  -2.998689054614E+01  -2.693601020857E+01
  3.831500000000E+02  -3.025003086632E+01  -2.719002207349E+01
  3.841500000000E+02  -3.051331000302E+01  -2.744418291507E+01
  3.851500000000E+02  -3.077672762315E+01  -2.769849225518E+01
  3.861500000000E+02  -3.104028339702E+01  -2.795294962126E+01
  3.871500000000E+02  -3.130397699829E+01  -2.820755454621E+01
  3.881500000000E+02  -3.156780810384E+01  -2.846230656828E+01
  3.891500000000E+02  -3.183177639374E+01  -2.871720523097E+01
  3.901500000000E+02  -3.209588155115E+01  -2.897225008293E+01
  3.911500000000E+02  -3.236012326226E+01  -2.922744067788E+01
  3.921500000000E+02  -3.262450121622E+01  -2.948277657449E+01
  3.931500000000E+02  -3.288901510506E+01  -2.973825733631E+01
  3.941500000000E+02  -3.315366462365E+01  -2.999388253165E+01
  3.951500000000E+02  -3.341844946962E+01  -3.024965173354E+01
  3.961500000000E+02  -3.368336934329E+01  -3.050556451957E+01
  3.971500000000E+02  -3.394842394764E+01  -3.076162047190E+01
  3.981500000000E+02  -3.421361298822E+01  -3.101781917709E+01
  3.991500000000E+02  -3.447893617296E+01  -3.127416022589E+01
