#         T/K            c1          c2-1          c3-4          c3-5          c3-7          c3-9            m1          m2-1          m3-1            w1            w2          w3-1          w3-2          c1m1        c1m2-1        c1m2-7        c2m1-1        c1w1-2        c1w2-1        c2w1-1        c2w1-9        m1w1-1        m1w1-4        m1w2-1        m2w1-1        m2w1-3      c1m1w1-1
 2.731500E+02  4.107710E-03  5.835312E-07  2.926336E-11  3.840887E-11  4.273292E-11  5.095369E-11  7.110060E-03  4.443249E-06  3.996007E-08  2.978182E-02  3.180737E-04  4.606889E-05  6.463957E-07  3.193434E-05  5.057891E-09  1.659655E-08  9.754473E-10  3.083401E-03  2.413281E-06  8.962175E-09  7.869738E-09  2.989606E-05  4.069660E-05  3.625160E-06  3.133661E-07  3.968824E-07  1.060200E-07
 2.741500E+02  4.126186E-03  5.805411E-07  2.849551E-11  3.741371E-11  4.162884E-11  4.965286E-11  7.078252E-03  4.315687E-06  3.669064E-08  2.970010E-02  3.101636E-04  4.259115E-05  6.208227E-07  3.124005E-05  4.733055E-09  1.558096E-08  9.335964E-10  3.030743E-03  2.276644E-06  8.649891E-09  7.588968E-09  2.910954E-05  3.962342E-05  3.345587E-06  2.885187E-07  3.655583E-07  9.955684E-08
 2.751500E+02  4.144150E-03  5.774828E-07  2.774614E-11  3.644205E-11  4.055071E-11  4.838207E-11  7.046784E-03  4.192775E-06  3.371116E-08  2.961813E-02  3.024917E-04  3.939579E-05  5.964056E-07  3.056338E-05  4.430994E-09  1.463350E-08  8.936926E-10  2.979033E-03  2.148391E-06  8.349112E-09  7.318806E-09  2.834888E-05  3.858565E-05  3.089285E-06  2.658032E-07  3.369107E-07  9.352223E-08
 2.761500E+02  4.161604E-03  5.743588E-07  2.701489E-11  3.549346E-11  3.949808E-11  4.714079E-11  7.015650E-03  4.074312E-06  3.099402E-08  2.953597E-02  2.950505E-04  3.645846E-05  5.730879E-07  2.990382E-05  4.149980E-09  1.374922E-08  8.556380E-10  2.928258E-03  2.027971E-06  8.059401E-09  7.058840E-09  2.761311E-05  3.758196E-05  2.854189E-06  2.450237E-07  3.106946E-07  8.788560E-08
 2.771500E+02  4.178550E-03  5.711719E-07  2.630143E-11  3.456753E-11  3.847047E-11  4.592852E-11  6.984842E-03  3.960103E-06  2.851442E-08  2.945365E-02  2.878325E-04  3.375703E-05  5.508159E-07  2.926087E-05  3.888429E-09  1.292354E-08  8.193406E-10  2.878403E-03  1.914876E-06  7.780342E-09  6.808674E-09  2.690128E-05  3.661104E-05  2.638424E-06  2.260034E-07  2.866889E-07  8.261875E-08
 2.781500E+02  4.194989E-03  5.679247E-07  2.560543E-11  3.366385E-11  3.746747E-11  4.474478E-11  6.954353E-03  3.849967E-06  2.625004E-08  2.937122E-02  2.808303E-04  3.127134E-05  5.295388E-07  2.863405E-05  3.644883E-09  1.215224E-08  7.847131E-10  2.829456E-03  1.808630E-06  7.511534E-09  6.567927E-09  2.621249E-05  3.567166E-05  2.440293E-06  2.085828E-07  2.646936E-07  7.769559E-08
 2.791500E+02  4.210925E-03  5.646202E-07  2.492656E-11  3.278202E-11  3.648863E-11  4.358907E-11  6.924177E-03  3.743731E-06  2.418082E-08  2.928870E-02  2.740370E-04  2.898306E-05  5.092079E-07  2.802292E-05  3.418002E-09  1.143146E-08  7.516731E-10  2.781402E-03  1.708790E-06  7.252591E-09  6.336236E-09  2.554589E-05  3.476263E-05  2.258256E-06  1.926176E-07  2.445284E-07  7.309202E-08
 2.801500E+02  4.226360E-03  5.612612E-07  2.426451E-11  3.192166E-11  3.553352E-11  4.246094E-11  6.894308E-03  3.641229E-06  2.228868E-08  2.920614E-02  2.674456E-04  2.687548E-05  4.897773E-07  2.742701E-05  3.206554E-09  1.075759E-08  7.201428E-10  2.734229E-03  1.614943E-06  7.003144E-09  6.113251E-09  2.490064E-05  3.388282E-05  2.090915E-06  1.779774E-07  2.260298E-07  6.878572E-08
 2.811500E+02  4.241299E-03  5.578507E-07  2.361896E-11  3.108239E-11  3.460173E-11  4.135989E-11  6.864740E-03  3.542305E-06  2.055733E-08  2.912355E-02  2.610496E-04  2.493339E-05  4.712033E-07  2.684593E-05  3.009406E-09  1.012733E-08  6.900484E-10  2.687922E-03  1.526704E-06  6.762837E-09  5.898636E-09  2.427594E-05  3.303113E-05  1.937000E-06  1.645443E-07  2.090500E-07  6.475606E-08
 2.821500E+02  4.255747E-03  5.543916E-07  2.298960E-11  3.026382E-11  3.369283E-11  4.028549E-11  6.835467E-03  3.446810E-06  1.897209E-08  2.904097E-02  2.548425E-04  2.314294E-05  4.534444E-07  2.627924E-05  2.825512E-09  9.537622E-09  6.613201E-10  2.642469E-03  1.443716E-06  6.531328E-09  5.692070E-09  2.367104E-05  3.220651E-05  1.795359E-06  1.522114E-07  1.934551E-07  6.098391E-08
 2.831500E+02  4.269707E-03  5.508867E-07  2.237613E-11  2.946557E-11  3.280643E-11  3.923725E-11  6.806484E-03  3.354602E-06  1.751970E-08  2.895842E-02  2.488181E-04  2.149148E-05  4.364611E-07  2.572656E-05  2.653909E-09  8.985635E-09  6.338917E-10  2.597856E-03  1.365643E-06  6.308287E-09  5.493242E-09  2.308521E-05  3.140797E-05  1.664943E-06  1.408821E-07  1.791239E-07  5.745158E-08
 2.841500E+02  4.283186E-03  5.473391E-07  2.177825E-11  2.868728E-11  3.194210E-11  3.821472E-11  6.777787E-03  3.265547E-06  1.618819E-08  2.887593E-02  2.429703E-04  1.996749E-05  4.202160E-07  2.518750E-05  2.493710E-09  8.468755E-09  6.077005E-10  2.554071E-03  1.292174E-06  6.093397E-09  5.301854E-09  2.251774E-05  3.063454E-05  1.544800E-06  1.304686E-07  1.659463E-07  5.414265E-08
 2.851500E+02  4.296188E-03  5.437517E-07  2.119564E-11  2.792857E-11  3.109944E-11  3.721744E-11  6.749369E-03  3.179515E-06  1.496673E-08  2.879352E-02  2.372934E-04  1.856046E-05  4.046737E-07  2.466170E-05  2.344096E-09  7.984562E-09  5.826871E-10  2.511099E-03  1.223017E-06  5.886355E-09  5.117621E-09  2.196797E-05  2.988529E-05  1.434062E-06  1.208914E-07  1.538226E-07  5.104191E-08
 2.861500E+02  4.308719E-03  5.401273E-07  2.062802E-11  2.718907E-11  3.027804E-11  3.624495E-11  6.721227E-03  3.096385E-06  1.384553E-08  2.871120E-02  2.317816E-04  1.726078E-05  3.898003E-07  2.414880E-05  2.204312E-09  7.530815E-09  5.587951E-10  2.468928E-03  1.157902E-06  5.686866E-09  4.940268E-09  2.143524E-05  2.915934E-05  1.331939E-06  1.120784E-07  1.426622E-07  4.813526E-08
 2.871500E+02  4.320785E-03  5.364688E-07  2.007508E-11  2.646841E-11  2.947749E-11  3.529680E-11  6.693356E-03  3.016039E-06  1.281575E-08  2.862900E-02  2.264296E-04  1.605970E-05  3.755640E-07  2.364845E-05  2.073659E-09  7.105439E-09  5.359709E-10  2.427545E-03  1.096575E-06  5.494647E-09  4.769530E-09  2.091894E-05  2.845585E-05  1.237713E-06  1.039641E-07  1.323828E-07  4.540962E-08
 2.881500E+02  4.332392E-03  5.327790E-07  1.953653E-11  2.576622E-11  2.869740E-11  3.437253E-11  6.665751E-03  2.938367E-06  1.186935E-08  2.854693E-02  2.212320E-04  1.494922E-05  3.619344E-07  2.316032E-05  1.951493E-09  6.706511E-09  5.141637E-10  2.386937E-03  1.038799E-06  5.309428E-09  4.605153E-09  2.041847E-05  2.777399E-05  1.150728E-06  9.648877E-08  1.229095E-07  4.285284E-08
 2.891500E+02  4.343547E-03  5.290606E-07  1.901207E-11  2.508213E-11  2.793735E-11  3.347168E-11  6.638408E-03  2.863262E-06  1.099907E-08  2.846501E-02  2.161839E-04  1.392200E-05  3.488827E-07  2.268408E-05  1.837218E-09  6.332247E-09  4.933253E-10  2.347091E-03  9.843540E-07  5.130946E-09  4.446893E-09  1.993327E-05  2.711298E-05  1.070388E-06  8.959842E-08  1.141744E-07  4.045364E-08
 2.901500E+02  4.354255E-03  5.253163E-07  1.850141E-11  2.441579E-11  2.719694E-11  3.259379E-11  6.611323E-03  2.790623E-06  1.019831E-08  2.838324E-02  2.112801E-04  1.297137E-05  3.363814E-07  2.221941E-05  1.730283E-09  5.980994E-09  4.734099E-10  2.307994E-03  9.330327E-07  4.958949E-09  4.294514E-09  1.946278E-05  2.647208E-05  9.961454E-07  8.324376E-08  1.061155E-07  3.820156E-08
 2.911500E+02  4.364525E-03  5.215488E-07  1.800426E-11  2.376682E-11  2.647578E-11  3.173842E-11  6.584492E-03  2.720354E-06  9.461084E-09  2.830166E-02  2.065162E-04  1.209119E-05  3.244048E-07  2.176601E-05  1.630177E-09  5.651218E-09  4.543739E-10  2.269634E-03  8.846427E-07  4.793194E-09  4.147792E-09  1.900648E-05  2.585057E-05  9.275047E-07  7.737999E-08  9.867656E-08  3.608686E-08
 2.921500E+02  4.374363E-03  5.177607E-07  1.752032E-11  2.313486E-11  2.577347E-11  3.090510E-11  6.557911E-03  2.652363E-06  8.781969E-09  2.822025E-02  2.018874E-04  1.127588E-05  3.129281E-07  2.132359E-05  1.536430E-09  5.341494E-09  4.361759E-10  2.231997E-03  8.390039E-07  4.633448E-09  4.006508E-09  1.856388E-05  2.524775E-05  8.640111E-07  7.196627E-08  9.180610E-08  3.410051E-08
 2.931500E+02  4.383775E-03  5.139544E-07  1.704930E-11  2.251955E-11  2.508960E-11  3.009339E-11  6.531577E-03  2.586561E-06  8.156023E-09  2.813905E-02  1.973893E-04  1.052030E-05  3.019279E-07  2.089185E-05  1.448604E-09  5.050498E-09  4.187767E-10  2.195073E-03  7.959478E-07  4.479486E-09  3.870454E-09  1.813447E-05  2.466295E-05  8.052495E-07  6.696540E-08  8.545736E-08  3.223410E-08
 2.941500E+02  4.392769E-03  5.101324E-07  1.659093E-11  2.192053E-11  2.442378E-11  2.930283E-11  6.505485E-03  2.522863E-06  7.578758E-09  2.805805E-02  1.930177E-04  9.819753E-06  2.913821E-07  2.047052E-05  1.366295E-09  4.777002E-09  4.021389E-10  2.158847E-03  7.553171E-07  4.331090E-09  3.739428E-09  1.771781E-05  2.409556E-05  7.508406E-07  6.234348E-08  7.958764E-08  3.047981E-08
 2.951500E+02  4.401351E-03  5.062970E-07  1.614492E-11  2.133745E-11  2.377563E-11  2.853298E-11  6.479632E-03  2.461191E-06  7.046092E-09  2.797727E-02  1.887685E-04  9.169937E-06  2.812696E-07  2.005931E-05  1.289128E-09  4.519862E-09  3.862269E-10  2.123308E-03  7.169645E-07  4.188054E-09  3.613238E-09  1.731344E-05  2.354494E-05  7.004374E-07  5.806956E-08  7.415799E-08  2.883036E-08
 2.961500E+02  4.409530E-03  5.024507E-07  1.571098E-11  2.076995E-11  2.314474E-11  2.778338E-11  6.454015E-03  2.401466E-06  6.554307E-09  2.789671E-02  1.846376E-04  8.566904E-06  2.715704E-07  1.965797E-05  1.216754E-09  4.278017E-09  3.710070E-10  2.088443E-03  6.807522E-07  4.050175E-09  3.491698E-09  1.692093E-05  2.301052E-05  6.537226E-07  5.411539E-08  6.913281E-08  2.727899E-08
 2.971500E+02  4.417311E-03  4.985955E-07  1.528884E-11  2.021768E-11  2.253074E-11  2.705360E-11  6.428629E-03  2.343616E-06  6.100017E-09  2.781639E-02  1.806214E-04  8.007034E-06  2.622654E-07  1.926624E-05  1.148851E-09  4.050479E-09  3.564470E-10  2.054241E-03  6.465515E-07  3.917260E-09  3.374629E-09  1.653988E-05  2.249173E-05  6.104054E-07  5.045519E-08  6.447962E-08  2.581940E-08
 2.981500E+02  4.424703E-03  4.947336E-07  1.487822E-11  1.968029E-11  2.193324E-11  2.634320E-11  6.403472E-03  2.287570E-06  5.680136E-09  2.773631E-02  1.767160E-04  7.487007E-06  2.533366E-07  1.888386E-05  1.085121E-09  3.836327E-09  3.425164E-10  2.020690E-03  6.142417E-07  3.789123E-09  3.261860E-09  1.616988E-05  2.198802E-05  5.702196E-07  4.706537E-08  6.016870E-08  2.444571E-08
 2.991500E+02  4.431713E-03  4.908672E-07  1.447885E-11  1.915744E-11  2.135185E-11  2.565173E-11  6.378541E-03  2.233261E-06  5.291852E-09  2.765648E-02  1.729179E-04  7.003771E-06  2.447669E-07  1.851060E-05  1.025284E-09  3.634705E-09  3.291861E-10  1.987778E-03  5.837099E-07  3.665586E-09  3.153225E-09  1.581056E-05  2.149889E-05  5.329213E-07  4.392439E-08  5.617287E-08  2.315245E-08
 3.001500E+02  4.438348E-03  4.869981E-07  1.409046E-11  1.864878E-11  2.078621E-11  2.497877E-11  6.353832E-03  2.180624E-06  4.932595E-09  2.757690E-02  1.692237E-04  6.554527E-06  2.365399E-07  1.814622E-05  9.690844E-10  3.444817E-09  3.164283E-10  1.955492E-03  5.548503E-07  3.546476E-09  3.048566E-09  1.546155E-05  2.102383E-05  4.982869E-07  4.101254E-08  5.246726E-08  2.193453E-08
 3.011500E+02  4.444615E-03  4.831284E-07  1.371278E-11  1.815399E-11  2.023594E-11  2.432388E-11  6.329341E-03  2.129597E-06  4.600022E-09  2.749758E-02  1.656300E-04  6.136700E-06  2.286401E-07  1.779048E-05  9.162812E-10  3.265920E-09  3.042169E-10  1.923822E-03  5.275641E-07  3.431626E-09  2.947730E-09  1.512250E-05  2.056235E-05  4.661111E-07  3.831177E-08  4.902912E-08  2.078721E-08
 3.021500E+02  4.450521E-03  4.792599E-07  1.334554E-11  1.767271E-11  1.970066E-11  2.368664E-11  6.305067E-03  2.080123E-06  4.291991E-09  2.741853E-02  1.621337E-04  5.747926E-06  2.210529E-07  1.744316E-05  8.666520E-10  3.097321E-09  2.925267E-10  1.892757E-03  5.017583E-07  3.320878E-09  2.850571E-09  1.479308E-05  2.011400E-05  4.362058E-07  3.580556E-08  4.583758E-08  1.970604E-08
 3.031500E+02  4.456074E-03  4.753943E-07  1.298850E-11  1.720464E-11  1.918003E-11  2.306663E-11  6.281006E-03  2.032144E-06  4.006544E-09  2.733975E-02  1.587316E-04  5.386027E-06  2.137643E-07  1.710405E-05  8.199898E-10  2.938375E-09  2.813338E-10  1.862284E-03  4.773461E-07  3.214076E-09  2.756947E-09  1.447295E-05  1.967833E-05  4.083980E-07  3.347876E-08  4.287353E-08  1.868689E-08
 3.041500E+02  4.461280E-03  4.715334E-07  1.264139E-11  1.674943E-11  1.867367E-11  2.246344E-11  6.257154E-03  1.985606E-06  3.741890E-09  2.726124E-02  1.554209E-04  5.049002E-06  2.067609E-07  1.677293E-05  7.761021E-10  2.788481E-09  2.706156E-10  1.832393E-03  4.542459E-07  3.111075E-09  2.666723E-09  1.416181E-05  1.925491E-05  3.825289E-07  3.131749E-08  4.011944E-08  1.772592E-08
 3.051500E+02  4.466148E-03  4.676787E-07  1.230395E-11  1.630677E-11  1.818124E-11  2.187666E-11  6.233510E-03  1.940457E-06  3.496393E-09  2.718301E-02  1.521985E-04  4.735009E-06  2.000301E-07  1.644960E-05  7.348097E-10  2.647076E-09  2.603505E-10  1.803073E-03  4.323815E-07  3.011730E-09  2.579769E-09  1.385935E-05  1.884334E-05  3.584526E-07  2.930904E-08  3.755923E-08  1.681951E-08
 3.061500E+02  4.470683E-03  4.638319E-07  1.197596E-11  1.587635E-11  1.770238E-11  2.130588E-11  6.210070E-03  1.896647E-06  3.268550E-09  2.710506E-02  1.490618E-04  4.442349E-06  1.935598E-07  1.613384E-05  6.959460E-10  2.513638E-09  2.505179E-10  1.774312E-03  4.116811E-07  2.915906E-09  2.495959E-09  1.356529E-05  1.844322E-05  3.360349E-07  2.744171E-08  3.517813E-08  1.596432E-08
 3.071500E+02  4.474893E-03  4.599944E-07  1.165715E-11  1.545785E-11  1.723676E-11  2.075071E-11  6.186831E-03  1.854130E-06  3.056990E-09  2.702740E-02  1.460081E-04  4.169460E-06  1.873386E-07  1.582548E-05  6.593557E-10  2.387676E-09  2.410981E-10  1.746101E-03  3.920776E-07  2.823471E-09  2.415173E-09  1.327935E-05  1.805417E-05  3.151523E-07  2.570478E-08  3.296258E-08  1.515719E-08
 3.081500E+02  4.478786E-03  4.561677E-07  1.134729E-11  1.505097E-11  1.678403E-11  2.021075E-11  6.163791E-03  1.812858E-06  2.860451E-09  2.695004E-02  1.430347E-04  3.914900E-06  1.813556E-07  1.552431E-05  6.248943E-10  2.268735E-09  2.320726E-10  1.718428E-03  3.735079E-07  2.734297E-09  2.337296E-09  1.300126E-05  1.767582E-05  2.956913E-07  2.408840E-08  3.090012E-08  1.439520E-08
 3.091500E+02  4.482367E-03  4.523530E-07  1.104614E-11  1.465541E-11  1.634386E-11  1.968562E-11  6.140947E-03  1.772789E-06  2.677779E-09  2.687296E-02  1.401393E-04  3.677340E-06  1.756005E-07  1.523016E-05  5.924271E-10  2.156386E-09  2.234235E-10  1.691284E-03  3.559129E-07  2.648263E-09  2.262216E-09  1.273076E-05  1.730782E-05  2.775471E-07  2.258351E-08  2.897931E-08  1.367560E-08
 3.101500E+02  4.485644E-03  4.485518E-07  1.075348E-11  1.427087E-11  1.591593E-11  1.917493E-11  6.118296E-03  1.733879E-06  2.507915E-09  2.679618E-02  1.373193E-04  3.455555E-06  1.700633E-07  1.494283E-05  5.618286E-10  2.050232E-09  2.151340E-10  1.664658E-03  3.392369E-07  2.565251E-09  2.189827E-09  1.246762E-05  1.694984E-05  2.606235E-07  2.118179E-08  2.718960E-08  1.299584E-08
 3.111500E+02  4.488624E-03  4.447651E-07  1.046908E-11  1.389707E-11  1.549992E-11  1.867833E-11  6.095836E-03  1.696090E-06  2.349885E-09  2.671969E-02  1.345724E-04  3.248413E-06  1.647347E-07  1.466217E-05  5.329817E-10  1.949900E-09  2.071878E-10  1.638540E-03  3.234278E-07  2.485149E-09  2.120026E-09  1.221158E-05  1.660154E-05  2.448316E-07  1.987558E-08  2.552131E-08  1.235351E-08
 3.121500E+02  4.491313E-03  4.409941E-07  1.019271E-11  1.353371E-11  1.509551E-11  1.819543E-11  6.073564E-03  1.659382E-06  2.202795E-09  2.664351E-02  1.318965E-04  3.054870E-06  1.596057E-07  1.438798E-05  5.057774E-10  1.855040E-09  1.995697E-10  1.612920E-03  3.084367E-07  2.407848E-09  2.052714E-09  1.196241E-05  1.626262E-05  2.300894E-07  1.865783E-08  2.396550E-08  1.174638E-08
 3.131500E+02  4.493717E-03  4.372400E-07  9.924155E-12  1.318053E-11  1.470239E-11  1.772589E-11  6.051478E-03  1.623717E-06  2.065826E-09  2.656763E-02  1.292893E-04  2.873960E-06  1.546678E-07  1.412012E-05  4.801136E-10  1.765327E-09  1.922650E-10  1.587788E-03  2.942175E-07  2.333243E-09  1.987796E-09  1.171991E-05  1.593277E-05  2.163216E-07  1.752205E-08  2.251395E-08  1.117234E-08
 3.141500E+02  4.495844E-03  4.335038E-07  9.663206E-12  1.283724E-11  1.432026E-11  1.726934E-11  6.029574E-03  1.589060E-06  1.938221E-09  2.649205E-02  1.267488E-04  2.704793E-06  1.499129E-07  1.385842E-05  4.558955E-10  1.680456E-09  1.852598E-10  1.563134E-03  2.807269E-07  2.261235E-09  1.925182E-09  1.148385E-05  1.561169E-05  2.034582E-07  1.646226E-08  2.115909E-08  1.062943E-08
 3.151500E+02  4.497699E-03  4.297864E-07  9.409652E-12  1.250358E-11  1.394883E-11  1.682545E-11  6.007852E-03  1.555378E-06  1.819286E-09  2.641678E-02  1.242729E-04  2.546544E-06  1.453332E-07  1.360271E-05  4.330343E-10  1.600140E-09  1.785407E-10  1.538950E-03  2.679244E-07  2.191727E-09  1.864784E-09  1.125403E-05  1.529912E-05  1.914351E-07  1.547295E-08  1.989393E-08  1.011583E-08
 3.161500E+02  4.499290E-03  4.260887E-07  9.163289E-12  1.217929E-11  1.358780E-11  1.639387E-11  5.986308E-03  1.522636E-06  1.708383E-09  2.634181E-02  1.218597E-04  2.398450E-06  1.409214E-07  1.335285E-05  4.114470E-10  1.524113E-09  1.720951E-10  1.515226E-03  2.557717E-07  2.124625E-09  1.806518E-09  1.103025E-05  1.499478E-05  1.801927E-07  1.454903E-08  1.871203E-08  9.629790E-09
 3.171500E+02  4.500622E-03  4.224118E-07  8.923918E-12  1.186410E-11  1.323689E-11  1.597428E-11  5.964940E-03  1.490803E-06  1.604921E-09  2.626715E-02  1.195073E-04  2.259807E-06  1.366704E-07  1.310868E-05  3.910562E-10  1.452123E-09  1.659109E-10  1.491953E-03  2.442328E-07  2.059840E-09  1.750303E-09  1.081232E-05  1.469841E-05  1.696760E-07  1.368581E-08  1.760744E-08  9.169714E-09
 3.181500E+02  4.501701E-03  4.187562E-07  8.691343E-12  1.155778E-11  1.289583E-11  1.556635E-11  5.943746E-03  1.459848E-06  1.508360E-09  2.619280E-02  1.172139E-04  2.129961E-06  1.325735E-07  1.287007E-05  3.717897E-10  1.383936E-09  1.599767E-10  1.469121E-03  2.332741E-07  1.997287E-09  1.696062E-09  1.060006E-05  1.440976E-05  1.598343E-07  1.287897E-08  1.657468E-08  8.734088E-09
 3.191500E+02  4.502534E-03  4.151229E-07  8.465374E-12  1.126008E-11  1.256433E-11  1.516975E-11  5.922723E-03  1.429743E-06  1.418200E-09  2.611876E-02  1.149778E-04  2.008308E-06  1.286243E-07  1.263687E-05  3.535797E-10  1.319333E-09  1.542814E-10  1.446722E-03  2.228636E-07  1.936883E-09  1.643720E-09  1.039329E-05  1.412858E-05  1.506206E-07  1.212451E-08  1.560866E-08  8.321494E-09
 3.201500E+02  4.503126E-03  4.115125E-07  8.245825E-12  1.097075E-11  1.224215E-11  1.478419E-11  5.901869E-03  1.400460E-06  1.333978E-09  2.604504E-02  1.127971E-04  1.894289E-06  1.248168E-07  1.240894E-05  3.363630E-10  1.258106E-09  1.488145E-10  1.424747E-03  2.129714E-07  1.878548E-09  1.593205E-09  1.019184E-05  1.385465E-05  1.419914E-07  1.141874E-08  1.470471E-08  7.930604E-09
 3.211500E+02  4.503483E-03  4.079257E-07  8.032513E-12  1.068956E-11  1.192901E-11  1.440936E-11  5.881182E-03  1.371970E-06  1.255272E-09  2.597162E-02  1.106704E-04  1.787384E-06  1.211451E-07  1.218614E-05  3.200804E-10  1.200062E-09  1.435662E-10  1.403188E-03  2.035694E-07  1.822206E-09  1.544448E-09  9.995540E-06  1.358774E-05  1.339065E-07  1.075824E-08  1.385848E-08  7.560171E-09
 3.221500E+02  4.503611E-03  4.043631E-07  7.825263E-12  1.041628E-11  1.162466E-11  1.404495E-11  5.860660E-03  1.344249E-06  1.181687E-09  2.589852E-02  1.085960E-04  1.687112E-06  1.176037E-07  1.196836E-05  3.046765E-10  1.145020E-09  1.385269E-10  1.382037E-03  1.946311E-07  1.767783E-09  1.497384E-09  9.804240E-06  1.332764E-05  1.263287E-07  1.013987E-08  1.306598E-08  7.209026E-09
 3.231500E+02  4.503517E-03  4.008253E-07  7.623900E-12  1.015069E-11  1.132886E-11  1.369069E-11  5.840301E-03  1.317271E-06  1.112862E-09  2.582572E-02  1.065723E-04  1.593027E-06  1.141872E-07  1.175546E-05  2.900994E-10  1.092809E-09  1.336875E-10  1.361284E-03  1.861314E-07  1.715209E-09  1.451949E-09  9.617784E-06  1.307412E-05  1.192233E-07  9.560692E-09  1.232350E-08  6.876073E-09
 3.241500E+02  4.503204E-03  3.973128E-07  7.428256E-12  9.892581E-12  1.104136E-11  1.334628E-11  5.820103E-03  1.291012E-06  1.048461E-09  2.575325E-02  1.045979E-04  1.504715E-06  1.108907E-07  1.154731E-05  2.763008E-10  1.043271E-09  1.290394E-10  1.340923E-03  1.780468E-07  1.664416E-09  1.408081E-09  9.436024E-06  1.282700E-05  1.125584E-07  9.018017E-09  1.162759E-08  6.560282E-09
 3.251500E+02  4.502679E-03  3.938261E-07  7.238167E-12  9.641728E-12  1.076194E-11  1.301146E-11  5.800063E-03  1.265449E-06  9.881759E-10  2.568108E-02  1.026714E-04  1.421791E-06  1.077092E-07  1.134381E-05  2.632350E-10  9.962532E-10  1.245743E-10  1.320944E-03  1.703552E-07  1.615338E-09  1.365723E-09  9.258817E-06  1.258608E-05  1.063044E-07  8.509340E-09  1.097509E-08  6.260685E-09
 3.261500E+02  4.501948E-03  3.903657E-07  7.053473E-12  9.397928E-12  1.049036E-11  1.268595E-11  5.780179E-03  1.240559E-06  9.317198E-10  2.560923E-02  1.007914E-04  1.343900E-06  1.046382E-07  1.114482E-05  2.508595E-10  9.516164E-10  1.202843E-10  1.301341E-03  1.630357E-07  1.567913E-09  1.324817E-09  9.086026E-06  1.235117E-05  1.004337E-07  8.032344E-09  1.036305E-08  5.976375E-09
 3.271500E+02  4.501014E-03  3.869319E-07  6.874017E-12  9.160980E-12  1.022639E-11  1.236949E-11  5.760450E-03  1.216321E-06  8.788281E-10  2.553769E-02  9.895649E-05  1.270709E-06  1.016732E-07  1.095024E-05  2.391343E-10  9.092278E-10  1.161620E-10  1.282106E-03  1.560685E-07  1.522080E-09  1.285310E-09  8.917518E-06  1.212210E-05  9.492074E-08  7.584884E-09  9.788733E-09  5.706498E-09
 3.281500E+02  4.499885E-03  3.835252E-07  6.699648E-12  8.930688E-12  9.969822E-12  1.206183E-11  5.740874E-03  1.192715E-06  8.292557E-10  2.546647E-02  9.716544E-05  1.201911E-06  9.881011E-08  1.075996E-05  2.280220E-10  8.689629E-10  1.122001E-10  1.263231E-03  1.494351E-07  1.477781E-09  1.247150E-09  8.753165E-06  1.189867E-05  8.974186E-08  7.164968E-09  9.249610E-09  5.450251E-09
 3.291500E+02  4.498563E-03  3.801459E-07  6.530218E-12  8.706859E-12  9.720442E-12  1.176271E-11  5.721448E-03  1.169720E-06  7.827758E-10  2.539556E-02  9.541698E-05  1.137219E-06  9.604481E-08  1.057386E-05  2.174876E-10  8.307047E-10  1.083919E-10  1.244708E-03  1.431179E-07  1.434959E-09  1.210286E-09  8.592843E-06  1.168073E-05  8.487502E-08  6.770750E-09  8.743334E-09  5.206882E-09
 3.301500E+02  4.497056E-03  3.767943E-07  6.365583E-12  8.489309E-12  9.478044E-12  1.147189E-11  5.702171E-03  1.147317E-06  7.391782E-10  2.532496E-02  9.370989E-05  1.076367E-06  9.337350E-08  1.039185E-05  2.074980E-10  7.943431E-10  1.047307E-10  1.226531E-03  1.371005E-07  1.393562E-09  1.174670E-09  8.436432E-06  1.146812E-05  8.029978E-08  6.400519E-09  8.267723E-09  4.975681E-09
 3.311500E+02  4.495367E-03  3.734707E-07  6.205603E-12  8.277855E-12  9.242424E-12  1.118914E-11  5.683041E-03  1.125487E-06  6.982682E-10  2.525467E-02  9.204301E-05  1.019107E-06  9.079248E-08  1.021382E-05  1.980224E-10  7.597748E-10  1.012104E-10  1.208693E-03  1.313672E-07  1.353538E-09  1.140257E-09  8.283819E-06  1.126067E-05  7.599712E-08  6.052684E-09  7.820753E-09  4.755981E-09
 3.321500E+02  4.493501E-03  3.701753E-07  6.050141E-12  8.072321E-12  9.013388E-12  1.091422E-11  5.664056E-03  1.104214E-06  6.598650E-10  2.518470E-02  9.041520E-05  9.652097E-07  8.829824E-08  1.003967E-05  1.890318E-10  7.269023E-10  9.782507E-11  1.191186E-03  1.259034E-07  1.314836E-09  1.107002E-09  8.134890E-06  1.105824E-05  7.194937E-08  5.725769E-09  7.400544E-09  4.547156E-09
 3.331500E+02  4.491463E-03  3.669083E-07  5.899065E-12  7.872534E-12  8.790746E-12  1.064691E-11  5.645214E-03  1.083479E-06  6.238013E-10  2.511504E-02  8.882537E-05  9.144590E-07  8.588742E-08  9.869307E-06  1.804989E-10  6.956340E-10  9.456893E-11  1.174005E-03  1.206951E-07  1.277409E-09  1.074862E-09  7.989539E-06  1.086067E-05  6.814006E-08  5.418404E-09  7.005349E-09  4.348614E-09
 3.341500E+02  4.489258E-03  3.636700E-07  5.752247E-12  7.678329E-12  8.574311E-12  1.038700E-11  5.626514E-03  1.063266E-06  5.899215E-10  2.504569E-02  8.727245E-05  8.666558E-07  8.355681E-08  9.702634E-06  1.723982E-10  6.658836E-10  9.143659E-11  1.157141E-03  1.157291E-07  1.241212E-09  1.043797E-09  7.847661E-06  1.066783E-05  6.455392E-08  5.129313E-09  6.633544E-09  4.159801E-09
 3.351500E+02  4.486890E-03  3.604605E-07  5.609561E-12  7.489543E-12  8.363903E-12  1.013426E-11  5.607954E-03  1.043560E-06  5.580815E-10  2.497665E-02  8.575541E-05  8.216136E-07  8.130332E-08  9.539561E-06  1.647056E-10  6.375699E-10  8.842288E-11  1.140589E-03  1.109932E-07  1.206198E-09  1.013767E-09  7.709156E-06  1.047958E-05  6.117669E-08  4.857311E-09  6.283618E-09  3.980192E-09
 3.361500E+02  4.484363E-03  3.572800E-07  5.470885E-12  7.306017E-12  8.159348E-12  9.888492E-12  5.589531E-03  1.024344E-06  5.281471E-10  2.490793E-02  8.427327E-05  7.791590E-07  7.912401E-08  9.379999E-06  1.573984E-10  6.106165E-10  8.552285E-11  1.124343E-03  1.064756E-07  1.172328E-09  9.847335E-10  7.573926E-06  1.029579E-05  5.799510E-08  4.601297E-09  5.954167E-09  3.809296E-09
 3.371500E+02  4.481681E-03  3.541285E-07  5.336101E-12  7.127598E-12  7.960474E-12  9.649498E-12  5.571245E-03  1.005604E-06  4.999939E-10  2.483951E-02  8.282504E-05  7.391302E-07  7.701606E-08  9.223859E-06  1.504556E-10  5.849512E-10  8.273177E-11  1.108395E-03  1.021652E-07  1.139558E-09  9.566610E-10  7.441879E-06  1.011632E-05  5.499681E-08  4.360246E-09  5.643883E-09  3.646648E-09
 3.381500E+02  4.478850E-03  3.510061E-07  5.205094E-12  6.954137E-12  7.767116E-12  9.417078E-12  5.553094E-03  9.873248E-07  4.735062E-10  2.477140E-02  8.140981E-05  7.013762E-07  7.497676E-08  9.071059E-06  1.438571E-10  5.605060E-10  8.004514E-11  1.092741E-03  9.805162E-08  1.107850E-09  9.295142E-10  7.312922E-06  9.941061E-06  5.217030E-08  4.133202E-09  5.351547E-09  3.491810E-09
 3.391500E+02  4.475873E-03  3.479130E-07  5.077753E-12  6.785488E-12  7.579112E-12  9.191044E-12  5.535075E-03  9.694936E-07  4.485763E-10  2.470361E-02  8.002667E-05  6.657563E-07  7.300355E-08  8.921516E-06  1.375841E-10  5.372170E-10  7.745863E-11  1.077373E-03  9.412491E-08  1.077166E-09  9.032596E-10  7.186969E-06  9.769885E-06  4.950483E-08  3.919278E-09  5.076027E-09  3.344370E-09
 3.401500E+02  4.472754E-03  3.448492E-07  4.953969E-12  6.621511E-12  7.396307E-12  8.971210E-12  5.517188E-03  9.520967E-07  4.251041E-10  2.463612E-02  7.867474E-05  6.321389E-07  7.109393E-08  8.775149E-06  1.316190E-10  5.150237E-10  7.496812E-11  1.062287E-03  9.037575E-08  1.047470E-09  8.778648E-10  7.063934E-06  9.602679E-06  4.699039E-08  3.717645E-09  4.816264E-09  3.203939E-09
 3.411500E+02  4.469497E-03  3.418146E-07  4.833637E-12  6.462069E-12  7.218548E-12  8.757396E-12  5.499431E-03  9.351211E-07  4.029965E-10  2.456893E-02  7.735318E-05  6.004016E-07  6.924554E-08  8.631881E-06  1.259452E-10  4.938692E-10  7.256968E-11  1.047475E-03  8.679530E-08  1.018726E-09  8.532988E-10  6.943736E-06  9.439330E-06  4.461764E-08  3.527532E-09  4.571275E-09  3.070151E-09
 3.421500E+02  4.466106E-03  3.388093E-07  4.716654E-12  6.307028E-12  7.045688E-12  8.549428E-12  5.481802E-03  9.185545E-07  3.821668E-10  2.450206E-02  7.606116E-05  5.704295E-07  6.745610E-08  8.491637E-06  1.205469E-10  4.736998E-10  7.025954E-11  1.032933E-03  8.337518E-08  9.909001E-10  8.295317E-10  6.826294E-06  9.279730E-06  4.237787E-08  3.348220E-09  4.340140E-09  2.942660E-09
 3.431500E+02  4.462585E-03  3.358334E-07  4.602921E-12  6.156260E-12  6.877582E-12  8.347136E-12  5.464299E-03  9.023847E-07  3.625342E-10  2.443549E-02  7.479789E-05  5.421157E-07  6.572344E-08  8.354341E-06  1.154094E-10  4.544646E-10  6.803411E-11  1.018656E-03  8.010749E-08  9.639609E-10  8.065347E-10  6.711532E-06  9.123775E-06  4.026294E-08  3.179038E-09  4.122004E-09  2.821139E-09
 3.441500E+02  4.458937E-03  3.328867E-07  4.492343E-12  6.009639E-12  6.714092E-12  8.150355E-12  5.446922E-03  8.866002E-07  3.440234E-10  2.436922E-02  7.356261E-05  5.153601E-07  6.404547E-08  8.219923E-06  1.105189E-10  4.361159E-10  6.588994E-11  1.004637E-03  7.698473E-08  9.378766E-10  7.842803E-10  6.599375E-06  8.971364E-06  3.826524E-08  3.019361E-09  3.916065E-09  2.705281E-09
 3.451500E+02  4.455166E-03  3.299692E-07  4.384825E-12  5.867043E-12  6.555082E-12  7.958925E-12  5.429669E-03  8.711898E-07  3.265643E-10  2.430326E-02  7.235455E-05  4.900691E-07  6.242019E-08  8.088312E-06  1.058623E-10  4.186083E-10  6.382374E-11  9.908710E-04  7.399981E-08  9.126173E-10  7.627419E-10  6.489752E-06  8.822398E-06  3.637768E-08  2.868604E-09  3.721579E-09  2.594794E-09
 3.461500E+02  4.451276E-03  3.270809E-07  4.280277E-12  5.728354E-12  6.400422E-12  7.772691E-12  5.412538E-03  8.561426E-07  3.100916E-10  2.423760E-02  7.117300E-05  4.661553E-07  6.084568E-08  7.959441E-06  1.014272E-10  4.018994E-10  6.183238E-11  9.773535E-04  7.114602E-08  8.881539E-10  7.418940E-10  6.382594E-06  8.676782E-06  3.459362E-08  2.726223E-09  3.537848E-09  2.489404E-09
 3.471500E+02  4.447269E-03  3.242218E-07  4.178610E-12  5.593457E-12  6.249983E-12  7.591501E-12  5.395527E-03  8.414482E-07  2.945442E-10  2.417224E-02  7.001725E-05  4.435367E-07  5.932010E-08  7.833243E-06  9.720194E-11  3.859486E-10  5.991283E-11  9.640791E-04  6.841699E-08  8.644586E-10  7.217119E-10  6.277831E-06  8.534425E-06  3.290686E-08  2.591707E-09  3.364220E-09  2.388853E-09
 3.481500E+02  4.443150E-03  3.213916E-07  4.079740E-12  5.462241E-12  6.103641E-12  7.415209E-12  5.378636E-03  8.270965E-07  2.798652E-10  2.410718E-02  6.888663E-05  4.221368E-07  5.784169E-08  7.709653E-06  9.317565E-11  3.707178E-10  5.806223E-11  9.510428E-04  6.580671E-08  8.415047E-10  7.021722E-10  6.175400E-06  8.395238E-06  3.131158E-08  2.464583E-09  3.200089E-09  2.292893E-09
 3.491500E+02  4.438922E-03  3.185904E-07  3.983584E-12  5.334598E-12  5.961278E-12  7.243672E-12  5.361863E-03  8.130777E-07  2.660014E-10  2.404243E-02  6.778047E-05  4.018839E-07  5.640874E-08  7.588609E-06  8.933796E-11  3.561711E-10  5.627783E-11  9.382398E-04  6.330945E-08  8.192662E-10  6.832520E-10  6.075237E-06  8.259134E-06  2.980238E-08  2.344404E-09  3.044883E-09  2.201295E-09
 3.501500E+02  4.434588E-03  3.158180E-07  3.890061E-12  5.210422E-12  5.822775E-12  7.076753E-12  5.345207E-03  7.993822E-07  2.529033E-10  2.397797E-02  6.669814E-05  3.827108E-07  5.501965E-08  7.470050E-06  8.567911E-11  3.422744E-10  5.455698E-11  9.256653E-04  6.091981E-08  7.977185E-10  6.649294E-10  5.977281E-06  8.126031E-06  2.837415E-08  2.230756E-09  2.898073E-09  2.113839E-09
 3.511500E+02  4.430151E-03  3.130744E-07  3.799092E-12  5.089613E-12  5.688020E-12  6.914317E-12  5.328666E-03  7.860011E-07  2.405246E-10  2.391381E-02  6.563902E-05  3.645546E-07  5.367284E-08  7.353916E-06  8.218989E-11  3.289954E-10  5.289717E-11  9.133146E-04  5.863265E-08  7.768376E-10  6.471836E-10  5.881472E-06  7.995848E-06  2.702216E-08  2.123250E-09  2.759160E-09  2.030319E-09
 3.521500E+02  4.425614E-03  3.103592E-07  3.710604E-12  4.972071E-12  5.556904E-12  6.756234E-12  5.312239E-03  7.729255E-07  2.288219E-10  2.384994E-02  6.460249E-05  3.473563E-07  5.236683E-08  7.240150E-06  7.886161E-11  3.163037E-10  5.129599E-11  9.011831E-04  5.644313E-08  7.566005E-10  6.299942E-10  5.787753E-06  7.868505E-06  2.574194E-08  2.021522E-09  2.627678E-09  1.950538E-09
 3.531500E+02  4.420980E-03  3.076726E-07  3.624522E-12  4.857700E-12  5.429319E-12  6.602377E-12  5.295925E-03  7.601467E-07  2.177547E-10  2.378637E-02  6.358799E-05  3.310607E-07  5.110016E-08  7.128694E-06  7.568606E-11  3.041705E-10  4.975113E-11  8.892664E-04  5.434661E-08  7.369851E-10  6.133418E-10  5.696069E-06  7.743928E-06  2.452932E-08  1.925231E-09  2.503191E-09  1.874312E-09
 3.541500E+02  4.416253E-03  3.050142E-07  3.540774E-12  4.746408E-12  5.305162E-12  6.452624E-12  5.279721E-03  7.476567E-07  2.072852E-10  2.372310E-02  6.259494E-05  3.156159E-07  4.987147E-08  7.019493E-06  7.265549E-11  2.925684E-10  4.826038E-11  8.775602E-04  5.233874E-08  7.179699E-10  5.972076E-10  5.606365E-06  7.622044E-06  2.338039E-08  1.834060E-09  2.385292E-09  1.801465E-09
 3.551500E+02  4.411434E-03  3.023839E-07  3.459293E-12  4.638104E-12  5.184334E-12  6.306856E-12  5.263628E-03  7.354473E-07  1.973780E-10  2.366012E-02  6.162279E-05  3.009734E-07  4.867943E-08  6.912495E-06  6.976257E-11  2.814716E-10  4.682162E-11  8.660601E-04  5.041535E-08  6.995345E-10  5.815737E-10  5.518589E-06  7.502780E-06  2.229149E-08  1.747709E-09  2.273598E-09  1.731832E-09
 3.561500E+02  4.406527E-03  2.997816E-07  3.380011E-12  4.532701E-12  5.066737E-12  6.164957E-12  5.247644E-03  7.235108E-07  1.879999E-10  2.359742E-02  6.067101E-05  2.870875E-07  4.752276E-08  6.807647E-06  6.700039E-11  2.708557E-10  4.543284E-11  8.547620E-04  4.857250E-08  6.816591E-10  5.664227E-10  5.432691E-06  7.386069E-06  2.125918E-08  1.665899E-09  2.167749E-09  1.665256E-09
 3.571500E+02  4.401535E-03  2.972071E-07  3.302864E-12  4.430114E-12  4.952276E-12  6.026815E-12  5.231767E-03  7.118397E-07  1.791199E-10  2.353502E-02  5.973908E-05  2.739154E-07  4.640024E-08  6.704899E-06  6.436239E-11  2.606975E-10  4.409209E-11  8.436617E-04  4.680646E-08  6.643247E-10  5.517379E-10  5.348621E-06  7.271843E-06  2.028024E-08  1.588368E-09  2.067412E-09  1.601588E-09
 3.581500E+02  4.396459E-03  2.946602E-07  3.227788E-12  4.330260E-12  4.840860E-12  5.892322E-12  5.215997E-03  7.004268E-07  1.707090E-10  2.347291E-02  5.882651E-05  2.614170E-07  4.531070E-08  6.604201E-06  6.184241E-11  2.509750E-10  4.279752E-11  8.327553E-04  4.511367E-08  6.475128E-10  5.375031E-10  5.266332E-06  7.160037E-06  1.935163E-08  1.514871E-09  1.972270E-09  1.540687E-09
 3.591500E+02  4.391304E-03  2.921407E-07  3.154723E-12  4.233061E-12  4.732401E-12  5.761372E-12  5.200332E-03  6.892651E-07  1.627399E-10  2.341109E-02  5.793279E-05  2.495546E-07  4.425300E-08  6.505504E-06  5.943458E-11  2.416675E-10  4.154734E-11  8.220388E-04  4.349076E-08  6.312059E-10  5.237031E-10  5.185777E-06  7.050589E-06  1.847053E-08  1.445176E-09  1.882027E-09  1.482420E-09
 3.601500E+02  4.386071E-03  2.896484E-07  3.083610E-12  4.138439E-12  4.626812E-12  5.633863E-12  5.184771E-03  6.783478E-07  1.551872E-10  2.334955E-02  5.705747E-05  2.382926E-07  4.322607E-08  6.408763E-06  5.713338E-11  2.327552E-10  4.033985E-11  8.115084E-04  4.193454E-08  6.153868E-10  5.103228E-10  5.106912E-06  6.943438E-06  1.763426E-08  1.379069E-09  1.796408E-09  1.426662E-09
 3.611500E+02  4.380763E-03  2.871832E-07  3.014391E-12  4.046318E-12  4.524011E-12  5.509695E-12  5.169313E-03  6.676683E-07  1.480269E-10  2.328830E-02  5.620008E-05  2.275978E-07  4.222884E-08  6.313931E-06  5.493356E-11  2.242195E-10  3.917342E-11  8.011604E-04  4.044195E-08  6.000393E-10  4.973480E-10  5.029694E-06  6.838524E-06  1.684032E-08  1.316345E-09  1.715150E-09  1.373291E-09
 3.621500E+02  4.375382E-03  2.847447E-07  2.947010E-12  3.956626E-12  4.423915E-12  5.388773E-12  5.153957E-03  6.572202E-07  1.412366E-10  2.322734E-02  5.536017E-05  2.174389E-07  4.126033E-08  6.220964E-06  5.283017E-11  2.160425E-10  3.804649E-11  7.909910E-04  3.901011E-08  5.851474E-10  4.847648E-10  4.954080E-06  6.735790E-06  1.608636E-08  1.256816E-09  1.638011E-09  1.322196E-09
 3.631500E+02  4.369930E-03  2.823330E-07  2.881415E-12  3.869292E-12  4.326447E-12  5.271002E-12  5.138701E-03  6.469973E-07  1.347954E-10  2.316665E-02  5.453731E-05  2.077863E-07  4.031956E-08  6.129818E-06  5.081853E-11  2.082076E-10  3.695755E-11  7.809967E-04  3.763627E-08  5.706960E-10  4.725599E-10  4.880030E-06  6.635182E-06  1.537016E-08  1.200301E-09  1.564761E-09  1.273267E-09
 3.641500E+02  4.364411E-03  2.799476E-07  2.817552E-12  3.784249E-12  4.231531E-12  5.156293E-12  5.123544E-03  6.369938E-07  1.286834E-10  2.310625E-02  5.373107E-05  1.986125E-07  3.940561E-08  6.040452E-06  4.889418E-11  2.006988E-10  3.590516E-11  7.711739E-04  3.631781E-08  5.566704E-10  4.607206E-10  4.807503E-06  6.536644E-06  1.468966E-08  1.146634E-09  1.495183E-09  1.226404E-09
 3.651500E+02  4.358826E-03  2.775884E-07  2.755372E-12  3.701429E-12  4.139092E-12  5.044557E-12  5.108487E-03  6.272037E-07  1.228822E-10  2.304613E-02  5.294106E-05  1.898914E-07  3.851757E-08  5.952824E-06  4.705293E-11  1.935009E-10  3.488796E-11  7.615193E-04  3.505226E-08  5.430564E-10  4.492345E-10  4.736462E-06  6.440125E-06  1.404290E-08  1.095656E-09  1.429076E-09  1.181509E-09
 3.661500E+02  4.353177E-03  2.752551E-07  2.694825E-12  3.620768E-12  4.049059E-12  4.935709E-12  5.093526E-03  6.176215E-07  1.173743E-10  2.298628E-02  5.216688E-05  1.815985E-07  3.765460E-08  5.866895E-06  4.529078E-11  1.865995E-10  3.390461E-11  7.520294E-04  3.383725E-08  5.298405E-10  4.380897E-10  4.666869E-06  6.345573E-06  1.342803E-08  1.047220E-09  1.366249E-09  1.138490E-09
 3.671500E+02  4.347466E-03  2.729477E-07  2.635863E-12  3.542204E-12  3.961364E-12  4.829667E-12  5.078662E-03  6.082418E-07  1.121435E-10  2.292672E-02  5.140812E-05  1.737107E-07  3.681587E-08  5.782624E-06  4.360396E-11  1.799811E-10  3.295386E-11  7.427009E-04  3.267053E-08  5.170094E-10  4.272749E-10  4.598687E-06  6.252940E-06  1.284333E-08  1.001185E-09  1.306522E-09  1.097261E-09
 3.681500E+02  4.341697E-03  2.706657E-07  2.578441E-12  3.465677E-12  3.875938E-12  4.726349E-12  5.063893E-03  5.990593E-07  1.071744E-10  2.286743E-02  5.066444E-05  1.662062E-07  3.600057E-08  5.699975E-06  4.198890E-11  1.736327E-10  3.203448E-11  7.335307E-04  3.154997E-08  5.045506E-10  4.167789E-10  4.531882E-06  6.162177E-06  1.228717E-08  9.574210E-10  1.249728E-09  1.057739E-09
 3.691500E+02  4.335870E-03  2.684090E-07  2.522514E-12  3.391128E-12  3.792716E-12  4.625680E-12  5.049218E-03  5.900688E-07  1.024525E-10  2.280842E-02  4.993545E-05  1.590646E-07  3.520793E-08  5.618911E-06  4.044218E-11  1.675419E-10  3.114531E-11  7.245156E-04  3.047352E-08  4.924518E-10  4.065911E-10  4.466420E-06  6.073239E-06  1.175802E-08  9.158045E-10  1.195707E-09  1.019844E-09
 3.701500E+02  4.329987E-03  2.661774E-07  2.468039E-12  3.318499E-12  3.711636E-12  4.527582E-12  5.034636E-03  5.812654E-07  9.796441E-11  2.274968E-02  4.922080E-05  1.522667E-07  3.443723E-08  5.539394E-06  3.896060E-11  1.616971E-10  3.028523E-11  7.156524E-04  2.943927E-08  4.807012E-10  3.967014E-10  4.402267E-06  5.986079E-06  1.125444E-08  8.762194E-10  1.144311E-09  9.835026E-10
 3.711500E+02  4.324051E-03  2.639706E-07  2.414973E-12  3.247737E-12  3.632635E-12  4.431984E-12  5.020147E-03  5.726443E-07  9.369727E-11  2.269121E-02  4.852015E-05  1.457942E-07  3.368775E-08  5.461391E-06  3.754111E-11  1.560872E-10  2.945317E-11  7.069383E-04  2.844536E-08  4.692876E-10  3.870998E-10  4.339391E-06  5.900655E-06  1.077506E-08  8.385566E-10  1.095398E-09  9.486439E-10
 3.721500E+02  4.318064E-03  2.617884E-07  2.363276E-12  3.178787E-12  3.555655E-12  4.338813E-12  5.005749E-03  5.642008E-07  8.963911E-11  2.263301E-02  4.783317E-05  1.396301E-07  3.295880E-08  5.384866E-06  3.618080E-11  1.507017E-10  2.864811E-11  6.983701E-04  2.749003E-08  4.581998E-10  3.777769E-10  4.277761E-06  5.816923E-06  1.031861E-08  8.027131E-10  1.048838E-09  9.152004E-10
 3.731500E+02  4.312027E-03  2.596305E-07  2.312910E-12  3.111598E-12  3.480637E-12  4.248002E-12  4.991441E-03  5.559305E-07  8.577865E-11  2.257508E-02  4.715953E-05  1.337581E-07  3.224973E-08  5.309786E-06  3.487694E-11  1.455305E-10  2.786905E-11  6.899451E-04  2.657162E-08  4.474275E-10  3.687235E-10  4.217346E-06  5.734843E-06  9.883875E-09  7.685922E-10  1.004504E-09  8.831081E-10
 3.741500E+02  4.305942E-03  2.574968E-07  2.263834E-12  3.046119E-12  3.407526E-12  4.159483E-12  4.977223E-03  5.478289E-07  8.210526E-11  2.251742E-02  4.649891E-05  1.281631E-07  3.155989E-08  5.236120E-06  3.362690E-11  1.405640E-10  2.711504E-11  6.816604E-04  2.568853E-08  4.369604E-10  3.599307E-10  4.158117E-06  5.654374E-06  9.469722E-09  7.361026E-10  9.622793E-10  8.523062E-10
 3.751500E+02  4.299811E-03  2.553869E-07  2.216013E-12  2.982302E-12  3.336268E-12  4.073192E-12  4.963093E-03  5.398918E-07  7.860895E-11  2.246003E-02  4.585100E-05  1.228307E-07  3.088867E-08  5.163834E-06  3.242822E-11  1.357932E-10  2.638518E-11  6.735133E-04  2.483925E-08  4.267887E-10  3.513901E-10  4.100045E-06  5.575478E-06  9.075075E-09  7.051583E-10  9.220536E-10  8.227368E-10
 3.761500E+02  4.293635E-03  2.533007E-07  2.169410E-12  2.920100E-12  3.266809E-12  3.989065E-12  4.949051E-03  5.321151E-07  7.528030E-11  2.240291E-02  4.521551E-05  1.177473E-07  3.023549E-08  5.092899E-06  3.127854E-11  1.312094E-10  2.567859E-11  6.655010E-04  2.402233E-08  4.169030E-10  3.430935E-10  4.043103E-06  5.498116E-06  8.698923E-09  6.756782E-10  8.837222E-10  7.943450E-10
 3.771500E+02  4.287417E-03  2.512379E-07  2.123991E-12  2.859466E-12  3.199100E-12  3.907043E-12  4.935095E-03  5.244947E-07  7.211044E-11  2.234604E-02  4.459215E-05  1.129001E-07  2.959978E-08  5.023284E-06  3.017562E-11  1.268045E-10  2.499444E-11  6.576208E-04  2.323639E-08  4.072940E-10  3.350329E-10  3.987264E-06  5.422251E-06  8.340310E-09  6.475858E-10  8.471867E-10  7.670784E-10
 3.781500E+02  4.281158E-03  2.491982E-07  2.079722E-12  2.800357E-12  3.133090E-12  3.827066E-12  4.921225E-03  5.170267E-07  6.909099E-11  2.228944E-02  4.398063E-05  1.082771E-07  2.898097E-08  4.954959E-06  2.911735E-11  1.225706E-10  2.433191E-11  6.498703E-04  2.248012E-08  3.979530E-10  3.272006E-10  3.932500E-06  5.347848E-06  7.998335E-09  6.208092E-10  8.123541E-10  7.408873E-10
 3.791500E+02  4.274859E-03  2.471814E-07  2.036570E-12  2.742729E-12  3.068732E-12  3.749076E-12  4.907440E-03  5.097075E-07  6.621409E-11  2.223310E-02  4.338068E-05  1.038668E-07  2.837856E-08  4.887897E-06  2.810171E-11  1.185002E-10  2.369023E-11  6.422469E-04  2.175226E-08  3.888714E-10  3.195895E-10  3.878786E-06  5.274873E-06  7.672145E-09  5.952803E-10  7.791368E-10  7.157243E-10
 3.801500E+02  4.268522E-03  2.451874E-07  1.994504E-12  2.686540E-12  3.005979E-12  3.673019E-12  4.893738E-03  5.025332E-07  6.347229E-11  2.217703E-02  4.279202E-05  9.965843E-08  2.779201E-08  4.822068E-06  2.712678E-11  1.145864E-10  2.306867E-11  6.347481E-04  2.105163E-08  3.800412E-10  3.121922E-10  3.826099E-06  5.203290E-06  7.360938E-09  5.709349E-10  7.474520E-10  6.915445E-10
 3.811500E+02  4.262149E-03  2.432157E-07  1.953492E-12  2.631750E-12  2.944787E-12  3.598840E-12  4.880120E-03  4.955004E-07  6.085860E-11  2.212120E-02  4.221441E-05  9.564182E-08  2.722085E-08  4.757447E-06  2.619074E-11  1.108223E-10  2.246650E-11  6.273714E-04  2.037708E-08  3.714542E-10  3.050021E-10  3.774412E-06  5.133068E-06  7.063954E-09  5.477123E-10  7.172217E-10  6.683048E-10
 3.821500E+02  4.255741E-03  2.412662E-07  1.913505E-12  2.578321E-12  2.885110E-12  3.526487E-12  4.866584E-03  4.886057E-07  5.836638E-11  2.206564E-02  4.164758E-05  9.180733E-08  2.666460E-08  4.694006E-06  2.529186E-11  1.072015E-10  2.188304E-11  6.201145E-04  1.972753E-08  3.631029E-10  2.980125E-10  3.723704E-06  5.064175E-06  6.780475E-09  5.255555E-10  6.883719E-10  6.459644E-10
 3.831500E+02  4.249299E-03  2.393387E-07  1.874515E-12  2.526212E-12  2.826908E-12  3.455909E-12  4.853130E-03  4.818456E-07  5.598940E-11  2.201034E-02  4.109129E-05  8.814586E-08  2.612279E-08  4.631720E-06  2.442848E-11  1.037178E-10  2.131763E-11  6.129751E-04  1.910193E-08  3.549799E-10  2.912169E-10  3.673951E-06  4.996578E-06  6.509824E-09  5.044103E-10  6.608331E-10  6.244844E-10
 3.841500E+02  4.242825E-03  2.374329E-07  1.836492E-12  2.475389E-12  2.770138E-12  3.387057E-12  4.839756E-03  4.752168E-07  5.372177E-11  2.195528E-02  4.054529E-05  8.464880E-08  2.559500E-08  4.570562E-06  2.359904E-11  1.003656E-10  2.076964E-11  6.059510E-04  1.849930E-08  3.470781E-10  2.846094E-10  3.625130E-06  4.930249E-06  6.251358E-09  4.842257E-10  6.345392E-10  6.038279E-10
 3.851500E+02  4.236320E-03  2.355485E-07  1.799411E-12  2.425815E-12  2.714762E-12  3.319883E-12  4.826462E-03  4.687163E-07  5.155793E-11  2.190048E-02  4.000936E-05  8.130801E-08  2.508077E-08  4.510510E-06  2.280205E-11  9.713908E-11  2.023846E-11  5.990398E-04  1.791870E-08  3.393906E-10  2.781838E-10  3.577221E-06  4.865158E-06  6.004473E-09  4.649535E-10  6.094282E-10  5.839594E-10
 3.861500E+02  4.229786E-03  2.336854E-07  1.763243E-12  2.377455E-12  2.660739E-12  3.254341E-12  4.813247E-03  4.623410E-07  4.949261E-11  2.184594E-02  3.948327E-05  7.811578E-08  2.457972E-08  4.451538E-06  2.203608E-11  9.403306E-11  1.972349E-11  5.922394E-04  1.735921E-08  3.319107E-10  2.719346E-10  3.530202E-06  4.801276E-06  5.768595E-09  4.465479E-10  5.854410E-10  5.648453E-10
 3.871500E+02  4.223223E-03  2.318433E-07  1.727965E-12  2.330275E-12  2.608034E-12  3.190387E-12  4.800110E-03  4.560878E-07  4.752086E-11  2.179164E-02  3.896679E-05  7.506482E-08  2.409143E-08  4.393623E-06  2.129979E-11  9.104247E-11  1.922419E-11  5.855476E-04  1.681998E-08  3.246320E-10  2.658561E-10  3.484053E-06  4.738576E-06  5.543182E-09  4.289661E-10  5.625220E-10  5.464535E-10
 3.881500E+02  4.216634E-03  2.300220E-07  1.693551E-12  2.284243E-12  2.556609E-12  3.127976E-12  4.787051E-03  4.499539E-07  4.563798E-11  2.173759E-02  3.845971E-05  7.214824E-08  2.361553E-08  4.336743E-06  2.059189E-11  8.816248E-11  1.874000E-11  5.789625E-04  1.630019E-08  3.175483E-10  2.599430E-10  3.438753E-06  4.677030E-06  5.327720E-09  4.121670E-10  5.406186E-10  5.287536E-10
 3.891500E+02  4.210019E-03  2.282211E-07  1.659977E-12  2.239328E-12  2.506429E-12  3.067066E-12  4.774068E-03  4.439364E-07  4.383954E-11  2.168379E-02  3.796182E-05  6.935949E-08  2.315164E-08  4.280876E-06  1.991116E-11  8.538848E-11  1.827042E-11  5.724819E-04  1.579904E-08  3.106537E-10  2.541903E-10  3.394284E-06  4.616611E-06  5.121723E-09  3.961123E-10  5.196809E-10  5.117163E-10
 3.901500E+02  4.203380E-03  2.264406E-07  1.627220E-12  2.195497E-12  2.457460E-12  3.007616E-12  4.761162E-03  4.380325E-07  4.212134E-11  2.163024E-02  3.747292E-05  6.669239E-08  2.269941E-08  4.225998E-06  1.925641E-11  8.271608E-11  1.781492E-11  5.661039E-04  1.531580E-08  3.039423E-10  2.485928E-10  3.350627E-06  4.557296E-06  4.924732E-09  3.807653E-10  4.996617E-10  4.953138E-10
 3.911500E+02  4.196717E-03  2.246801E-07  1.595258E-12  2.152723E-12  2.409668E-12  2.949587E-12  4.748331E-03  4.322397E-07  4.047942E-11  2.157693E-02  3.699280E-05  6.414107E-08  2.225849E-08  4.172090E-06  1.862656E-11  8.014111E-11  1.737304E-11  5.598265E-04  1.484973E-08  2.974086E-10  2.431459E-10  3.307763E-06  4.499057E-06  4.736311E-09  3.660915E-10  4.805165E-10  4.795197E-10
 3.921500E+02  4.190032E-03  2.229394E-07  1.564068E-12  2.110975E-12  2.363022E-12  2.892939E-12  4.735574E-03  4.265553E-07  3.891002E-11  2.152386E-02  3.652127E-05  6.169998E-08  2.182853E-08  4.119130E-06  1.802052E-11  7.765954E-11  1.694431E-11  5.536478E-04  1.440015E-08  2.910472E-10  2.378448E-10  3.265674E-06  4.441872E-06  4.556047E-09  3.520582E-10  4.622028E-10  4.643085E-10
 3.931500E+02  4.183325E-03  2.212183E-07  1.533628E-12  2.070226E-12  2.317490E-12  2.837636E-12  4.722891E-03  4.209768E-07  3.740960E-11  2.147104E-02  3.605814E-05  5.936386E-08  2.140923E-08  4.067099E-06  1.743729E-11  7.526758E-11  1.652829E-11  5.475660E-04  1.396642E-08  2.848527E-10  2.326850E-10  3.224343E-06  4.385717E-06  4.383549E-09  3.386344E-10  4.446808E-10  4.496563E-10
 3.941500E+02  4.176599E-03  2.195166E-07  1.503920E-12  2.030448E-12  2.273042E-12  2.783640E-12  4.710281E-03  4.155018E-07  3.597478E-11  2.141845E-02  3.560323E-05  5.712771E-08  2.100027E-08  4.015977E-06  1.687592E-11  7.296157E-11  1.612454E-11  5.415791E-04  1.354789E-08  2.788203E-10  2.276624E-10  3.183753E-06  4.330568E-06  4.218448E-09  3.257909E-10  4.279124E-10  4.355399E-10
 3.951500E+02  4.169854E-03  2.178340E-07  1.474922E-12  1.991615E-12  2.229648E-12  2.730917E-12  4.697743E-03  4.101278E-07  3.460240E-11  2.136611E-02  3.515636E-05  5.498681E-08  2.060135E-08  3.965744E-06  1.633547E-11  7.073803E-11  1.573265E-11  5.356855E-04  1.314397E-08  2.729450E-10  2.227726E-10  3.143888E-06  4.276403E-06  4.060391E-09  3.134997E-10  4.118616E-10  4.219374E-10
 3.961500E+02  4.163091E-03  2.161703E-07  1.446615E-12  1.953701E-12  2.187280E-12  2.679433E-12  4.685277E-03  4.048525E-07  3.328944E-11  2.131401E-02  3.471735E-05  5.293666E-08  2.021217E-08  3.916382E-06  1.581508E-11  6.859364E-11  1.535222E-11  5.298833E-04  1.275409E-08  2.672222E-10  2.180116E-10  3.104732E-06  4.223201E-06  3.909045E-09  3.017345E-10  3.964945E-10  4.088277E-10
 3.971500E+02  4.156311E-03  2.145253E-07  1.418980E-12  1.916682E-12  2.145910E-12  2.629153E-12  4.672882E-03  3.996738E-07  3.203304E-11  2.126214E-02  3.428603E-05  5.097301E-08  1.983245E-08  3.867873E-06  1.531391E-11  6.652521E-11  1.498288E-11  5.241708E-04  1.237769E-08  2.616472E-10  2.133755E-10  3.066268E-06  4.170940E-06  3.764096E-09  2.904705E-10  3.817786E-10  3.961908E-10
 3.981500E+02  4.149515E-03  2.128987E-07  1.391999E-12  1.880533E-12  2.105511E-12  2.580046E-12  4.660558E-03  3.945893E-07  3.083049E-11  2.121051E-02  3.386224E-05  4.909182E-08  1.946192E-08  3.820198E-06  1.483116E-11  6.452971E-11  1.462424E-11  5.185465E-04  1.201425E-08  2.562156E-10  2.088606E-10  3.028482E-06  4.119599E-06  3.625242E-09  2.796838E-10  3.676834E-10  3.840075E-10
 3.991500E+02  4.142704E-03  2.112904E-07  1.365655E-12  1.845231E-12  2.066057E-12  2.532081E-12  4.648303E-03  3.895969E-07  2.967924E-11  2.115911E-02  3.344581E-05  4.728925E-08  1.910032E-08  3.773341E-06  1.436607E-11  6.260423E-11  1.427597E-11  5.130085E-04  1.166328E-08  2.509233E-10  2.044633E-10  2.991359E-06  4.069158E-06  3.492201E-09  2.693521E-10  3.541798E-10  3.722596E-10
