#         T/K            c1          c2-1          c3-4          c3-5          c3-7          c3-9            m1          m2-1          m3-1            w1            w2          w3-1          w3-2          c1m1        c1m2-1        c1m2-7        c2m1-1        c1w1-2        c1w2-1        c2w1-1        c2w1-9        m1w1-1        m1w1-4        m1w2-1        m2w1-1        m2w1-3      c1m1w1-1
 2.731500E+02  1.881610E-03  1.224772E-07  2.814343E-12  3.693893E-12  4.109749E-12  4.900365E-12  3.572019E-02  1.121794E-04  5.070032E-06  6.358718E-03  1.450428E-05  4.486688E-07  6.295303E-09  7.351228E-05  5.851179E-08  1.919958E-07  1.028886E-09  3.016545E-04  5.042403E-08  4.017488E-10  3.527780E-10  3.207778E-05  4.366651E-05  8.307444E-07  1.689719E-06  2.140051E-06  5.212421E-08
 2.741500E+02  1.881160E-03  1.207031E-07  2.701907E-12  3.547519E-12  3.947192E-12  4.708019E-12  3.558989E-02  1.091397E-04  4.666809E-06  6.341783E-03  1.414586E-05  4.148993E-07  6.047711E-09  7.163425E-05  5.458618E-08  1.796947E-07  9.762852E-10  2.951284E-04  4.735241E-08  3.841325E-10  3.370180E-10  3.126230E-05  4.255371E-05  7.674371E-07  1.558445E-06  1.974578E-06  4.876016E-08
 2.751500E+02  1.880570E-03  1.189539E-07  2.594343E-12  3.407437E-12  3.791608E-12  4.523862E-12  3.546047E-02  1.062038E-04  4.298303E-06  6.324811E-03  1.379827E-05  3.838682E-07  5.811311E-09  6.981364E-05  5.094775E-08  1.682566E-07  9.266432E-10  2.887691E-04  4.448461E-08  3.673677E-10  3.220335E-10  3.047268E-05  4.147636E-05  7.093393E-07  1.438202E-06  1.822949E-06  4.563258E-08
 2.761500E+02  1.879845E-03  1.172295E-07  2.491434E-12  3.273366E-12  3.642689E-12  4.347534E-12  3.533193E-02  1.033676E-04  3.961313E-06  6.307808E-03  1.346115E-05  3.553388E-07  5.585544E-09  6.804851E-05  4.757391E-08  1.576162E-07  8.797810E-10  2.825719E-04  4.180614E-08  3.514107E-10  3.077837E-10  2.970799E-05  4.043313E-05  6.559931E-07  1.327996E-06  1.683925E-06  4.272364E-08
 2.771500E+02  1.878988E-03  1.155301E-07  2.392970E-12  3.145041E-12  3.500140E-12  4.178692E-12  3.520428E-02  1.006272E-04  3.652948E-06  6.290779E-03  1.313414E-05  3.290959E-07  5.369883E-09  6.633699E-05  4.444397E-08  1.477134E-07  8.355314E-10  2.765328E-04  3.930359E-08  3.362199E-10  2.942302E-10  2.896732E-05  3.942279E-05  6.069829E-07  1.226932E-06  1.556382E-06  4.001692E-08
 2.781500E+02  1.878005E-03  1.138555E-07  2.298753E-12  3.022205E-12  3.363679E-12  4.017007E-12  3.507749E-02  9.797872E-05  3.370603E-06  6.273730E-03  1.281689E-05  3.049442E-07  5.163826E-09  6.467727E-05  4.153894E-08  1.384932E-07  7.937375E-10  2.706474E-04  3.696458E-08  3.217560E-10  2.813367E-10  2.824978E-05  3.844413E-05  5.619320E-07  1.134196E-06  1.439306E-06  3.749732E-08
 2.791500E+02  1.876900E-03  1.122056E-07  2.208591E-12  2.904616E-12  3.233036E-12  3.862163E-12  3.495157E-02  9.541854E-05  3.111922E-06  6.256664E-03  1.250909E-05  2.827056E-07  4.966900E-09  6.306763E-05  3.884142E-08  1.299046E-07  7.542528E-10  2.649117E-04  3.477762E-08  3.079820E-10  2.690688E-10  2.755455E-05  3.749600E-05  5.204983E-07  1.049054E-06  1.331776E-06  3.515094E-08
 2.801500E+02  1.875676E-03  1.105805E-07  2.122303E-12  2.792039E-12  3.107951E-12  3.713861E-12  3.482651E-02  9.294321E-05  2.874778E-06  6.239586E-03  1.221040E-05  2.622185E-07  4.778656E-09  6.150638E-05  3.633546E-08  1.219009E-07  7.169397E-10  2.593217E-04  3.273210E-08  2.948624E-10  2.573941E-10  2.688082E-05  3.657729E-05  4.823708E-07  9.708389E-07  1.232957E-06  3.296497E-08
 2.811500E+02  1.874338E-03  1.089800E-07  2.039716E-12  2.684252E-12  2.988180E-12  3.571810E-12  3.470231E-02  9.054940E-05  2.657245E-06  6.222501E-03  1.192052E-05  2.433354E-07  4.598670E-09  5.999191E-05  3.400638E-08  1.144391E-07  6.816694E-10  2.538735E-04  3.081819E-08  2.823641E-10  2.462817E-10  2.622781E-05  3.568695E-05  4.472673E-07  8.989468E-07  1.142093E-06  3.092761E-08
 2.821500E+02  1.872890E-03  1.074040E-07  1.960662E-12  2.581042E-12  2.873485E-12  3.435737E-12  3.457897E-02  8.823397E-05  2.457584E-06  6.205413E-03  1.163916E-05  2.259221E-07  4.426539E-09  5.852265E-05  3.184072E-08  1.074796E-07  6.483213E-10  2.485632E-04  2.902679E-08  2.704555E-10  2.357027E-10  2.559479E-05  3.482394E-05  4.149309E-07  8.328293E-07  1.058495E-06  2.902798E-08
 2.831500E+02  1.871336E-03  1.058524E-07  1.884984E-12  2.482204E-12  2.763641E-12  3.305378E-12  3.445646E-02  8.599386E-05  2.274216E-06  6.188324E-03  1.136603E-05  2.098563E-07  4.261881E-09  5.709709E-05  2.982613E-08  1.009857E-07  6.167822E-10  2.433872E-04  2.734945E-08  2.591066E-10  2.256294E-10  2.498104E-05  3.398729E-05  3.851279E-07  7.719888E-07  9.815417E-07  2.725606E-08
 2.841500E+02  1.869680E-03  1.043249E-07  1.812530E-12  2.387545E-12  2.658433E-12  3.180482E-12  3.433480E-02  8.382620E-05  2.105714E-06  6.171239E-03  1.110086E-05  1.950265E-07  4.104336E-09  5.571379E-05  2.795122E-08  9.492364E-08  5.869460E-10  2.383418E-04  2.577835E-08  2.482892E-10  2.160359E-10  2.438588E-05  3.317607E-05  3.576455E-07  7.159733E-07  9.106647E-07  2.560260E-08
 2.851500E+02  1.867925E-03  1.028214E-07  1.743155E-12  2.296879E-12  2.557654E-12  3.060806E-12  3.421397E-02  8.172821E-05  1.950782E-06  6.154162E-03  1.084337E-05  1.813310E-07  3.953560E-09  5.437133E-05  2.620554E-08  8.926245E-08  5.587132E-10  2.334235E-04  2.430625E-08  2.379763E-10  2.068976E-10  2.380865E-05  3.238937E-05  3.322901E-07  6.643719E-07  8.453489E-07  2.405905E-08
 2.861500E+02  1.866074E-03  1.013417E-07  1.676721E-12  2.210027E-12  2.461109E-12  2.946122E-12  3.409397E-02  7.969724E-05  1.808246E-06  6.137095E-03  1.059332E-05  1.686768E-07  3.809230E-09  5.306837E-05  2.457948E-08  8.397336E-08  5.319906E-10  2.286289E-04  2.292642E-08  2.281428E-10  1.981912E-10  2.324872E-05  3.162631E-05  3.088851E-07  6.168112E-07  7.851257E-07  2.261754E-08
 2.871500E+02  1.864133E-03  9.988563E-08  1.613096E-12  2.126820E-12  2.368609E-12  2.836209E-12  3.397479E-02  7.773076E-05  1.677039E-06  6.120041E-03  1.035046E-05  1.569793E-07  3.671037E-09  5.180360E-05  2.306417E-08  7.902987E-08  5.066906E-10  2.239545E-04  2.163263E-08  2.187644E-10  1.898945E-10  2.270549E-05  3.088608E-05  2.872695E-07  5.729511E-07  7.295681E-07  2.127078E-08
 2.881500E+02  1.862102E-03  9.845297E-08  1.552155E-12  2.047097E-12  2.279975E-12  2.730858E-12  3.385642E-02  7.582634E-05  1.556192E-06  6.103003E-03  1.011455E-05  1.461609E-07  3.538691E-09  5.057576E-05  2.165145E-08  7.440748E-08  4.827311E-10  2.193972E-04  2.041907E-08  2.098185E-10  1.819869E-10  2.217836E-05  3.016786E-05  2.672966E-07  5.324822E-07  6.782876E-07  2.001206E-08
 2.891500E+02  1.859987E-03  9.704348E-08  1.493777E-12  1.970702E-12  2.195036E-12  2.629868E-12  3.373886E-02  7.398166E-05  1.444825E-06  6.085985E-03  9.885357E-06  1.361508E-07  3.411913E-09  4.938364E-05  2.033383E-08  7.008358E-08  4.600350E-10  2.149537E-04  1.928039E-08  2.012834E-10  1.744485E-10  2.166679E-05  2.947090E-05  2.488322E-07  4.951227E-07  6.309301E-07  1.883515E-08
 2.901500E+02  1.857791E-03  9.565693E-08  1.437848E-12  1.897488E-12  2.113627E-12  2.533046E-12  3.362211E-02  7.219449E-05  1.342138E-06  6.068988E-03  9.662666E-06  1.268843E-07  3.290443E-09  4.822605E-05  1.910436E-08  6.603724E-08  4.385299E-10  2.106210E-04  1.821159E-08  1.931387E-10  1.672606E-10  2.117022E-05  2.879444E-05  2.317541E-07  4.606155E-07  5.871728E-07  1.773431E-08
 2.911500E+02  1.855516E-03  9.429307E-08  1.384259E-12  1.827313E-12  2.035592E-12  2.440211E-12  3.350614E-02  7.046272E-05  1.247402E-06  6.052015E-03  9.446264E-06  1.183022E-07  3.174030E-09  4.710188E-05  1.795668E-08  6.224912E-08  4.181479E-10  2.063960E-04  1.720803E-08  1.853650E-10  1.604056E-10  2.068815E-05  2.813779E-05  2.159503E-07  4.287265E-07  5.467209E-07  1.670422E-08
 2.921500E+02  1.853165E-03  9.295165E-08  1.332904E-12  1.760044E-12  1.960783E-12  2.351186E-12  3.339097E-02  6.878429E-05  1.159955E-06  6.035069E-03  9.235944E-06  1.103503E-07  3.062439E-09  4.601003E-05  1.688488E-08  5.870131E-08  3.988253E-10  2.022757E-04  1.626540E-08  1.779439E-10  1.538668E-10  2.022008E-05  2.750026E-05  2.013188E-07  3.992419E-07  5.093059E-07  1.573997E-08
 2.931500E+02  1.850742E-03  9.163240E-08  1.283684E-12  1.695552E-12  1.889057E-12  2.265805E-12  3.327657E-02  6.715726E-05  1.079192E-06  6.018151E-03  9.031509E-06  1.029788E-07  2.955446E-09  4.494945E-05  1.588353E-08  5.537726E-08  3.805019E-10  1.982574E-04  1.537971E-08  1.708581E-10  1.476282E-10  1.976553E-05  2.688120E-05  1.877660E-07  3.719665E-07  4.746821E-07  1.483700E-08
 2.941500E+02  1.848249E-03  9.033506E-08  1.236504E-12  1.633713E-12  1.820278E-12  2.183908E-12  3.316295E-02  6.557975E-05  1.004562E-06  6.001265E-03  8.832769E-06  9.614236E-08  2.852838E-09  4.391911E-05  1.494762E-08  5.226161E-08  3.631217E-10  1.943383E-04  1.454723E-08  1.640912E-10  1.416750E-10  1.932404E-05  2.627997E-05  1.752064E-07  3.467221E-07  4.426252E-07  1.399109E-08
 2.951500E+02  1.845689E-03  8.905935E-08  1.191274E-12  1.574411E-12  1.754316E-12  2.105343E-12  3.305009E-02  6.404998E-05  9.355635E-07  5.984411E-03  8.639539E-06  8.979921E-08  2.754413E-09  4.291804E-05  1.407250E-08  4.934015E-08  3.466315E-10  1.905156E-04  1.376450E-08  1.576273E-10  1.359928E-10  1.889517E-05  2.569597E-05  1.635618E-07  3.233458E-07  4.129302E-07  1.319833E-08
 2.961500E+02  1.843066E-03  8.780501E-08  1.147907E-12  1.517535E-12  1.691047E-12  2.029964E-12  3.293800E-02  6.256621E-05  8.717384E-07  5.967591E-03  8.451642E-06  8.391114E-08  2.659979E-09  4.194529E-05  1.325389E-08  4.659971E-08  3.309818E-10  1.867867E-04  1.302829E-08  1.514518E-10  1.305682E-10  1.847849E-05  2.512861E-05  1.527603E-07  3.016887E-07  3.854095E-07  1.245512E-08
 2.971500E+02  1.840380E-03  8.657173E-08  1.106320E-12  1.462976E-12  1.630352E-12  1.957632E-12  3.282666E-02  6.112680E-05  8.126680E-07  5.950808E-03  8.268907E-06  7.844306E-08  2.569353E-09  4.099996E-05  1.248784E-08  4.402808E-08  3.161256E-10  1.831491E-04  1.233560E-08  1.455506E-10  1.253885E-10  1.807359E-05  2.457734E-05  1.427363E-07  2.816144E-07  3.598914E-07  1.175808E-08
 2.981500E+02  1.837636E-03  8.535924E-08  1.066434E-12  1.410634E-12  1.572120E-12  1.888215E-12  3.271606E-02  5.973018E-05  7.579702E-07  5.934064E-03  8.091169E-06  7.336277E-08  2.482364E-09  4.008114E-05  1.177067E-08  4.161394E-08  3.020191E-10  1.796003E-04  1.168365E-08  1.399104E-10  1.204416E-10  1.768008E-05  2.404162E-05  1.334294E-07  2.629983E-07  3.362188E-07  1.110411E-08
 2.991500E+02  1.834835E-03  8.416725E-08  1.028175E-12  1.360412E-12  1.516242E-12  1.821585E-12  3.260620E-02  5.837482E-05  7.072957E-07  5.917359E-03  7.918270E-06  6.864070E-08  2.398846E-09  3.918801E-05  1.109901E-08  3.934677E-08  2.886209E-10  1.761378E-04  1.106984E-08  1.345185E-10  1.157160E-10  1.729759E-05  2.352092E-05  1.247845E-07  2.457261E-07  3.142477E-07  1.049033E-08
 3.001500E+02  1.831980E-03  8.299546E-08  9.914705E-13  1.312215E-12  1.462615E-12  1.757623E-12  3.249708E-02  5.705927E-05  6.603250E-07  5.900696E-03  7.750054E-06  6.424967E-08  2.318643E-09  3.831972E-05  1.046971E-08  3.721682E-08  2.758921E-10  1.727593E-04  1.049173E-08  1.293630E-10  1.112010E-10  1.692574E-05  2.301475E-05  1.167508E-07  2.296932E-07  2.938460E-07  9.914038E-09
 3.011500E+02  1.829074E-03  8.184359E-08  9.562523E-13  1.265957E-12  1.411141E-12  1.696211E-12  3.238869E-02  5.578213E-05  6.167657E-07  5.884075E-03  7.586376E-06  6.016473E-08  2.241607E-09  3.747550E-05  9.879873E-09  3.521503E-08  2.637960E-10  1.694625E-04  9.947079E-09  1.244325E-10  1.068862E-10  1.656419E-05  2.252263E-05  1.092817E-07  2.148035E-07  2.748928E-07  9.372762E-09
 3.021500E+02  1.826117E-03  8.071133E-08  9.224551E-13  1.221553E-12  1.361726E-12  1.637240E-12  3.228101E-02  5.454206E-05  5.763502E-07  5.867499E-03  7.427091E-06  5.636289E-08  2.167596E-09  3.665458E-05  9.326804E-09  3.333300E-08  2.522981E-10  1.662453E-04  9.433777E-09  1.197162E-10  1.027618E-10  1.621260E-05  2.204410E-05  1.023345E-07  2.009692E-07  2.572770E-07  8.864187E-09
 3.031500E+02  1.823114E-03  7.959839E-08  8.900167E-13  1.178921E-12  1.314282E-12  1.580605E-12  3.217404E-02  5.333778E-05  5.388333E-07  5.850968E-03  7.272062E-06  5.282304E-08  2.096477E-09  3.585621E-05  8.808012E-09  3.156289E-08  2.413661E-10  1.631053E-04  8.949862E-09  1.152039E-10  9.881879E-11  1.587064E-05  2.157871E-05  9.586977E-08  1.881095E-07  2.408966E-07  8.386164E-09
 3.041500E+02  1.820064E-03  7.850447E-08  8.588777E-13  1.137985E-12  1.268721E-12  1.526205E-12  3.206779E-02  5.216806E-05  5.039903E-07  5.834484E-03  7.121156E-06  4.952573E-08  2.028120E-09  3.507969E-05  8.321185E-09  2.989744E-08  2.309693E-10  1.600406E-04  8.493503E-09  1.108860E-10  9.504825E-11  1.553800E-05  2.112603E-05  8.985141E-08  1.761501E-07  2.256580E-07  7.936697E-09
 3.051500E+02  1.816972E-03  7.742928E-08  8.289813E-13  1.098672E-12  1.224964E-12  1.473944E-12  3.196223E-02  5.103169E-05  4.716152E-07  5.818048E-03  6.974244E-06  4.645306E-08  1.962406E-09  3.432433E-05  7.864177E-09  2.832989E-08  2.210791E-10  1.570491E-04  8.062991E-09  1.067531E-10  9.144192E-11  1.521438E-05  2.068566E-05  8.424614E-08  1.650230E-07  2.114753E-07  7.513930E-09
 3.061500E+02  1.813839E-03  7.637253E-08  8.002736E-13  1.060911E-12  1.182932E-12  1.423730E-12  3.185736E-02  4.992756E-05  4.415189E-07  5.801660E-03  6.831203E-06  4.358853E-08  1.899218E-09  3.358946E-05  7.435001E-09  2.685395E-08  2.116682E-10  1.541287E-04  7.656732E-09  1.027966E-10  8.799192E-11  1.489949E-05  2.025718E-05  7.902336E-08  1.546656E-07  1.982692E-07  7.116137E-09
 3.071500E+02  1.810666E-03  7.533391E-08  7.727029E-13  1.024636E-12  1.142551E-12  1.375476E-12  3.175319E-02  4.885455E-05  4.135278E-07  5.785323E-03  6.691913E-06  4.091695E-08  1.838445E-09  3.287443E-05  7.031808E-09  2.546377E-08  2.027111E-10  1.512777E-04  7.273238E-09  9.900822E-11  8.469081E-11  1.459305E-05  1.984023E-05  7.415489E-08  1.450203E-07  1.859671E-07  6.741711E-09
 3.081500E+02  1.807455E-03  7.431313E-08  7.462200E-13  9.897816E-13  1.103751E-12  1.329098E-12  3.164969E-02  4.781162E-05  3.874827E-07  5.769037E-03  6.556259E-06  3.842429E-08  1.779985E-09  3.217864E-05  6.652885E-09  2.415390E-08  1.941838E-10  1.484941E-04  6.911117E-09  9.537998E-11  8.153148E-11  1.429478E-05  1.943443E-05  6.961475E-08  1.360342E-07  1.745020E-07  6.389157E-09
 3.091500E+02  1.804209E-03  7.330989E-08  7.207780E-13  9.562883E-13  1.066462E-12  1.284517E-12  3.154686E-02  4.679776E-05  3.632371E-07  5.752803E-03  6.424129E-06  3.609763E-08  1.723736E-09  3.150148E-05  6.296639E-09  2.291925E-08  1.860635E-10  1.457761E-04  6.569070E-09  9.190445E-11  7.850722E-11  1.400444E-05  1.903942E-05  6.537903E-08  1.276586E-07  1.638123E-07  6.057082E-09
 3.101500E+02  1.800928E-03  7.232392E-08  6.963319E-13  9.240974E-13  1.030622E-12  1.241655E-12  3.144471E-02  4.581200E-05  3.406563E-07  5.736622E-03  6.295416E-06  3.392504E-08  1.669603E-09  3.084238E-05  5.961589E-09  2.175511E-08  1.783289E-10  1.431219E-04  6.245882E-09  8.857452E-11  7.561166E-11  1.372177E-05  1.865487E-05  6.142566E-08  1.198485E-07  1.538413E-07  5.744189E-09
 3.111500E+02  1.797616E-03  7.135491E-08  6.728391E-13  8.931532E-13  9.961671E-13  1.200441E-12  3.134321E-02  4.485340E-05  3.196166E-07  5.720494E-03  6.170015E-06  3.189551E-08  1.617497E-09  3.020077E-05  5.646358E-09  2.065705E-08  1.709597E-10  1.405299E-04  5.940419E-09  8.538344E-11  7.283873E-11  1.344652E-05  1.828044E-05  5.773429E-08  1.125627E-07  1.445365E-07  5.449269E-09
 3.121500E+02  1.794272E-03  7.040258E-08  6.502586E-13  8.634029E-13  9.630399E-13  1.160804E-12  3.124237E-02  4.392107E-05  3.000039E-07  5.704421E-03  6.047826E-06  2.999886E-08  1.567330E-09  2.957612E-05  5.349668E-09  1.962098E-08  1.639369E-10  1.379983E-04  5.651619E-09  8.232481E-11  7.018270E-11  1.317848E-05  1.791583E-05  5.428614E-08  1.057630E-07  1.358498E-07  5.171196E-09
 3.131500E+02  1.790899E-03  6.946664E-08  6.285517E-13  8.347957E-13  9.311836E-13  1.122679E-12  3.114218E-02  4.301413E-05  2.817135E-07  5.688403E-03  5.928753E-06  2.822570E-08  1.519022E-09  2.896790E-05  5.070326E-09  1.864305E-08  1.572425E-10  1.355255E-04  5.378488E-09  7.939253E-11  6.763811E-11  1.291740E-05  1.756071E-05  5.106388E-08  9.941433E-08  1.277367E-07  4.908919E-09
 3.141500E+02  1.787499E-03  6.854682E-08  6.076809E-13  8.072832E-13  9.005447E-13  1.086001E-12  3.104264E-02  4.213176E-05  2.646487E-07  5.672441E-03  5.812702E-06  2.656734E-08  1.472492E-09  2.837562E-05  4.807225E-09  1.771969E-08  1.508596E-10  1.331100E-04  5.120097E-09  7.658082E-11  6.519977E-11  1.266307E-05  1.721479E-05  4.805149E-08  9.348426E-08  1.201562E-07  4.661458E-09
 3.151500E+02  1.784072E-03  6.764283E-08  5.876109E-13  7.808193E-13  8.710719E-13  1.050710E-12  3.094372E-02  4.127316E-05  2.487204E-07  5.656536E-03  5.699582E-06  2.501575E-08  1.427668E-09  2.779879E-05  4.559332E-09  1.684756E-08  1.447721E-10  1.307502E-04  4.875576E-09  7.388416E-11  6.286277E-11  1.241530E-05  1.687780E-05  4.523417E-08  8.794289E-08  1.130703E-07  4.427898E-09
 3.161500E+02  1.780621E-03  6.675439E-08  5.683077E-13  7.553599E-13  8.427160E-13  1.016749E-12  3.084544E-02  4.043755E-05  2.338465E-07  5.640687E-03  5.589305E-06  2.356349E-08  1.384477E-09  2.723693E-05  4.325687E-09  1.602353E-08  1.389649E-10  1.284447E-04  4.644110E-09  7.129734E-11  6.062244E-11  1.217387E-05  1.654944E-05  4.259824E-08  8.276259E-08  1.064440E-07  4.207387E-09
 3.171500E+02  1.777146E-03  6.588123E-08  5.497389E-13  7.308628E-13  8.154305E-13  9.840615E-13  3.074779E-02  3.962420E-05  2.199514E-07  5.624896E-03  5.481788E-06  2.220369E-08  1.342853E-09  2.668960E-05  4.105394E-09  1.524470E-08  1.334238E-10  1.261920E-04  4.424936E-09  6.881537E-11  5.847433E-11  1.193859E-05  1.622947E-05  4.013106E-08  7.791787E-08  1.002450E-07  3.999126E-09
 3.181500E+02  1.773648E-03  6.502308E-08  5.318738E-13  7.072878E-13  7.891706E-13  9.525952E-13  3.065075E-02  3.883239E-05  2.069650E-07  5.609163E-03  5.376949E-06  2.092998E-08  1.302729E-09  2.615636E-05  3.897617E-09  1.450835E-08  1.281352E-10  1.239907E-04  4.217339E-09  6.643354E-11  5.641422E-11  1.170927E-05  1.591762E-05  3.782092E-08  7.338514E-08  9.444350E-08  3.802371E-09
 3.191500E+02  1.770130E-03  6.417968E-08  5.146826E-13  6.845966E-13  7.638936E-13  9.222993E-13  3.055433E-02  3.806144E-05  1.948229E-07  5.593489E-03  5.274708E-06  1.973647E-08  1.264044E-09  2.563677E-05  3.701578E-09  1.381192E-08  1.230864E-10  1.218394E-04  4.020650E-09  6.414734E-11  5.443810E-11  1.148573E-05  1.561365E-05  3.565699E-08  6.914261E-08  8.901171E-08  3.616427E-09
 3.201500E+02  1.766592E-03  6.335075E-08  4.981374E-13  6.627523E-13  7.395587E-13  8.931258E-13  3.045852E-02  3.731068E-05  1.834656E-07  5.577874E-03  5.174990E-06  1.861768E-08  1.226740E-09  2.513044E-05  3.516552E-09  1.315304E-08  1.182653E-10  1.197369E-04  3.834239E-09  6.195249E-11  5.254217E-11  1.126781E-05  1.531731E-05  3.362923E-08  6.517010E-08  8.392408E-08  3.440643E-09
 3.211500E+02  1.763036E-03  6.253603E-08  4.822111E-13  6.417199E-13  7.161270E-13  8.650284E-13  3.036331E-02  3.657947E-05  1.728378E-07  5.562318E-03  5.077721E-06  1.756854E-08  1.190759E-09  2.463697E-05  3.341860E-09  1.252948E-08  1.136606E-10  1.176818E-04  3.657518E-09  5.984492E-11  5.072279E-11  1.105532E-05  1.502839E-05  3.172835E-08  6.144898E-08  7.915693E-08  3.274411E-09
 3.221500E+02  1.759463E-03  6.173528E-08  4.668781E-13  6.214658E-13  6.935613E-13  8.379630E-13  3.026869E-02  3.586721E-05  1.628887E-07  5.546822E-03  4.982829E-06  1.658438E-08  1.156049E-09  2.415597E-05  3.176870E-09  1.193915E-08  1.092614E-10  1.156729E-04  3.489934E-09  5.782077E-11  4.897652E-11  1.084811E-05  1.474664E-05  2.994573E-08  5.796196E-08  7.468834E-08  3.117162E-09
 3.231500E+02  1.755873E-03  6.094822E-08  4.521138E-13  6.019582E-13  6.718259E-13  8.118875E-13  3.017467E-02  3.517329E-05  1.535712E-07  5.531386E-03  4.890245E-06  1.566081E-08  1.122558E-09  2.368707E-05  3.020991E-09  1.138012E-08  1.050576E-10  1.137090E-04  3.330969E-09  5.587634E-11  4.730009E-11  1.064602E-05  1.447187E-05  2.827341E-08  5.469304E-08  7.049798E-08  2.968365E-09
 3.241500E+02  1.752268E-03  6.017462E-08  4.378947E-13  5.831663E-13  6.508869E-13  7.867616E-13  3.008123E-02  3.449715E-05  1.448416E-07  5.516011E-03  4.799904E-06  1.479381E-08  1.090237E-09  2.322993E-05  2.873671E-09  1.085055E-08  1.010395E-10  1.117890E-04  3.180136E-09  5.400812E-11  4.569038E-11  1.044889E-05  1.420386E-05  2.670396E-08  5.162741E-08  6.656702E-08  2.827520E-09
 3.251500E+02  1.748649E-03  5.941423E-08  4.241984E-13  5.650609E-13  6.307118E-13  7.625467E-13  2.998837E-02  3.383824E-05  1.366598E-07  5.500697E-03  4.711740E-06  1.397961E-08  1.059039E-09  2.278418E-05  2.734395E-09  1.034874E-08  9.719801E-11  1.099116E-04  3.036978E-09  5.221278E-11  4.414442E-11  1.025659E-05  1.394242E-05  2.523051E-08  4.875133E-08  6.287801E-08  2.694163E-09
 3.261500E+02  1.745016E-03  5.866680E-08  4.110034E-13  5.476140E-13  6.112694E-13  7.392061E-13  2.989609E-02  3.319603E-05  1.289882E-07  5.485443E-03  4.625691E-06  1.321472E-08  1.028919E-09  2.234950E-05  2.602681E-09  9.873074E-09  9.352451E-11  1.080757E-04  2.901066E-09  5.048713E-11  4.265938E-11  1.006897E-05  1.368735E-05  2.384670E-08  4.605205E-08  5.941475E-08  2.567855E-09
 3.271500E+02  1.741372E-03  5.793209E-08  3.982894E-13  5.307990E-13  5.925302E-13  7.167044E-13  2.980437E-02  3.257000E-05  1.217922E-07  5.470251E-03  4.541696E-06  1.249592E-08  9.998353E-10  2.192556E-05  2.478078E-09  9.422059E-09  9.001080E-11  1.062804E-04  2.771996E-09  4.882814E-11  4.123259E-11  9.885887E-06  1.343846E-05  2.254659E-08  4.351777E-08  5.616220E-08  2.448188E-09
 3.281500E+02  1.737716E-03  5.720987E-08  3.860367E-13  5.145902E-13  5.744656E-13  6.950079E-13  2.971322E-02  3.195967E-05  1.150398E-07  5.455121E-03  4.459698E-06  1.182017E-08  9.717463E-10  2.151205E-05  2.360164E-09  8.994283E-09  8.664915E-11  1.045245E-04  2.649389E-09  4.723293E-11  3.986148E-11  9.707217E-06  1.319557E-05  2.132468E-08  4.113750E-08  5.310643E-08  2.334779E-09
 3.291500E+02  1.734050E-03  5.649990E-08  3.742267E-13  4.989633E-13  5.570486E-13  6.740846E-13  2.962263E-02  3.136455E-05  1.087012E-07  5.440052E-03  4.379639E-06  1.118470E-08  9.446130E-10  2.110867E-05  2.248544E-09  8.588427E-09  8.343221E-11  1.028070E-04  2.532890E-09  4.569874E-11  3.854363E-11  9.532830E-06  1.295851E-05  2.017587E-08  3.890106E-08  5.023446E-08  2.227268E-09
 3.301500E+02  1.730374E-03  5.580196E-08  3.628414E-13  4.838948E-13  5.402531E-13  6.539034E-13  2.953259E-02  3.078419E-05  1.027488E-07  5.425045E-03  4.301465E-06  1.058688E-08  9.183982E-10  2.071513E-05  2.142850E-09  8.203252E-09  8.035305E-11  1.011269E-04  2.422164E-09  4.422297E-11  3.727670E-11  9.362602E-06  1.272711E-05  1.909539E-08  3.679900E-08  4.753426E-08  2.125317E-09
 3.311500E+02  1.726690E-03  5.511582E-08  3.518637E-13  4.693624E-13  5.240544E-13  6.344350E-13  2.944310E-02  3.021815E-05  9.715692E-08  5.410100E-03  4.225124E-06  1.002429E-08  8.930661E-10  2.033113E-05  2.042736E-09  7.837593E-09  7.740508E-11  9.948331E-05  2.316895E-09  4.280310E-11  3.605850E-11  9.196413E-06  1.250121E-05  1.807882E-08  3.482252E-08  4.499464E-08  2.028611E-09
 3.321500E+02  1.722997E-03  5.444127E-08  3.412773E-13  4.553447E-13  5.084286E-13  6.156510E-13  2.935416E-02  2.966599E-05  9.190181E-08  5.395217E-03  4.150563E-06  9.494688E-09  8.685825E-10  1.995642E-05  1.947877E-09  7.490359E-09  7.458207E-11  9.787526E-05  2.216788E-09  4.143677E-11  3.488693E-11  9.034149E-06  1.228065E-05  1.712206E-08  3.296346E-08  4.260520E-08  1.936852E-09
 3.331500E+02  1.719298E-03  5.377808E-08  3.310665E-13  4.418213E-13  4.933530E-13  5.975245E-13  2.926575E-02  2.912730E-05  8.696135E-08  5.380396E-03  4.077734E-06  8.995961E-09  8.449147E-10  1.959072E-05  1.857970E-09  7.160524E-09  7.187809E-11  9.630185E-05  2.121562E-09  4.012169E-11  3.375997E-11  8.875697E-06  1.206528E-05  1.622127E-08  3.121422E-08  4.035626E-08  1.849763E-09
 3.341500E+02  1.715592E-03  5.312603E-08  3.212164E-13  4.287725E-13  4.788059E-13  5.800296E-13  2.917788E-02  2.860169E-05  8.231501E-08  5.365638E-03  4.006588E-06  8.526156E-09  8.220316E-10  1.923377E-05  1.772730E-09  6.847125E-09  6.928754E-11  9.476218E-05  2.030956E-09  3.885571E-11  3.267572E-11  8.720949E-06  1.185495E-05  1.537288E-08  2.956773E-08  3.823881E-08  1.767081E-09
 3.351500E+02  1.711881E-03  5.248493E-08  3.117127E-13  4.161798E-13  4.647664E-13  5.631416E-13  2.909054E-02  2.808877E-05  7.794370E-08  5.350941E-03  3.937078E-06  8.083449E-09  7.999031E-10  1.888533E-05  1.691891E-09  6.549256E-09  6.680509E-11  9.325542E-05  1.944723E-09  3.763676E-11  3.163235E-11  8.569802E-06  1.164952E-05  1.457359E-08  2.801740E-08  3.624447E-08  1.688561E-09
 3.361500E+02  1.708164E-03  5.185457E-08  3.025417E-13  4.040251E-13  4.512146E-13  5.468368E-13  2.900372E-02  2.758817E-05  7.382965E-08  5.336308E-03  3.869161E-06  7.666139E-09  7.785005E-10  1.854516E-05  1.615202E-09  6.266067E-09  6.442572E-11  9.178071E-05  1.862629E-09  3.646288E-11  3.062814E-11  8.422153E-06  1.144884E-05  1.382029E-08  2.655713E-08  3.436543E-08  1.613972E-09
 3.371500E+02  1.704444E-03  5.123473E-08  2.936903E-13  3.922913E-13  4.381314E-13  5.310925E-13  2.891743E-02  2.709953E-05  6.995635E-08  5.321736E-03  3.802791E-06  7.272642E-09  7.577964E-10  1.821302E-05  1.542429E-09  5.996756E-09  6.214461E-11  9.033727E-05  1.784456E-09  3.533218E-11  2.966143E-11  8.277905E-06  1.125280E-05  1.311009E-08  2.518120E-08  3.259443E-08  1.543098E-09
 3.381500E+02  1.700720E-03  5.062523E-08  2.851458E-13  3.809620E-13  4.254987E-13  5.158870E-13  2.883164E-02  2.662250E-05  6.630843E-08  5.307228E-03  3.737927E-06  6.901478E-09  7.377646E-10  1.788869E-05  1.473351E-09  5.740572E-09  5.995723E-11  8.892429E-05  1.709995E-09  3.424288E-11  2.873064E-11  8.136964E-06  1.106125E-05  1.244033E-08  2.388429E-08  3.092467E-08  1.475734E-09
 3.391500E+02  1.696992E-03  5.002587E-08  2.768964E-13  3.700214E-13  4.132988E-13  5.011995E-13  2.874637E-02  2.615674E-05  6.287156E-08  5.292781E-03  3.674528E-06  6.551268E-09  7.183797E-10  1.757195E-05  1.407761E-09  5.496805E-09  5.785927E-11  8.754102E-05  1.639054E-09  3.319326E-11  2.783427E-11  7.999237E-06  1.087407E-05  1.180847E-08  2.266147E-08  2.934985E-08  1.411689E-09
 3.401500E+02  1.693263E-03  4.943645E-08  2.689306E-13  3.594546E-13  4.015151E-13  4.870100E-13  2.866161E-02  2.570194E-05  5.963241E-08  5.278397E-03  3.612555E-06  6.220724E-09  6.996178E-10  1.726259E-05  1.345465E-09  5.264789E-09  5.584662E-11  8.618672E-05  1.571447E-09  3.218169E-11  2.697088E-11  7.864636E-06  1.069115E-05  1.121219E-08  2.150810E-08  2.786407E-08  1.350781E-09
 3.411500E+02  1.689531E-03  4.885679E-08  2.612373E-13  3.492470E-13  3.901315E-13  4.732996E-13  2.857734E-02  2.525778E-05  5.657857E-08  5.264076E-03  3.551968E-06  5.908642E-09  6.814557E-10  1.696041E-05  1.286281E-09  5.043896E-09  5.391540E-11  8.486065E-05  1.507002E-09  3.120661E-11  2.613909E-11  7.733076E-06  1.051236E-05  1.064929E-08  2.041989E-08  2.646182E-08  1.292843E-09
 3.421500E+02  1.685798E-03  4.828671E-08  2.538060E-13  3.393850E-13  3.791327E-13  4.600498E-13  2.849357E-02  2.482396E-05  5.369844E-08  5.249817E-03  3.492730E-06  5.613899E-09  6.638713E-10  1.666520E-05  1.230036E-09  4.833536E-09  5.206191E-11  8.356213E-05  1.445555E-09  3.026653E-11  2.533762E-11  7.604473E-06  1.033759E-05  1.011775E-08  1.939281E-08  2.513798E-08  1.237713E-09
 3.431500E+02  1.682065E-03  4.772601E-08  2.466266E-13  3.298552E-13  3.685039E-13  4.472433E-13  2.841030E-02  2.440018E-05  5.098123E-08  5.235620E-03  3.434807E-06  5.335446E-09  6.468432E-10  1.637678E-05  1.176570E-09  4.633151E-09  5.028264E-11  8.229047E-05  1.386951E-09  2.936003E-11  2.456520E-11  7.478746E-06  1.016674E-05  9.615645E-09  1.842311E-08  2.388777E-08  1.185241E-09
 3.441500E+02  1.678331E-03  4.717454E-08  2.396895E-13  3.206450E-13  3.582312E-13  4.348631E-13  2.832751E-02  2.398617E-05  4.841687E-08  5.221485E-03  3.378161E-06  5.072300E-09  6.303512E-10  1.609496E-05  1.125731E-09  4.442216E-09  4.857425E-11  8.104501E-05  1.331045E-09  2.848576E-11  2.382064E-11  7.355818E-06  9.999691E-06  9.141205E-09  1.750729E-08  2.270669E-08  1.135286E-09
 3.451500E+02  1.674598E-03  4.663210E-08  2.329854E-13  3.117422E-13  3.483009E-13  4.228933E-13  2.824521E-02  2.358164E-05  4.599595E-08  5.207413E-03  3.322760E-06  4.823544E-09  6.143757E-10  1.581955E-05  1.077376E-09  4.260238E-09  4.693356E-11  7.982510E-05  1.277699E-09  2.764241E-11  2.310281E-11  7.235612E-06  9.836346E-06  8.692764E-09  1.664207E-08  2.159057E-08  1.087715E-09
 3.461500E+02  1.670865E-03  4.609853E-08  2.265054E-13  3.031353E-13  3.387001E-13  4.113183E-13  2.816338E-02  2.318633E-05  4.370969E-08  5.193402E-03  3.268571E-06  4.588319E-09  5.988979E-10  1.555039E-05  1.031371E-09  4.086750E-09  4.535756E-11  7.863012E-05  1.226784E-09  2.682875E-11  2.241063E-11  7.118057E-06  9.676604E-06  8.268765E-09  1.582441E-08  2.053550E-08  1.042401E-09
 3.471500E+02  1.667134E-03  4.557366E-08  2.202411E-13  2.948131E-13  3.294164E-13  4.001235E-13  2.808204E-02  2.279999E-05  4.154991E-08  5.179454E-03  3.215562E-06  4.365823E-09  5.839000E-10  1.528731E-05  9.875904E-10  3.921312E-09  4.384338E-11  7.745945E-05  1.178177E-09  2.604358E-11  2.174305E-11  7.003081E-06  9.520369E-06  7.867752E-09  1.505144E-08  1.953783E-08  9.992256E-10
 3.481500E+02  1.663404E-03  4.505732E-08  2.141843E-13  2.867648E-13  3.204380E-13  3.892946E-13  2.800116E-02  2.242236E-05  3.950894E-08  5.165567E-03  3.163701E-06  4.155304E-09  5.693646E-10  1.503013E-05  9.459144E-10  3.763508E-09  4.238829E-11  7.631251E-05  1.131761E-09  2.528578E-11  2.109908E-11  6.890615E-06  9.367547E-06  7.488364E-09  1.432048E-08  1.859415E-08  9.580780E-10
 3.491500E+02  1.659676E-03  4.454937E-08  2.083271E-13  2.789803E-13  3.117534E-13  3.788180E-13  2.792075E-02  2.205322E-05  3.757963E-08  5.151742E-03  3.112959E-06  3.956057E-09  5.552753E-10  1.477871E-05  9.062313E-10  3.612948E-09  4.098970E-11  7.518872E-05  1.087428E-09  2.455427E-11  2.047778E-11  6.780593E-06  9.218048E-06  7.129325E-09  1.362905E-08  1.770124E-08  9.188524E-10
 3.501500E+02  1.655951E-03  4.404962E-08  2.026622E-13  2.714497E-13  3.033517E-13  3.686808E-13  2.784080E-02  2.169232E-05  3.575530E-08  5.137979E-03  3.063308E-06  3.767424E-09  5.416162E-10  1.453289E-05  8.684357E-10  3.469262E-09  3.964513E-11  7.408752E-05  1.045073E-09  2.384800E-11  1.987823E-11  6.672950E-06  9.071784E-06  6.789442E-09  1.297480E-08  1.685613E-08  8.814493E-10
 3.511500E+02  1.652228E-03  4.355794E-08  1.971824E-13  2.641636E-13  2.952224E-13  3.588703E-13  2.776132E-02  2.133944E-05  3.402968E-08  5.124277E-03  3.014717E-06  3.588787E-09  5.283719E-10  1.429251E-05  8.324280E-10  3.332101E-09  3.835224E-11  7.300836E-05  1.004598E-09  2.316599E-11  1.929959E-11  6.567624E-06  8.928669E-06  6.467597E-09  1.235554E-08  1.605600E-08  8.457750E-10
 3.521500E+02  1.648509E-03  4.307417E-08  1.918807E-13  2.571130E-13  2.873555E-13  3.493746E-13  2.768229E-02  2.099437E-05  3.239692E-08  5.110636E-03  2.967161E-06  3.419568E-09  5.155280E-10  1.405744E-05  7.981147E-10  3.201135E-09  3.710877E-11  7.195071E-05  9.659114E-10  2.250728E-11  1.874101E-11  6.464554E-06  8.788622E-06  6.162742E-09  1.176923E-08  1.529824E-08  8.117408E-10
 3.531500E+02  1.644794E-03  4.259816E-08  1.867506E-13  2.502891E-13  2.797413E-13  3.401822E-13  2.760370E-02  2.065689E-05  3.085155E-08  5.097057E-03  2.920612E-06  3.259222E-09  5.030703E-10  1.382753E-05  7.654073E-10  3.076053E-09  3.591261E-11  7.091406E-05  9.289247E-10  2.187098E-11  1.820171E-11  6.363681E-06  8.651561E-06  5.873896E-09  1.121393E-08  1.458039E-08  7.792633E-10
 3.541500E+02  1.641082E-03  4.212976E-08  1.817857E-13  2.436837E-13  2.723706E-13  3.312820E-13  2.752557E-02  2.032680E-05  2.938844E-08  5.083538E-03  2.875045E-06  3.107242E-09  4.909853E-10  1.360265E-05  7.342226E-10  2.956560E-09  3.476171E-11  6.989790E-05  8.935549E-10  2.125622E-11  1.768093E-11  6.264948E-06  8.517410E-06  5.600138E-09  1.068787E-08  1.390014E-08  7.482634E-10
 3.551500E+02  1.637375E-03  4.166883E-08  1.769801E-13  2.372889E-13  2.652344E-13  3.226635E-13  2.744788E-02  2.000390E-05  2.800278E-08  5.070081E-03  2.830435E-06  2.963151E-09  4.792600E-10  1.338267E-05  7.044819E-10  2.842379E-09  3.365415E-11  6.890176E-05  8.597236E-10  2.066216E-11  1.717795E-11  6.168300E-06  8.386094E-06  5.340606E-09  1.018934E-08  1.325533E-08  7.186667E-10
 3.561500E+02  1.633673E-03  4.121523E-08  1.723277E-13  2.310969E-13  2.583243E-13  3.143164E-13  2.737063E-02  1.968800E-05  2.669009E-08  5.056683E-03  2.786757E-06  2.826500E-09  4.678821E-10  1.316745E-05  6.761110E-10  2.733246E-09  3.258808E-11  6.792515E-05  8.273563E-10  2.008801E-11  1.669207E-11  6.073684E-06  8.257538E-06  5.094488E-09  9.716771E-09  1.264394E-08  6.904025E-10
 3.571500E+02  1.629975E-03  4.076883E-08  1.678232E-13  2.251003E-13  2.516321E-13  3.062310E-13  2.729382E-02  1.937891E-05  2.544615E-08  5.043347E-03  2.743989E-06  2.696869E-09  4.568394E-10  1.295688E-05  6.490400E-10  2.628913E-09  3.156174E-11  6.696760E-05  7.963826E-10  1.953300E-11  1.622264E-11  5.981047E-06  8.131673E-06  4.861027E-09  9.268679E-09  1.206406E-08  6.634044E-10
 3.581500E+02  1.626283E-03  4.032947E-08  1.634611E-13  2.192923E-13  2.451500E-13  2.983979E-13  2.721744E-02  1.907645E-05  2.426700E-08  5.030071E-03  2.702106E-06  2.573863E-09  4.461206E-10  1.275082E-05  6.232028E-10  2.529144E-09  3.057347E-11  6.602868E-05  7.667356E-10  1.899642E-11  1.576901E-11  5.890339E-06  8.008429E-06  4.639508E-09  8.843673E-09  1.151392E-08  6.376092E-10
 3.591500E+02  1.622596E-03  3.989705E-08  1.592362E-13  2.136659E-13  2.388703E-13  2.908081E-13  2.714148E-02  1.878046E-05  2.314895E-08  5.016854E-03  2.661087E-06  2.457112E-09  4.357146E-10  1.254918E-05  5.985368E-10  2.433716E-09  2.962166E-11  6.510795E-05  7.383520E-10  1.847756E-11  1.533058E-11  5.801510E-06  7.887741E-06  4.429261E-09  8.440447E-09  1.099184E-08  6.129576E-10
 3.601500E+02  1.618915E-03  3.947142E-08  1.551437E-13  2.082146E-13  2.327859E-13  2.834530E-13  2.706595E-02  1.849075E-05  2.208850E-08  5.003698E-03  2.620910E-06  2.346267E-09  4.256107E-10  1.235182E-05  5.749832E-10  2.342420E-09  2.870478E-11  6.420497E-05  7.111720E-10  1.797575E-11  1.490678E-11  5.714514E-06  7.769542E-06  4.229658E-09  8.057777E-09  1.049625E-08  5.893931E-10
 3.611500E+02  1.615240E-03  3.905245E-08  1.511788E-13  2.029323E-13  2.268897E-13  2.763241E-13  2.699085E-02  1.820717E-05  2.108242E-08  4.990601E-03  2.581555E-06  2.241001E-09  4.157987E-10  1.215865E-05  5.524861E-10  2.255054E-09  2.782140E-11  6.331934E-05  6.851386E-10  1.749035E-11  1.449703E-11  5.629304E-06  7.653771E-06  4.040107E-09  7.694512E-09  1.002567E-08  5.668625E-10
 3.621500E+02  1.611572E-03  3.864003E-08  1.473368E-13  1.978129E-13  2.211752E-13  2.694136E-13  2.691616E-02  1.792956E-05  2.012763E-08  4.977564E-03  2.543000E-06  2.141006E-09  4.062687E-10  1.196955E-05  5.309930E-10  2.171431E-09  2.697011E-11  6.245065E-05  6.601980E-10  1.702075E-11  1.410082E-11  5.545835E-06  7.540367E-06  3.860053E-09  7.349572E-09  9.578717E-09  5.453153E-10
 3.631500E+02  1.607910E-03  3.823403E-08  1.436136E-13  1.928507E-13  2.156359E-13  2.627138E-13  2.684188E-02  1.765777E-05  1.922126E-08  4.964586E-03  2.505227E-06  2.045993E-09  3.970113E-10  1.178443E-05  5.104539E-10  2.091371E-09  2.614961E-11  6.159850E-05  6.362989E-10  1.656636E-11  1.371763E-11  5.464064E-06  7.429270E-06  3.688973E-09  7.021942E-09  9.154084E-09  5.247037E-10
 3.641500E+02  1.604255E-03  3.783433E-08  1.400048E-13  1.880402E-13  2.102657E-13  2.562173E-13  2.676802E-02  1.739163E-05  1.836061E-08  4.951666E-03  2.468215E-06  1.955689E-09  3.880174E-10  1.160317E-05  4.908219E-10  2.014705E-09  2.535863E-11  6.076252E-05  6.133930E-10  1.612661E-11  1.334697E-11  5.383949E-06  7.320423E-06  3.526378E-09  6.710666E-09  8.750548E-09  5.049827E-10
 3.651500E+02  1.600607E-03  3.744082E-08  1.365064E-13  1.833759E-13  2.050586E-13  2.499170E-13  2.669456E-02  1.713102E-05  1.754314E-08  4.938806E-03  2.431947E-06  1.869839E-09  3.792782E-10  1.142569E-05  4.720522E-10  1.941272E-09  2.459595E-11  5.994234E-05  5.914340E-10  1.570097E-11  1.298837E-11  5.305448E-06  7.213771E-06  3.371803E-09  6.414849E-09  8.366955E-09  4.861092E-10
 3.661500E+02  1.596967E-03  3.705337E-08  1.331146E-13  1.788528E-13  2.000089E-13  2.438061E-13  2.662151E-02  1.687579E-05  1.676648E-08  4.926004E-03  2.396404E-06  1.788203E-09  3.707853E-10  1.125188E-05  4.541028E-10  1.870919E-09  2.386044E-11  5.913758E-05  5.703784E-10  1.528892E-11  1.264138E-11  5.228523E-06  7.109258E-06  3.224816E-09  6.133645E-09  8.002222E-09  4.680428E-10
 3.671500E+02  1.593334E-03  3.667189E-08  1.298256E-13  1.744661E-13  1.951111E-13  2.378781E-13  2.654886E-02  1.662580E-05  1.602839E-08  4.913261E-03  2.361568E-06  1.710551E-09  3.625306E-10  1.108166E-05  4.369337E-10  1.803501E-09  2.315100E-11  5.834791E-05  5.501846E-10  1.488995E-11  1.230558E-11  5.153133E-06  7.006832E-06  3.085006E-09  5.866261E-09  7.655329E-09  4.507450E-10
 3.681500E+02  1.589708E-03  3.629625E-08  1.266358E-13  1.702109E-13  1.903601E-13  2.321266E-13  2.647661E-02  1.638092E-05  1.532674E-08  4.900575E-03  2.327423E-06  1.636673E-09  3.545063E-10  1.091494E-05  4.205072E-10  1.738883E-09  2.246657E-11  5.757297E-05  5.308132E-10  1.450360E-11  1.198055E-11  5.079242E-06  6.906443E-06  2.951988E-09  5.611950E-09  7.325314E-09  4.341794E-10
 3.691500E+02  1.586090E-03  3.592635E-08  1.235418E-13  1.660827E-13  1.857507E-13  2.265457E-13  2.640475E-02  1.614102E-05  1.465957E-08  4.887948E-03  2.293952E-06  1.566365E-09  3.467048E-10  1.075163E-05  4.047875E-10  1.676934E-09  2.180615E-11  5.681243E-05  5.122268E-10  1.412940E-11  1.166589E-11  5.006813E-06  6.808041E-06  2.825400E-09  5.370008E-09  7.011275E-09  4.183114E-10
 3.701500E+02  1.582481E-03  3.556208E-08  1.205402E-13  1.620772E-13  1.812781E-13  2.211294E-13  2.633328E-02  1.590598E-05  1.402501E-08  4.875378E-03  2.261138E-06  1.499439E-09  3.391189E-10  1.059164E-05  3.897406E-10  1.617530E-09  2.116879E-11  5.606597E-05  4.943898E-10  1.376691E-11  1.136122E-11  4.935811E-06  6.711577E-06  2.704900E-09  5.139774E-09  6.712359E-09  4.031083E-10
 3.711500E+02  1.578879E-03  3.520334E-08  1.176280E-13  1.581901E-13  1.769377E-13  2.158722E-13  2.626220E-02  1.567567E-05  1.342131E-08  4.862865E-03  2.228966E-06  1.435715E-09  3.317416E-10  1.043489E-05  3.753345E-10  1.560554E-09  2.055356E-11  5.533326E-05  4.772685E-10  1.341572E-11  1.106619E-11  4.866200E-06  6.617005E-06  2.590166E-09  4.920624E-09  6.427764E-09  3.885390E-10
 3.721500E+02  1.575287E-03  3.485003E-08  1.148020E-13  1.544175E-13  1.727248E-13  2.107687E-13  2.619150E-02  1.544998E-05  1.284680E-08  4.850410E-03  2.197420E-06  1.375026E-09  3.245662E-10  1.028131E-05  3.615388E-10  1.505895E-09  1.995960E-11  5.461400E-05  4.608308E-10  1.307542E-11  1.078043E-11  4.797949E-06  6.524279E-06  2.480894E-09  4.711971E-09  6.156735E-09  3.745740E-10
 3.731500E+02  1.571702E-03  3.450205E-08  1.120594E-13  1.507554E-13  1.686352E-13  2.058137E-13  2.612118E-02  1.522880E-05  1.229994E-08  4.838011E-03  2.166486E-06  1.317212E-09  3.175862E-10  1.013081E-05  3.483245E-10  1.453448E-09  1.938607E-11  5.390789E-05  4.450460E-10  1.274562E-11  1.050362E-11  4.731024E-06  6.433354E-06  2.376798E-09  4.513260E-09  5.898558E-09  3.611854E-10
 3.741500E+02  1.568126E-03  3.415930E-08  1.093971E-13  1.472002E-13  1.646647E-13  2.010022E-13  2.605125E-02  1.501202E-05  1.177926E-08  4.825669E-03  2.136150E-06  1.262124E-09  3.107953E-10  9.983325E-06  3.356643E-10  1.403112E-09  1.883216E-11  5.321464E-05  4.298851E-10  1.242594E-11  1.023543E-11  4.665393E-06  6.344189E-06  2.277607E-09  4.323969E-09  5.652563E-09  3.483465E-10
 3.751500E+02  1.564560E-03  3.382169E-08  1.068127E-13  1.437481E-13  1.608094E-13  1.963294E-13  2.598168E-02  1.479952E-05  1.128337E-08  4.813383E-03  2.106396E-06  1.209621E-09  3.041877E-10  9.838775E-06  3.235324E-10  1.354792E-09  1.829712E-11  5.253395E-05  4.153206E-10  1.211604E-11  9.975560E-12  4.601026E-06  6.256740E-06  2.183069E-09  4.143607E-09  5.418114E-09  3.360321E-10
 3.761500E+02  1.561002E-03  3.348912E-08  1.043033E-13  1.403958E-13  1.570653E-13  1.917907E-13  2.591249E-02  1.459120E-05  1.081098E-08  4.801153E-03  2.077212E-06  1.159569E-09  2.977574E-10  9.697090E-06  3.119040E-10  1.308397E-09  1.778020E-11  5.186555E-05  4.013262E-10  1.181556E-11  9.723707E-12  4.537893E-06  6.170968E-06  2.092941E-09  3.971709E-09  5.194615E-09  3.242184E-10
 3.771500E+02  1.557453E-03  3.316150E-08  1.018665E-13  1.371399E-13  1.534287E-13  1.873816E-13  2.584367E-02  1.438696E-05  1.036086E-08  4.788980E-03  2.048584E-06  1.111841E-09  2.914988E-10  9.558203E-06  3.007559E-10  1.263841E-09  1.728072E-11  5.120917E-05  3.878768E-10  1.152418E-11  9.479587E-12  4.475965E-06  6.086832E-06  2.006998E-09  3.807838E-09  4.981501E-09  3.128825E-10
 3.781500E+02  1.553913E-03  3.283874E-08  9.949993E-14  1.339772E-13  1.498961E-13  1.830979E-13  2.577522E-02  1.418671E-05  9.931840E-09  4.776861E-03  2.020499E-06  1.066320E-09  2.854066E-10  9.422046E-06  2.900658E-10  1.221043E-09  1.679799E-11  5.056455E-05  3.749487E-10  1.124157E-11  9.242927E-12  4.415213E-06  6.004295E-06  1.925025E-09  3.651579E-09  4.778239E-09  3.020029E-10
 3.791500E+02  1.550383E-03  3.252075E-08  9.720117E-14  1.309046E-13  1.464641E-13  1.789355E-13  2.570713E-02  1.399034E-05  9.522841E-09  4.764798E-03  1.992945E-06  1.022893E-09  2.794756E-10  9.288553E-06  2.798128E-10  1.179924E-09  1.633138E-11  4.993142E-05  3.625191E-10  1.096744E-11  9.013464E-12  4.355611E-06  5.923320E-06  1.846820E-09  3.502543E-09  4.584328E-09  2.915590E-10
 3.801500E+02  1.546863E-03  3.220745E-08  9.496799E-14  1.279192E-13  1.431292E-13  1.748902E-13  2.563940E-02  1.379777E-05  9.132828E-09  4.752790E-03  1.965909E-06  9.814542E-10  2.737008E-10  9.157661E-06  2.699768E-10  1.140410E-09  1.588027E-11  4.930953E-05  3.505666E-10  1.070149E-11  8.790948E-12  4.297131E-06  5.843868E-06  1.772192E-09  3.360361E-09  4.399291E-09  2.815312E-10
 3.811500E+02  1.543351E-03  3.189875E-08  9.279822E-14  1.250180E-13  1.398884E-13  1.709584E-13  2.557203E-02  1.360890E-05  8.760827E-09  4.740837E-03  1.939380E-06  9.419026E-10  2.680772E-10  9.029308E-06  2.605389E-10  1.102432E-09  1.544407E-11  4.869865E-05  3.390706E-10  1.044343E-11  8.575134E-12  4.239747E-06  5.765906E-06  1.700961E-09  3.224686E-09  4.222681E-09  2.719011E-10
 3.821500E+02  1.539850E-03  3.159457E-08  9.068979E-14  1.221984E-13  1.367386E-13  1.671364E-13  2.550501E-02  1.342364E-05  8.405920E-09  4.728939E-03  1.913346E-06  9.041439E-10  2.626003E-10  8.903434E-06  2.514810E-10  1.065922E-09  1.502223E-11  4.809852E-05  3.280115E-10  1.019301E-11  8.365790E-12  4.183434E-06  5.689399E-06  1.632956E-09  3.095188E-09  4.054073E-09  2.626510E-10
 3.831500E+02  1.536358E-03  3.129483E-08  8.864068E-14  1.194577E-13  1.336767E-13  1.634205E-13  2.543834E-02  1.324192E-05  8.067238E-09  4.717094E-03  1.887795E-06  8.680885E-10  2.572656E-10  8.779981E-06  2.427861E-10  1.030815E-09  1.461419E-11  4.750893E-05  3.173706E-10  9.949944E-12  8.162693E-12  4.128167E-06  5.614314E-06  1.568015E-09  2.971557E-09  3.893066E-09  2.537640E-10
 3.841500E+02  1.532877E-03  3.099945E-08  8.664896E-14  1.167932E-13  1.307000E-13  1.598073E-13  2.537202E-02  1.306364E-05  7.743961E-09  4.705304E-03  1.862716E-06  8.336517E-10  2.520687E-10  8.658892E-06  2.344378E-10  9.970526E-10  1.421945E-11  4.692963E-05  3.071303E-10  9.713998E-12  7.965627E-12  4.073923E-06  5.540617E-06  1.505987E-09  2.853499E-09  3.739283E-09  2.452243E-10
 3.851500E+02  1.529405E-03  3.070835E-08  8.471275E-14  1.142026E-13  1.278057E-13  1.562936E-13  2.530605E-02  1.288872E-05  7.435316E-09  4.693567E-03  1.838099E-06  8.007533E-10  2.470054E-10  8.540112E-06  2.264206E-10  9.645753E-10  1.383750E-11  4.636042E-05  2.972735E-10  9.484926E-12  7.774385E-12  4.020678E-06  5.468277E-06  1.446727E-09  2.740737E-09  3.592364E-09  2.370165E-10
 3.861500E+02  1.525943E-03  3.042146E-08  8.283028E-14  1.116835E-13  1.249911E-13  1.528762E-13  2.524042E-02  1.271709E-05  7.140570E-09  4.681883E-03  1.813934E-06  7.693176E-10  2.420716E-10  8.423586E-06  2.187199E-10  9.333286E-10  1.346788E-11  4.580108E-05  2.877841E-10  9.262498E-12  7.588768E-12  3.968410E-06  5.397264E-06  1.390098E-09  2.633007E-09  3.451971E-09  2.291263E-10
 3.871500E+02  1.522491E-03  3.013869E-08  8.099980E-14  1.092336E-13  1.222537E-13  1.495520E-13  2.517514E-02  1.254868E-05  6.859031E-09  4.670253E-03  1.790210E-06  7.392728E-10  2.372635E-10  8.309264E-06  2.113217E-10  9.032598E-10  1.311013E-11  4.525138E-05  2.786467E-10  9.046489E-12  7.408586E-12  3.917096E-06  5.327547E-06  1.335972E-09  2.530063E-09  3.317782E-09  2.215398E-10
 3.881500E+02  1.519050E-03  2.985999E-08  7.921964E-14  1.068506E-13  1.195911E-13  1.463181E-13  2.511019E-02  1.238340E-05  6.590044E-09  4.658676E-03  1.766918E-06  7.105509E-10  2.325772E-10  8.197093E-06  2.042125E-10  8.743189E-10  1.276380E-11  4.471114E-05  2.698467E-10  8.836685E-12  7.233654E-12  3.866714E-06  5.259097E-06  1.284227E-09  2.431668E-09  3.189496E-09  2.142440E-10
 3.891500E+02  1.515619E-03  2.958527E-08  7.748820E-14  1.045324E-13  1.170008E-13  1.431715E-13  2.504557E-02  1.222118E-05  6.332989E-09  4.647151E-03  1.744047E-06  6.830876E-10  2.280092E-10  8.087024E-06  1.973798E-10  8.464583E-10  1.242849E-11  4.418015E-05  2.613699E-10  8.632879E-12  7.063795E-12  3.817245E-06  5.191886E-06  1.234745E-09  2.337601E-09  3.066823E-09  2.072263E-10
 3.901500E+02  1.512198E-03  2.931446E-08  7.580393E-14  1.022771E-13  1.144805E-13  1.401095E-13  2.498129E-02  1.206196E-05  6.087282E-09  4.635679E-03  1.721588E-06  6.568221E-10  2.235559E-10  7.979009E-06  1.908116E-10  8.196326E-10  1.210379E-11  4.365821E-05  2.532031E-10  8.434874E-12  6.898838E-12  3.768667E-06  5.125886E-06  1.187419E-09  2.247650E-09  2.949493E-09  2.004748E-10
 3.911500E+02  1.508787E-03  2.904750E-08  7.416532E-14  1.000825E-13  1.120282E-13  1.371296E-13  2.491734E-02  1.190567E-05  5.852366E-09  4.624259E-03  1.699533E-06  6.316967E-10  2.192139E-10  7.873001E-06  1.844962E-10  7.937983E-10  1.178931E-11  4.314513E-05  2.453334E-10  8.242476E-12  6.738621E-12  3.720961E-06  5.061069E-06  1.142144E-09  2.161616E-09  2.837248E-09  1.939782E-10
 3.921500E+02  1.505387E-03  2.878432E-08  7.257095E-14  9.794683E-14  1.096415E-13  1.342291E-13  2.485372E-02  1.175223E-05  5.627718E-09  4.612890E-03  1.677872E-06  6.076566E-10  2.149798E-10  7.768954E-06  1.784228E-10  7.689142E-10  1.148469E-11  4.264074E-05  2.377488E-10  8.055502E-12  6.582984E-12  3.674107E-06  4.997411E-06  1.098822E-09  2.079311E-09  2.729842E-09  1.877257E-10
 3.931500E+02  1.501998E-03  2.852485E-08  7.101941E-14  9.586821E-14  1.073185E-13  1.314055E-13  2.479043E-02  1.160159E-05  5.412840E-09  4.601573E-03  1.656597E-06  5.846500E-10  2.108507E-10  7.666824E-06  1.725809E-10  7.449408E-10  1.118957E-11  4.214484E-05  2.304375E-10  7.873774E-12  6.431777E-12  3.628086E-06  4.934884E-06  1.057359E-09  2.000555E-09  2.627046E-09  1.817070E-10
 3.941500E+02  1.498619E-03  2.826903E-08  6.950938E-14  9.384486E-14  1.050573E-13  1.286565E-13  2.472745E-02  1.145367E-05  5.207261E-09  4.590308E-03  1.635699E-06  5.626278E-10  2.068232E-10  7.566568E-06  1.669608E-10  7.218404E-10  1.090361E-11  4.165726E-05  2.233884E-10  7.697121E-12  6.284853E-12  3.582881E-06  4.873465E-06  1.017668E-09  1.925179E-09  2.528640E-09  1.759122E-10
 3.951500E+02  1.495251E-03  2.801679E-08  6.803954E-14  9.187508E-14  1.028558E-13  1.259798E-13  2.466480E-02  1.130843E-05  5.010536E-09  4.579093E-03  1.615170E-06  5.415435E-10  2.028946E-10  7.468143E-06  1.615528E-10  6.995773E-10  1.062648E-11  4.117783E-05  2.165911E-10  7.525379E-12  6.142072E-12  3.538473E-06  4.813128E-06  9.796637E-10  1.853022E-09  2.434416E-09  1.703321E-10
 3.961500E+02  1.491893E-03  2.776807E-08  6.660866E-14  8.995719E-14  1.007122E-13  1.233731E-13  2.460246E-02  1.116580E-05  4.822241E-09  4.567929E-03  1.595002E-06  5.213529E-10  1.990619E-10  7.371509E-06  1.563480E-10  6.781171E-10  1.035787E-11  4.070638E-05  2.100352E-10  7.358388E-12  6.003297E-12  3.494845E-06  4.753851E-06  9.432678E-10  1.783932E-09  2.344178E-09  1.649575E-10
 3.971500E+02  1.488546E-03  2.752282E-08  6.521552E-14  8.808961E-14  9.862478E-14  1.208344E-13  2.454044E-02  1.102572E-05  4.641976E-09  4.556815E-03  1.575187E-06  5.020140E-10  1.953223E-10  7.276625E-06  1.513378E-10  6.574271E-10  1.009749E-11  4.024274E-05  2.037111E-10  7.195997E-12  5.868398E-12  3.451980E-06  4.695610E-06  9.084044E-10  1.717765E-09  2.257737E-09  1.597801E-10
 3.981500E+02  1.485210E-03  2.728096E-08  6.385897E-14  8.627080E-14  9.659181E-14  1.183615E-13  2.447874E-02  1.088813E-05  4.469361E-09  4.545752E-03  1.555718E-06  4.834870E-10  1.916732E-10  7.183452E-06  1.465141E-10  6.374761E-10  9.845028E-12  3.978676E-05  1.976097E-10  7.038056E-12  5.737250E-12  3.409861E-06  4.638382E-06  8.750022E-10  1.654382E-09  2.174916E-09  1.547917E-10
 3.991500E+02  1.481884E-03  2.704245E-08  6.253788E-14  8.449926E-14  9.461161E-14  1.159524E-13  2.441734E-02  1.075298E-05  4.304035E-09  4.534738E-03  1.536587E-06  4.657344E-10  1.881120E-10  7.091953E-06  1.418689E-10  6.182342E-10  9.600221E-12  3.933828E-05  1.917220E-10  6.884425E-12  5.609731E-12  3.368472E-06  4.582147E-06  8.429932E-10  1.593655E-09  2.095548E-09  1.499844E-10
