#         T/K     Cv/J*K^-1     Cp/J*K^-1
 2.731500E+02  4.236206E+01  4.236305E+01
 2.741500E+02  4.241747E+01  4.241845E+01
 2.751500E+02  4.247258E+01  4.247357E+01
 2.761500E+02  4.252742E+01  4.252842E+01
 2.771500E+02  4.258201E+01  4.258300E+01
 2.781500E+02  4.263634E+01  4.263734E+01
 2.791500E+02  4.269044E+01  4.269144E+01
 2.801500E+02  4.274430E+01  4.274530E+01
 2.811500E+02  4.279795E+01  4.279895E+01
 2.821500E+02  4.285137E+01  4.285238E+01
 2.831500E+02  4.290460E+01  4.290560E+01
 2.841500E+02  4.295762E+01  4.295862E+01
 2.851500E+02  4.301045E+01  4.301145E+01
 2.861500E+02  4.306309E+01  4.306409E+01
 2.871500E+02  4.311556E+01  4.311656E+01
 2.881500E+02  4.316785E+01  4.316885E+01
 2.891500E+02  4.321997E+01  4.322097E+01
 2.901500E+02  4.327192E+01  4.327292E+01
 2.911500E+02  4.332372E+01  4.332472E+01
 2.921500E+02  4.337536E+01  4.337636E+01
 2.931500E+02  4.342685E+01  4.342785E+01
 2.941500E+02  4.347820E+01  4.347920E+01
 2.951500E+02  4.352940E+01  4.353040E+01
 2.961500E+02  4.358046E+01  4.358145E+01
 2.971500E+02  4.363137E+01  4.363237E+01
 2.981500E+02  4.368216E+01  4.368315E+01
 2.991500E+02  4.373281E+01  4.373380E+01
 3.001500E+02  4.378332E+01  4.378432E+01
 3.011500E+02  4.383371E+01  4.383470E+01
 3.021500E+02  4.388397E+01  4.388496E+01
 3.031500E+02  4.393410E+01  4.393509E+01
 3.041500E+02  4.398410E+01  4.398509E+01
 3.051500E+02  4.403398E+01  4.403497E+01
 3.061500E+02  4.408373E+01  4.408472E+01
 3.071500E+02  4.413335E+01  4.413434E+01
 3.081500E+02  4.418285E+01  4.418384E+01
 3.091500E+02  4.423223E+01  4.423321E+01
 3.101500E+02  4.428148E+01  4.428246E+01
 3.111500E+02  4.433060E+01  4.433158E+01
 3.121500E+02  4.437959E+01  4.438058E+01
 3.131500E+02  4.442846E+01  4.442944E+01
 3.141500E+02  4.447720E+01  4.447818E+01
 3.151500E+02  4.452580E+01  4.452679E+01
 3.161500E+02  4.457428E+01  4.457526E+01
 3.171500E+02  4.462262E+01  4.462361E+01
 3.181500E+02  4.467083E+01  4.467182E+01
 3.191500E+02  4.471891E+01  4.471989E+01
 3.201500E+02  4.476684E+01  4.476783E+01
 3.211500E+02  4.481463E+01  4.481562E+01
 3.221500E+02  4.486229E+01  4.486327E+01
 3.231500E+02  4.490979E+01  4.491078E+01
 3.241500E+02  4.495716E+01  4.495815E+01
 3.251500E+02  4.500437E+01  4.500536E+01
 3.261500E+02  4.505143E+01  4.505242E+01
 3.271500E+02  4.509834E+01  4.509933E+01
 3.281500E+02  4.514509E+01  4.514608E+01
 3.291500E+02  4.519168E+01  4.519268E+01
 3.301500E+02  4.523810E+01  4.523911E+01
 3.311500E+02  4.528437E+01  4.528537E+01
 3.321500E+02  4.533046E+01  4.533147E+01
 3.331500E+02  4.537639E+01  4.537740E+01
 3.341500E+02  4.542214E+01  4.542315E+01
 3.351500E+02  4.546771E+01  4.546873E+01
 3.361500E+02  4.551311E+01  4.551413E+01
 3.371500E+02  4.555832E+01  4.555934E+01
 3.381500E+02  4.560334E+01  4.560437E+01
 3.391500E+02  4.564818E+01  4.564921E+01
 3.401500E+02  4.569282E+01  4.569386E+01
 3.411500E+02  4.573727E+01  4.573831E+01
 3.421500E+02  4.578151E+01  4.578256E+01
 3.431500E+02  4.582556E+01  4.582661E+01
 3.441500E+02  4.586940E+01  4.587045E+01
 3.451500E+02  4.591303E+01  4.591409E+01
 3.461500E+02  4.595644E+01  4.595751E+01
 3.471500E+02  4.599965E+01  4.600072E+01
 3.481500E+02  4.604263E+01  4.604371E+01
 3.491500E+02  4.608539E+01  4.608648E+01
 3.501500E+02  4.612792E+01  4.612902E+01
 3.511500E+02  4.617023E+01  4.617133E+01
 3.521500E+02  4.621230E+01  1.473854E+03
 3.531500E+02  3.460974E+01  1.466712E+03
 3.541500E+02  3.463402E+01  4.355259E+01
 3.551500E+02  3.465839E+01  4.356894E+01
 3.561500E+02  3.468286E+01  4.358551E+01
 3.571500E+02  3.470742E+01  4.360229E+01
 3.581500E+02  3.473206E+01  4.361927E+01
 3.591500E+02  3.475679E+01  4.363645E+01
 3.601500E+02  3.478161E+01  4.365383E+01
 3.611500E+02  3.480651E+01  4.367140E+01
 3.621500E+02  3.483149E+01  4.368917E+01
 3.631500E+02  3.485655E+01  4.370712E+01
 3.641500E+02  3.488169E+01  4.372525E+01
 3.651500E+02  3.490691E+01  4.374357E+01
 3.661500E+02  3.493220E+01  4.376205E+01
 3.671500E+02  3.495756E+01  4.378072E+01
 3.681500E+02  3.498299E+01  4.379955E+01
 3.691500E+02  3.500849E+01  4.381855E+01
 3.701500E+02  3.503405E+01  4.383771E+01
 3.711500E+02  3.505968E+01  4.385703E+01
 3.721500E+02  3.508538E+01  4.387650E+01
 3.731500E+02  3.511114E+01  4.389614E+01
 3.741500E+02  3.513695E+01  4.391592E+01
 3.751500E+02  3.516283E+01  4.393585E+01
 3.761500E+02  3.518877E+01  4.395592E+01
 3.771500E+02  3.521476E+01  4.397614E+01
 3.781500E+02  3.524080E+01  4.399650E+01
 3.791500E+02  3.526690E+01  4.401699E+01
 3.801500E+02  3.529305E+01  4.403762E+01
 3.811500E+02  3.531925E+01  4.405837E+01
 3.821500E+02  3.534550E+01  4.407926E+01
 3.831500E+02  3.537180E+01  4.410027E+01
 3.841500E+02  3.539814E+01  4.412141E+01
 3.851500E+02  3.542453E+01  4.414266E+01
 3.861500E+02  3.545096E+01  4.416404E+01
 3.871500E+02  3.547744E+01  4.418553E+01
 3.881500E+02  3.550395E+01  4.420713E+01
 3.891500E+02  3.553051E+01  4.422884E+01
 3.901500E+02  3.555710E+01  4.425066E+01
 3.911500E+02  3.558373E+01  4.427259E+01
 3.921500E+02  3.561040E+01  4.429463E+01
 3.931500E+02  3.563710E+01  4.431676E+01
 3.941500E+02  3.566383E+01  4.433900E+01
 3.951500E+02  3.569060E+01  4.436133E+01
 3.961500E+02  3.571740E+01  4.438375E+01
 3.971500E+02  3.574423E+01  4.440627E+01
 3.981500E+02  3.577109E+01  4.442889E+01
 3.991500E+02  3.579798E+01  4.445366E+01
