#         T/K        V/dm^3  V(excl)/dm^3    alpha/K^-1        status
 2.731500E+02  5.772773E-02  5.502865E-02  9.051322E-04                                 112
 2.741500E+02  5.777998E-02  5.502865E-02  9.028991E-04                                 112
 2.751500E+02  5.783207E-02  5.502865E-02  8.982768E-04                                 112
 2.761500E+02  5.788388E-02  5.502865E-02  8.918802E-04                                 112
 2.771500E+02  5.793532E-02  5.502865E-02  8.839523E-04                                 112
 2.781500E+02  5.798631E-02  5.502865E-02  8.746312E-04                                 112
 2.791500E+02  5.803676E-02  5.502865E-02  8.640711E-04                                 112
 2.801500E+02  5.808660E-02  5.502865E-02  8.524384E-04                                 112
 2.811500E+02  5.813579E-02  5.502865E-02  8.399079E-04                                 112
 2.821500E+02  5.818426E-02  5.502865E-02  8.266579E-04                                 112
 2.831500E+02  5.823198E-02  5.502865E-02  8.128661E-04                                 112
 2.841500E+02  5.827893E-02  5.502865E-02  7.987050E-04                                 112
 2.851500E+02  5.832508E-02  5.502865E-02  7.843388E-04                                 112
 2.861500E+02  5.837042E-02  5.502865E-02  7.698700E-04                                 112
 2.871500E+02  5.841495E-02  5.502865E-02  7.555404E-04                                 112
 2.881500E+02  5.845869E-02  5.502865E-02  7.414648E-04                                 112
 2.891500E+02  5.850164E-02  5.502865E-02  7.276428E-04                                 112
 2.901500E+02  5.854383E-02  5.502865E-02  7.142154E-04                                 112
 2.911500E+02  5.858527E-02  5.502865E-02  7.012504E-04                                 112
 2.921500E+02  5.862599E-02  5.502865E-02  6.887987E-04                                 112
 2.931500E+02  5.866603E-02  5.502865E-02  6.768958E-04                                 112
 2.941500E+02  5.870542E-02  5.502865E-02  6.655631E-04                                 112
 2.951500E+02  5.874418E-02  5.502865E-02  6.548099E-04                                 112
 2.961500E+02  5.878235E-02  5.502865E-02  6.446353E-04                                 112
 2.971500E+02  5.881996E-02  5.502865E-02  6.350302E-04                                 112
 2.981500E+02  5.885705E-02  5.502865E-02  6.259787E-04                                 112
 2.991500E+02  5.889365E-02  5.502865E-02  6.174603E-04                                 112
 3.001500E+02  5.892978E-02  5.502865E-02  6.094509E-04                                 112
 3.011500E+02  5.896548E-02  5.502865E-02  6.019246E-04                                 112
 3.021500E+02  5.900077E-02  5.502865E-02  5.948540E-04                                 112
 3.031500E+02  5.903567E-02  5.502865E-02  5.882119E-04                                 112
 3.041500E+02  5.907022E-02  5.502865E-02  5.819712E-04                                 112
 3.051500E+02  5.910443E-02  5.502865E-02  5.761060E-04                                 112
 3.061500E+02  5.913832E-02  5.502865E-02  5.705914E-04                                 112
 3.071500E+02  5.917192E-02  5.502865E-02  5.654042E-04                                 112
 3.081500E+02  5.920523E-02  5.502865E-02  5.605227E-04                                 112
 3.091500E+02  5.923829E-02  5.502865E-02  5.559269E-04                                 112
 3.101500E+02  5.927110E-02  5.502865E-02  5.515982E-04                                 112
 3.111500E+02  5.930368E-02  5.502865E-02  5.475197E-04                                 112
 3.121500E+02  5.933604E-02  5.502865E-02  5.436758E-04                                 112
 3.131500E+02  5.936819E-02  5.502865E-02  5.400523E-04                                 112
 3.141500E+02  5.940016E-02  5.502865E-02  5.366360E-04                                 112
 3.151500E+02  5.943195E-02  5.502865E-02  5.334149E-04                                 112
 3.161500E+02  5.946356E-02  5.502865E-02  5.303779E-04                                 112
 3.171500E+02  5.949502E-02  5.502865E-02  5.275144E-04                                 112
 3.181500E+02  5.952633E-02  5.502865E-02  5.248149E-04                                 112
 3.191500E+02  5.955750E-02  5.502865E-02  5.222704E-04                                 112
 3.201500E+02  5.958854E-02  5.502865E-02  5.198721E-04                                 112
 3.211500E+02  5.961946E-02  5.502865E-02  5.176122E-04                                 112
 3.221500E+02  5.965026E-02  5.502865E-02  5.154830E-04                                 112
 3.231500E+02  5.968096E-02  5.502865E-02  5.134771E-04                                 112
 3.241500E+02  5.971155E-02  5.502865E-02  5.115878E-04                                 112
 3.251500E+02  5.974205E-02  5.502865E-02  5.098084E-04                                 112
 3.261500E+02  5.977247E-02  5.502865E-02  5.081326E-04                                 112
 3.271500E+02  5.980280E-02  5.502865E-02  5.065545E-04                                 112
 3.281500E+02  5.983305E-02  5.502865E-02  5.050685E-04                                 112
 3.291500E+02  5.986324E-02  5.502865E-02  5.036690E-04                                 112
 3.301500E+02  5.989336E-02  5.502865E-02  5.023510E-04                                 112
 3.311500E+02  5.992341E-02  5.502865E-02  5.011095E-04                                 112
 3.321500E+02  5.995341E-02  5.502865E-02  4.999401E-04                                 112
 3.331500E+02  5.998336E-02  5.502865E-02  4.988383E-04                                 112
 3.341500E+02  6.001326E-02  5.502865E-02  4.978000E-04                                 112
 3.351500E+02  6.004311E-02  5.502865E-02  4.968213E-04                                 112
 3.361500E+02  6.007292E-02  5.502865E-02  4.958987E-04                                 112
 3.371500E+02  6.010269E-02  5.502865E-02  4.950287E-04                                 112
 3.381500E+02  6.013242E-02  5.502865E-02  4.942081E-04                                 112
 3.391500E+02  6.016212E-02  5.502865E-02  4.934340E-04                                 112
 3.401500E+02  6.019179E-02  5.502865E-02  4.927036E-04                                 112
 3.411500E+02  6.022144E-02  5.502865E-02  4.920142E-04                                 112
 3.421500E+02  6.025105E-02  5.502865E-02  4.913635E-04                                 112
 3.431500E+02  6.028065E-02  5.502865E-02  4.907493E-04                                 112
 3.441500E+02  6.031022E-02  5.502865E-02  4.901694E-04                                 112
 3.451500E+02  6.033977E-02  5.502865E-02  4.896219E-04                                 112
 3.461500E+02  6.036931E-02  5.502865E-02  4.891051E-04                                 112
 3.471500E+02  6.039883E-02  5.502865E-02  4.886174E-04                                 112
 3.481500E+02  6.042833E-02  5.502865E-02  4.881268E-04                                 112
 3.491500E+02  6.045782E-02  5.502865E-02  4.876929E-04                                 112
 3.501500E+02  6.048730E-02  5.502865E-02  4.873140E-04                                 112
 3.511500E+02  6.051677E-02  5.502865E-02  4.869282E-04                                 112
 3.521500E+02  6.054624E-02  5.502865E-02  4.865648E-04                                 112
 3.531500E+02  6.057569E-02  5.502865E-02  4.862229E-04                                 112
 3.541500E+02  6.060514E-02  5.502865E-02  4.859015E-04                                 112
 3.551500E+02  6.063459E-02  5.502865E-02  4.855999E-04                                 112
 3.561500E+02  6.066403E-02  5.502865E-02  4.853170E-04                                 112
 3.571500E+02  6.069347E-02  5.502865E-02  4.850524E-04                                 112
 3.581500E+02  6.072291E-02  5.502865E-02  4.848052E-04                                 112
 3.591500E+02  6.075235E-02  5.502865E-02  4.845748E-04                                 112
 3.601500E+02  6.078179E-02  5.502865E-02  4.843607E-04                                 112
 3.611500E+02  6.081123E-02  5.502865E-02  4.841624E-04                                 112
 3.621500E+02  6.084067E-02  5.502865E-02  4.839793E-04                                 112
 3.631500E+02  6.087012E-02  5.502865E-02  4.838111E-04                                 112
 3.641500E+02  6.089957E-02  5.502865E-02  4.836572E-04                                 112
 3.651500E+02  6.092903E-02  5.502865E-02  4.835173E-04                                 112
 3.661500E+02  6.095849E-02  5.502865E-02  4.833911E-04                                 112
 3.671500E+02  6.098796E-02  5.502865E-02  4.832783E-04                                 112
 3.681500E+02  6.101744E-02  5.502865E-02  4.831784E-04                                 112
 3.691500E+02  6.104693E-02  5.502865E-02  4.830913E-04                                 112
 3.701500E+02  6.107642E-02  5.502865E-02  4.830167E-04                                 112
 3.711500E+02  6.110593E-02  5.502865E-02  4.829542E-04                                 112
 3.721500E+02  6.113545E-02  5.502865E-02  4.829038E-04                                 112
 3.731500E+02  6.116497E-02  5.502865E-02  4.828652E-04                                 112
 3.741500E+02  6.119451E-02  5.502865E-02  4.828382E-04                                 112
 3.751500E+02  6.122407E-02  5.502865E-02  4.828225E-04                                 112
 3.761500E+02  6.125364E-02  5.502865E-02  4.828181E-04                                 112
 3.771500E+02  6.128322E-02  5.502865E-02  4.828248E-04                                 112
 3.781500E+02  6.131281E-02  5.502865E-02  4.828423E-04                                 112
 3.791500E+02  6.134243E-02  5.502865E-02  4.828706E-04                                 112
 3.801500E+02  6.137205E-02  5.502865E-02  4.829095E-04                                 112
 3.811500E+02  6.140170E-02  5.502865E-02  4.829589E-04                                 112
 3.821500E+02  6.143136E-02  5.502865E-02  4.830187E-04                                 112
 3.831500E+02  6.146104E-02  5.502865E-02  4.830886E-04                                 112
 3.841500E+02  6.149075E-02  5.502865E-02  4.831687E-04                                 112
 3.851500E+02  6.152047E-02  5.502865E-02  2.485133E+02                                 112
 3.861500E+02  3.063879E+01  5.502865E-02  5.004435E-01                                 111
 3.871500E+02  3.072749E+01  5.502865E-02  2.885174E-03                                 111
 3.881500E+02  3.081610E+01  5.502865E-02  2.874250E-03                                 111
 3.891500E+02  3.090463E+01  5.502865E-02  2.863432E-03                                 111
 3.901500E+02  3.099309E+01  5.502865E-02  2.852720E-03                                 111
 3.911500E+02  3.108146E+01  5.502865E-02  2.842112E-03                                 111
 3.921500E+02  3.116976E+01  5.502865E-02  2.831605E-03                                 111
 3.931500E+02  3.125798E+01  5.502865E-02  2.821199E-03                                 111
 3.941500E+02  3.134613E+01  5.502865E-02  2.810891E-03                                 111
 3.951500E+02  3.143421E+01  5.502865E-02  2.800681E-03                                 111
 3.961500E+02  3.152221E+01  5.502865E-02  2.790567E-03                                 111
 3.971500E+02  3.161013E+01  5.502865E-02  2.780547E-03                                 111
 3.981500E+02  3.169799E+01  5.502865E-02  2.770621E-03                                 111
 3.991500E+02  3.178578E+01  5.502865E-02  2.761870E-03                                 111
