#         T/K            c1          c2-1          c3-4          c3-5          c3-7          c3-9            m1          m2-1          m3-1            w1            w2          w3-1          w3-2          c1m1        c1m2-1        c1m2-7        c2m1-1        c1w1-2        c1w2-1        c2w1-1        c2w1-9        m1w1-1        m1w1-4        m1w2-1        m2w1-1        m2w1-3      c1m1w1-1
 2.731500E+02  1.106684E-02  4.237775E-06  5.728592E-10  7.518916E-10  8.365391E-10  9.974689E-10  1.884698E-02  3.123659E-05  7.450470E-07  1.113229E-02  4.446524E-05  2.408574E-06  3.379487E-08  2.281794E-04  9.584784E-08  3.145072E-07  1.878763E-08  3.106800E-03  9.093910E-07  2.434146E-08  2.137438E-08  2.963752E-05  4.034465E-05  1.344047E-06  8.238999E-07  1.043480E-06  2.833123E-07
 2.741500E+02  1.106367E-02  4.175980E-06  5.498916E-10  7.219904E-10  8.033316E-10  9.581751E-10  1.876374E-02  3.034322E-05  6.842037E-07  1.112734E-02  4.355947E-05  2.242175E-06  3.268269E-08  2.221674E-04  8.927473E-08  2.938875E-07  1.781160E-08  3.046195E-03  8.577529E-07  2.332354E-08  2.046287E-08  2.892592E-05  3.937347E-05  1.246185E-06  7.604035E-07  9.634447E-07  2.653982E-07
 2.751500E+02  1.105981E-02  4.115165E-06  5.279427E-10  6.934052E-10  7.715831E-10  9.205951E-10  1.868131E-02  2.948208E-05  6.287389E-07  1.112174E-02  4.267443E-05  2.088060E-06  3.161076E-08  2.163484E-04  8.319432E-08  2.747519E-07  1.689182E-08  2.986941E-03  8.092888E-07  2.235257E-08  1.959420E-08  2.823523E-05  3.843096E-05  1.155986E-06  7.021917E-07  8.900417E-07  2.487174E-07
 2.761500E+02  1.105530E-02  4.055320E-06  5.069643E-10  6.660741E-10  7.412251E-10  8.846490E-10  1.859967E-02  2.865179E-05  5.781434E-07  1.111553E-02  4.180967E-05  1.945272E-06  3.057758E-08  2.107154E-04  7.756679E-08  2.569850E-07  1.602478E-08  2.929007E-03  7.637909E-07  2.142625E-08  1.876622E-08  2.756476E-05  3.751615E-05  1.072811E-06  6.487944E-07  8.226835E-07  2.331787E-07
 2.771500E+02  1.105014E-02  3.996435E-06  4.869104E-10  6.399382E-10  7.121922E-10  8.502608E-10  1.851882E-02  2.785106E-05  5.319592E-07  1.110871E-02  4.096475E-05  1.812929E-06  2.958170E-08  2.052616E-04  7.235578E-08  2.404808E-07  1.520719E-08  2.872366E-03  7.210660E-07  2.054238E-08  1.797689E-08  2.691385E-05  3.662815E-05  9.960785E-07  5.997861E-07  7.608380E-07  2.186982E-07
 2.781500E+02  1.104436E-02  3.938498E-06  4.677373E-10  6.149414E-10  6.844226E-10  8.173581E-10  1.843875E-02  2.707867E-05  4.897740E-07  1.110131E-02  4.013921E-05  1.690224E-06  2.862170E-08  1.999806E-04  6.752802E-08  2.251422E-07  1.443598E-08  2.816990E-03  6.809338E-07  1.969886E-08  1.722427E-08  2.628185E-05  3.576604E-05  9.252569E-07  5.547809E-07  7.040225E-07  2.051985E-07
 2.791500E+02  1.103797E-02  3.881498E-06  4.494037E-10  5.910306E-10  6.578574E-10  7.858722E-10  1.835946E-02  2.633343E-05  4.512166E-07  1.109334E-02  3.933264E-05  1.576412E-06  2.769624E-08  1.948661E-04  6.305310E-08  2.108802E-07  1.370829E-08  2.762850E-03  6.432264E-07  1.889374E-08  1.650654E-08  2.566814E-05  3.492899E-05  8.598611E-07  5.134291E-07  6.517993E-07  1.926081E-07
 2.801500E+02  1.103099E-02  3.825426E-06  4.318699E-10  5.681552E-10  6.324405E-10  7.557376E-10  1.828092E-02  2.561423E-05  4.159523E-07  1.108482E-02  3.854459E-05  1.470813E-06  2.680402E-08  1.899121E-04  5.890316E-08  1.976127E-07  1.302145E-08  2.709918E-03  6.077875E-07  1.812513E-08  1.582196E-08  2.507212E-05  3.411616E-05  7.994479E-07  4.754133E-07  6.037709E-07  1.808613E-07
 2.811500E+02  1.102345E-02  3.770270E-06  4.150985E-10  5.462669E-10  6.081186E-10  7.268921E-10  1.820314E-02  2.491999E-05  3.836793E-07  1.107578E-02  3.777465E-05  1.372797E-06  2.594378E-08  1.851129E-04  5.505270E-08  1.852648E-07  1.237296E-08  2.658169E-03  5.744713E-07  1.739125E-08  1.516888E-08  2.449321E-05  3.332676E-05  7.436126E-07  4.404454E-07  5.595764E-07  1.698971E-07
 2.821500E+02  1.101535E-02  3.716019E-06  3.990539E-10  5.253199E-10  5.848409E-10  6.992763E-10  1.812610E-02  2.424970E-05  3.541253E-07  1.106622E-02  3.702241E-05  1.281787E-06  2.511432E-08  1.804629E-04  5.147839E-08  1.737673E-07  1.176050E-08  2.607576E-03  5.431420E-07  1.669043E-08  1.454575E-08  2.393086E-05  3.256001E-05  6.919851E-07  4.082637E-07  5.188881E-07  1.596596E-07
 2.831500E+02  1.100671E-02  3.662661E-06  3.837022E-10  5.052708E-10  5.625593E-10  6.728339E-10  1.804980E-02  2.360237E-05  3.270442E-07  1.105616E-02  3.628745E-05  1.197252E-06  2.431448E-08  1.759569E-04  4.815879E-08  1.630566E-07  1.118187E-08  2.558112E-03  5.136728E-07  1.602104E-08  1.395109E-08  2.338452E-05  3.181518E-05  6.442270E-07  3.786303E-07  4.814078E-07  1.500968E-07
 2.841500E+02  1.099755E-02  3.610185E-06  3.690111E-10  4.860780E-10  5.412277E-10  6.475111E-10  1.797423E-02  2.297710E-05  3.022139E-07  1.104562E-02  3.556937E-05  1.118704E-06  2.354313E-08  1.715897E-04  4.507429E-08  1.530744E-07  1.063505E-08  2.509752E-03  4.859455E-07  1.538159E-08  1.338349E-08  2.285367E-05  3.109155E-05  6.000287E-07  3.513290E-07  4.468643E-07  1.411609E-07
 2.851500E+02  1.098789E-02  3.558578E-06  3.549500E-10  4.677021E-10  5.208026E-10  6.232569E-10  1.789937E-02  2.237298E-05  2.794332E-07  1.103462E-02  3.486779E-05  1.045692E-06  2.279922E-08  1.673564E-04  4.220686E-08  1.437668E-07  1.011811E-08  2.462471E-03  4.598500E-07  1.477061E-08  1.284163E-08  2.233782E-05  3.038843E-05  5.591069E-07  3.261629E-07  4.150107E-07  1.328075E-07
 2.861500E+02  1.097774E-02  3.507831E-06  3.414897E-10  4.501056E-10  5.012424E-10  6.000226E-10  1.782523E-02  2.178917E-05  2.585203E-07  1.102317E-02  3.418232E-05  9.778011E-07  2.208169E-08  1.632524E-04  3.953997E-08  1.350844E-07  9.629290E-09  2.416245E-03  4.352833E-07  1.418675E-08  1.232425E-08  2.183647E-05  2.970516E-05  5.212019E-07  3.029531E-07  3.856224E-07  1.249957E-07
 2.871500E+02  1.096712E-02  3.457930E-06  3.286025E-10  4.332527E-10  4.825074E-10  5.777618E-10  1.775179E-02  2.122486E-05  2.393105E-07  1.101128E-02  3.351257E-05  9.146507E-07  2.138955E-08  1.592731E-04  3.705843E-08  1.269815E-07  9.166906E-09  2.371049E-03  4.121494E-07  1.362871E-08  1.183016E-08  2.134916E-05  2.904108E-05  4.860762E-07  2.815362E-07  3.584946E-07  1.176876E-07
 2.881500E+02  1.095604E-02  3.408865E-06  3.162619E-10  4.171095E-10  4.645601E-10  5.564304E-10  1.767903E-02  2.067929E-05  2.216546E-07  1.099897E-02  3.285819E-05  8.558885E-07  2.072185E-08  1.554142E-04  3.474828E-08  1.194161E-07  8.729398E-09  2.326859E-03  3.903588E-07  1.309524E-08  1.135821E-08  2.087545E-05  2.839559E-05  4.535118E-07  2.617638E-07  3.334405E-07  1.108483E-07
 2.891500E+02  1.094452E-02  3.360622E-06  3.044429E-10  4.016436E-10  4.473645E-10  5.359865E-10  1.760697E-02  2.015171E-05  2.054173E-07  1.098625E-02  3.221880E-05  8.011902E-07  2.007767E-08  1.516714E-04  3.259670E-08  1.123494E-07  8.315303E-09  2.283653E-03  3.698277E-07  1.258519E-08  1.090734E-08  2.041489E-05  2.776808E-05  4.233089E-07  2.435001E-07  3.102899E-07  1.044451E-07
 2.901500E+02  1.093257E-02  3.313192E-06  2.931215E-10  3.868242E-10  4.308866E-10  5.163899E-10  1.753557E-02  1.964143E-05  1.904760E-07  1.097314E-02  3.159405E-05  7.502568E-07  1.945612E-08  1.480408E-04  3.059188E-08  1.057456E-07  7.923250E-09  2.241407E-03  3.504779E-07  1.209743E-08  1.047653E-08  1.996706E-05  2.715797E-05  3.952844E-07  2.266216E-07  2.888874E-07  9.844814E-08
 2.911500E+02  1.092021E-02  3.266560E-06  2.822752E-10  3.726220E-10  4.150938E-10  4.976027E-10  1.746484E-02  1.914776E-05  1.767192E-07  1.095965E-02  3.098359E-05  7.028125E-07  1.885635E-08  1.445184E-04  2.872296E-08  9.957183E-08  7.551954E-09  2.200100E-03  3.322365E-07  1.163090E-08  1.006481E-08  1.953156E-05  2.656472E-05  3.692699E-07  2.110153E-07  2.690911E-07  9.282950E-08
 2.921500E+02  1.090744E-02  3.220716E-06  2.718821E-10  3.590091E-10  3.999553E-10  4.795886E-10  1.739477E-02  1.867008E-05  1.640458E-07  1.094579E-02  3.038707E-05  6.586028E-07  1.827753E-08  1.411005E-04  2.697996E-08  9.379747E-08  7.200211E-09  2.159709E-03  3.150351E-07  1.118462E-08  9.671255E-09  1.910800E-05  2.598777E-05  3.451112E-07  1.965783E-07  2.507714E-07  8.756339E-08
 2.931500E+02  1.089429E-02  3.175649E-06  2.619217E-10  3.459589E-10  3.854416E-10  4.623128E-10  1.732534E-02  1.820775E-05  1.523639E-07  1.093158E-02  2.980418E-05  6.173926E-07  1.771889E-08  1.377837E-04  2.535365E-08  8.839442E-08  6.866894E-09  2.120213E-03  2.988100E-07  1.075761E-08  9.295004E-09  1.869600E-05  2.542662E-05  3.226665E-07  1.832163E-07  2.338099E-07  8.262588E-08
 2.941500E+02  1.088077E-02  3.131345E-06  2.523745E-10  3.334461E-10  3.715246E-10  4.457426E-10  1.725656E-02  1.776020E-05  1.415898E-07  1.091703E-02  2.923457E-05  5.789652E-07  1.717967E-08  1.345643E-04  2.383556E-08  8.333667E-08  6.550943E-09  2.081592E-03  2.835016E-07  1.034898E-08  8.935227E-09  1.829519E-05  2.488077E-05  3.018054E-07  1.708432E-07  2.180982E-07  7.799480E-08
 2.951500E+02  1.086689E-02  3.087793E-06  2.432217E-10  3.214466E-10  3.581776E-10  4.298466E-10  1.718840E-02  1.732686E-05  1.316474E-07  1.090215E-02  2.867793E-05  5.431202E-07  1.665914E-08  1.314391E-04  2.241786E-08  7.860015E-08  6.251365E-09  2.043824E-03  2.690540E-07  9.957868E-09  8.591139E-09  1.790523E-05  2.434972E-05  2.824081E-07  1.593802E-07  2.035372E-07  7.364955E-08
 2.961500E+02  1.085266E-02  3.044982E-06  2.344456E-10  3.099375E-10  3.453751E-10  4.145947E-10  1.712087E-02  1.690720E-05  1.224676E-07  1.088696E-02  2.813394E-05  5.096725E-07  1.615659E-08  1.284050E-04  2.109333E-08  7.416262E-08  5.967229E-09  2.006890E-03  2.554152E-07  9.583451E-09  8.261995E-09  1.752577E-05  2.383302E-05  2.643645E-07  1.487554E-07  1.900362E-07  6.957103E-08
 2.971500E+02  1.083809E-02  3.002899E-06  2.260292E-10  2.988968E-10  3.330930E-10  3.999586E-10  1.705395E-02  1.650069E-05  1.139872E-07  1.087145E-02  2.760230E-05  4.784509E-07  1.567136E-08  1.254588E-04  1.985533E-08  7.000348E-08  5.697661E-09  1.970769E-03  2.425364E-07  9.224955E-09  7.947087E-09  1.715649E-05  2.333022E-05  2.475733E-07  1.389028E-07  1.775120E-07  6.574150E-08
 2.981500E+02  1.082321E-02  2.961534E-06  2.179565E-10  2.883038E-10  3.213080E-10  3.859111E-10  1.698763E-02  1.610686E-05  1.061486E-07  1.085566E-02  2.708272E-05  4.492974E-07  1.520280E-08  1.225975E-04  1.869769E-08  6.610367E-08  5.441840E-09  1.935444E-03  2.303718E-07  8.881641E-09  7.645745E-09  1.679706E-05  2.284087E-05  2.319411E-07  1.297619E-07  1.658885E-07  6.214448E-08
 2.991500E+02  1.080801E-02  2.920874E-06  2.102122E-10  2.781385E-10  3.099983E-10  3.724264E-10  1.692191E-02  1.572522E-05  9.889950E-08  1.083957E-02  2.657489E-05  4.220656E-07  1.475029E-08  1.198184E-04  1.761475E-08  6.244554E-08  5.198995E-09  1.900895E-03  2.188788E-07  8.552805E-09  7.357329E-09  1.644719E-05  2.236457E-05  2.173822E-07  1.212773E-07  1.550958E-07  5.876467E-08
 3.001500E+02  1.079251E-02  2.880908E-06  2.027815E-10  2.683822E-10  2.991428E-10  3.594796E-10  1.685679E-02  1.535532E-05  9.219194E-08  1.082322E-02  2.607854E-05  3.966202E-07  1.431323E-08  1.171187E-04  1.660126E-08  5.901272E-08  4.968402E-09  1.867103E-03  2.080172E-07  8.237782E-09  7.081235E-09  1.610658E-05  2.190090E-05  2.038172E-07  1.133982E-07  1.450701E-07  5.558784E-08
 3.011500E+02  1.077672E-02  2.841625E-06  1.956507E-10  2.590168E-10  2.887216E-10  3.470474E-10  1.679224E-02  1.499674E-05  8.598223E-08  1.080660E-02  2.559339E-05  3.728359E-07  1.389106E-08  1.144958E-04  1.565236E-08  5.579004E-08  4.749380E-09  1.834051E-03  1.977497E-07  7.935937E-09  6.816886E-09  1.577494E-05  2.144948E-05  1.911735E-07  1.060781E-07  1.357524E-07  5.260076E-08
 3.021500E+02  1.076065E-02  2.803013E-06  1.888064E-10  2.500251E-10  2.787155E-10  3.351073E-10  1.672826E-02  1.464906E-05  8.023043E-08  1.078973E-02  2.511915E-05  3.505968E-07  1.348321E-08  1.119471E-04  1.476358E-08  5.276346E-08  4.541289E-09  1.801722E-03  1.880410E-07  7.646665E-09  6.563735E-09  1.545200E-05  2.100993E-05  1.793836E-07  9.927417E-08  1.270889E-07  4.979111E-08
 3.031500E+02  1.074432E-02  2.765062E-06  1.822359E-10  2.413907E-10  2.691066E-10  3.236379E-10  1.666485E-02  1.431188E-05  7.490005E-08  1.077262E-02  2.465557E-05  3.297956E-07  1.308915E-08  1.094701E-04  1.393076E-08  4.991991E-08  4.343529E-09  1.770097E-03  1.788584E-07  7.369393E-09  6.321264E-09  1.513749E-05  2.058188E-05  1.683857E-07  9.294718E-08  1.190299E-07  4.714746E-08
 3.041500E+02  1.072773E-02  2.727759E-06  1.759274E-10  2.330981E-10  2.598773E-10  3.126188E-10  1.660200E-02  1.398482E-05  6.995768E-08  1.075528E-02  2.420239E-05  3.103326E-07  1.270838E-08  1.070626E-04  1.315007E-08  4.724728E-08  4.155534E-09  1.739161E-03  1.701709E-07  7.103574E-09  6.088978E-09  1.483116E-05  2.016499E-05  1.581225E-07  8.706104E-08  1.115300E-07  4.465915E-08
 3.051500E+02  1.071089E-02  2.691094E-06  1.698692E-10  2.251324E-10  2.510113E-10  3.020306E-10  1.653969E-02  1.366752E-05  6.537278E-08  1.073771E-02  2.375936E-05  2.921159E-07  1.234041E-08  1.047222E-04  1.241793E-08  4.473433E-08  3.976772E-09  1.708897E-03  1.619497E-07  6.848690E-09  5.866407E-09  1.453275E-05  1.975891E-05  1.485412E-07  8.158260E-08  1.045473E-07  4.231624E-08
 3.061500E+02  1.069382E-02  2.655056E-06  1.640505E-10  2.174793E-10  2.424929E-10  2.918548E-10  1.647793E-02  1.335963E-05  6.111737E-08  1.071992E-02  2.332622E-05  2.750598E-07  1.198477E-08  1.024468E-04  1.173107E-08  4.237062E-08  3.806742E-09  1.679289E-03  1.541676E-07  6.604246E-09  5.653106E-09  1.424203E-05  1.936331E-05  1.395931E-07  7.648137E-08  9.804313E-08  4.010952E-08
 3.071500E+02  1.067651E-02  2.619635E-06  1.584608E-10  2.101255E-10  2.343069E-10  2.820736E-10  1.641670E-02  1.306081E-05  5.716582E-08  1.070193E-02  2.290273E-05  2.590852E-07  1.164100E-08  1.002342E-04  1.108642E-08  4.014643E-08  3.644973E-09  1.650322E-03  1.467992E-07  6.369772E-09  5.448650E-09  1.395877E-05  1.897788E-05  1.312331E-07  7.172928E-08  9.198219E-08  3.803035E-08
 3.081500E+02  1.065899E-02  2.584819E-06  1.530902E-10  2.030579E-10  2.264391E-10  2.726702E-10  1.635600E-02  1.277075E-05  5.349463E-08  1.068374E-02  2.248867E-05  2.441186E-07  1.130866E-08  9.808247E-05  1.048115E-08  3.805274E-08  3.491022E-09  1.621979E-03  1.398208E-07  6.144821E-09  5.252636E-09  1.368273E-05  1.860231E-05  1.234195E-07  6.730053E-08  8.633180E-08  3.607071E-08
 3.091500E+02  1.064126E-02  2.550598E-06  1.479292E-10  1.962643E-10  2.188759E-10  2.636285E-10  1.629582E-02  1.248913E-05  5.008227E-08  1.066537E-02  2.208379E-05  2.300918E-07  1.098735E-08  9.598960E-05  9.912629E-09  3.608116E-08  3.344472E-09  1.594248E-03  1.332098E-07  5.928967E-09  5.064681E-09  1.341371E-05  1.823631E-05  1.161140E-07  6.317134E-08  8.106187E-08  3.422313E-08
 3.101500E+02  1.062333E-02  2.516962E-06  1.429688E-10  1.897330E-10  2.116042E-10  2.549330E-10  1.623616E-02  1.221566E-05  4.690895E-08  1.064681E-02  2.168788E-05  2.169415E-07  1.067666E-08  9.395371E-05  9.378426E-09  3.422387E-08  3.204928E-09  1.567111E-03  1.269454E-07  5.721803E-09  4.884419E-09  1.315150E-05  1.787958E-05  1.092809E-07  5.931979E-08  7.614472E-08  3.248062E-08
 3.111500E+02  1.060521E-02  2.483900E-06  1.382004E-10  1.834527E-10  2.046116E-10  2.465693E-10  1.617699E-02  1.195005E-05  4.395654E-08  1.062808E-02  2.130072E-05  2.046088E-07  1.037620E-08  9.197298E-05  8.876273E-09  3.247362E-08  3.072019E-09  1.540557E-03  1.210077E-07  5.522945E-09  4.711503E-09  1.289589E-05  1.753186E-05  1.028873E-07  5.572571E-08  7.155478E-08  3.083666E-08
 3.121500E+02  1.058690E-02  2.451402E-06  1.336158E-10  1.774128E-10  1.978863E-10  2.385231E-10  1.611833E-02  1.169204E-05  4.120837E-08  1.060918E-02  2.092209E-05  1.930394E-07  1.008560E-08  9.004566E-05  8.404069E-09  3.082361E-08  2.945397E-09  1.514571E-03  1.153783E-07  5.332025E-09  4.545603E-09  1.264668E-05  1.719287E-05  9.690270E-08  5.237047E-08  6.726849E-08  2.928519E-08
 3.131500E+02  1.056841E-02  2.419458E-06  1.292070E-10  1.716032E-10  1.914170E-10  2.307813E-10  1.606016E-02  1.144135E-05  3.864911E-08  1.059013E-02  2.055178E-05  1.821823E-07  9.804500E-09  8.817006E-05  7.959860E-09  2.926756E-08  2.824732E-09  1.489138E-03  1.100397E-07  5.148692E-09  4.386405E-09  1.240370E-05  1.686235E-05  9.129887E-08  4.923689E-08  6.326410E-08  2.782052E-08
 3.141500E+02  1.054976E-02  2.388059E-06  1.249667E-10  1.660140E-10  1.851928E-10  2.233309E-10  1.600247E-02  1.119775E-05  3.626467E-08  1.057092E-02  2.018960E-05  1.719906E-07  9.532562E-09  8.634454E-05  7.541828E-09  2.779959E-08  2.709713E-09  1.464247E-03  1.049757E-07  4.972613E-09  4.233609E-09  1.216675E-05  1.654007E-05  8.604967E-08  4.630913E-08  5.952154E-08  2.643737E-08
 3.151500E+02  1.053095E-02  2.357194E-06  1.208877E-10  1.606360E-10  1.792034E-10  2.161600E-10  1.594527E-02  1.096099E-05  3.404210E-08  1.055157E-02  1.983534E-05  1.624203E-07  9.269453E-09  8.456755E-05  7.148287E-09  2.641422E-08  2.600048E-09  1.439884E-03  1.001708E-07  4.803471E-09  4.086932E-09  1.193566E-05  1.622576E-05  8.113088E-08  4.357255E-08  5.602226E-08  2.513076E-08
 3.161500E+02  1.051198E-02  2.326854E-06  1.169632E-10  1.554603E-10  1.734391E-10  2.092567E-10  1.588853E-02  1.073083E-05  3.196947E-08  1.053208E-02  1.948881E-05  1.534308E-07  9.014857E-09  8.283754E-05  6.777664E-09  2.510633E-08  2.495459E-09  1.416037E-03  9.561067E-08  4.640963E-09  3.946101E-09  1.171026E-05  1.591921E-05  7.652004E-08  4.101362E-08  5.274912E-08  2.389609E-08
 3.171500E+02  1.049287E-02  2.297030E-06  1.131867E-10  1.504786E-10  1.678903E-10  2.026101E-10  1.583226E-02  1.050706E-05  3.003581E-08  1.051246E-02  1.914983E-05  1.449842E-07  8.768467E-09  8.115308E-05  6.428498E-09  2.387117E-08  2.395687E-09  1.392693E-03  9.128165E-08  4.484800E-09  3.810859E-09  1.149039E-05  1.562018E-05  7.219633E-08  3.861985E-08  4.968628E-08  2.272902E-08
 3.181500E+02  1.047361E-02  2.267712E-06  1.095519E-10  1.456826E-10  1.625483E-10  1.962094E-10  1.577645E-02  1.028947E-05  2.823098E-08  1.049272E-02  1.881820E-05  1.370451E-07  8.529990E-09  7.951273E-05  6.099427E-09  2.270428E-08  2.300483E-09  1.369841E-03  8.717101E-08  4.334708E-09  3.680960E-09  1.127587E-05  1.532847E-05  6.814043E-08  3.637969E-08  4.681909E-08  2.162550E-08
 3.191500E+02  1.045423E-02  2.238890E-06  1.060531E-10  1.410647E-10  1.574043E-10  1.900446E-10  1.572110E-02  1.007783E-05  2.654568E-08  1.047286E-02  1.849376E-05  1.295808E-07  8.299144E-09  7.791515E-05  5.789183E-09  2.160152E-08  2.209617E-09  1.347469E-03  8.326674E-08  4.190426E-09  3.556170E-09  1.106657E-05  1.504384E-05  6.433440E-08  3.428245E-08  4.413400E-08  2.058176E-08
 3.201500E+02  1.043472E-02  2.210556E-06  1.026844E-10  1.366176E-10  1.524502E-10  1.841060E-10  1.566619E-02  9.871964E-06  2.497128E-08  1.045289E-02  1.817632E-05  1.225606E-07  8.075657E-09  7.635900E-05  5.496586E-09  2.055900E-08  2.122868E-09  1.325565E-03  7.955753E-08  4.051702E-09  3.436266E-09  1.086233E-05  1.476611E-05  6.076161E-08  3.231825E-08  4.161845E-08  1.959425E-08
 3.211500E+02  1.041508E-02  2.182701E-06  9.944059E-11  1.323342E-10  1.476782E-10  1.783844E-10  1.561172E-02  9.671675E-06  2.349987E-08  1.043281E-02  1.786572E-05  1.159562E-07  7.859268E-09  7.484304E-05  5.220534E-09  1.957310E-08  2.040029E-09  1.304119E-03  7.603275E-08  3.918300E-09  3.321035E-09  1.066300E-05  1.449507E-05  5.740659E-08  3.047792E-08  3.926084E-08  1.865966E-08
 3.221500E+02  1.039534E-02  2.155317E-06  9.631641E-11  1.282077E-10  1.430809E-10  1.728708E-10  1.555769E-02  9.476780E-06  2.212412E-08  1.041263E-02  1.756179E-05  1.097409E-07  7.649726E-09  7.336602E-05  4.960001E-09  1.864043E-08  1.960904E-09  1.283119E-03  7.268240E-08  3.789991E-09  3.210276E-09  1.046844E-05  1.423054E-05  5.425499E-08  2.875299E-08  3.705038E-08  1.777487E-08
 3.231500E+02  1.037549E-02  2.128394E-06  9.330697E-11  1.242318E-10  1.386510E-10  1.675569E-10  1.550408E-02  9.287104E-06  2.083726E-08  1.039236E-02  1.726437E-05  1.038902E-07  7.446789E-09  7.192676E-05  4.714028E-09  1.775782E-08  1.885306E-09  1.262556E-03  6.949703E-08  3.666561E-09  3.103795E-09  1.027853E-05  1.397232E-05  5.129345E-08  2.713560E-08  3.497712E-08  1.693700E-08
 3.241500E+02  1.035553E-02  2.101923E-06  9.040755E-11  1.204003E-10  1.343818E-10  1.624345E-10  1.545091E-02  9.102477E-06  1.963305E-08  1.037199E-02  1.697330E-05  9.838084E-08  7.250224E-09  7.052413E-05  4.481723E-09  1.692232E-08  1.813062E-09  1.242418E-03  6.646777E-08  3.547801E-09  3.001408E-09  1.009312E-05  1.372024E-05  4.850957E-08  2.561848E-08  3.303180E-08  1.614330E-08
 3.251500E+02  1.033548E-02  2.075898E-06  8.761367E-11  1.167073E-10  1.302668E-10  1.574959E-10  1.539814E-02  8.922736E-06  1.850570E-08  1.035155E-02  1.668843E-05  9.319143E-08  7.059808E-09  6.915702E-05  4.262250E-09  1.613114E-08  1.744005E-09  1.222695E-03  6.358626E-08  3.433516E-09  2.902940E-09  9.912091E-06  1.347412E-05  4.589180E-08  2.419488E-08  3.120583E-08  1.539123E-08
 3.261500E+02  1.031534E-02  2.050309E-06  8.492102E-11  1.131473E-10  1.262997E-10  1.527338E-10  1.534580E-02  8.747725E-06  1.744989E-08  1.033102E-02  1.640961E-05  8.830191E-08  6.875326E-09  6.782436E-05  4.054831E-09  1.538170E-08  1.677978E-09  1.203379E-03  6.084462E-08  3.323516E-09  2.808224E-09  9.735321E-06  1.323380E-05  4.342941E-08  2.285853E-08  2.949127E-08  1.467840E-08
 3.271500E+02  1.029511E-02  2.025148E-06  8.232549E-11  1.097149E-10  1.224746E-10  1.481411E-10  1.529386E-02  8.577292E-06  1.646066E-08  1.031042E-02  1.613670E-05  8.369358E-08  6.696571E-09  6.652512E-05  3.858738E-09  1.467156E-08  1.614833E-09  1.184459E-03  5.823540E-08  3.217623E-09  2.717100E-09  9.562691E-06  1.299912E-05  4.111240E-08  2.160362E-08  2.788072E-08  1.400256E-08
 3.281500E+02  1.027480E-02  2.000408E-06  7.982317E-11  1.064050E-10  1.187858E-10  1.437110E-10  1.524232E-02  8.411292E-06  1.553345E-08  1.028975E-02  1.586954E-05  7.934896E-08  6.523344E-09  6.525831E-05  3.673291E-09  1.399844E-08  1.554430E-09  1.165926E-03  5.575162E-08  3.115666E-09  2.629417E-09  9.394084E-06  1.276991E-05  3.893146E-08  2.042475E-08  2.636732E-08  1.336159E-08
 3.291500E+02  1.025442E-02  1.976080E-06  7.741031E-11  1.032126E-10  1.152278E-10  1.394371E-10  1.519117E-02  8.249585E-06  1.466401E-08  1.026902E-02  1.560801E-05  7.525176E-08  6.355452E-09  6.402298E-05  3.497854E-09  1.336023E-08  1.496635E-09  1.147772E-03  5.338666E-08  3.017480E-09  2.545029E-09  9.229388E-06  1.254603E-05  3.687794E-08  1.931692E-08  2.494469E-08  1.275354E-08
 3.301500E+02  1.023397E-02  1.952157E-06  7.508331E-11  1.001331E-10  1.117954E-10  1.353132E-10  1.514042E-02  8.092036E-06  1.384843E-08  1.024822E-02  1.535196E-05  7.138675E-08  6.192711E-09  6.281818E-05  3.331833E-09  1.275491E-08  1.441323E-09  1.129986E-03  5.113430E-08  2.922911E-09  2.463798E-09  9.068497E-06  1.232732E-05  3.494376E-08  1.827546E-08  2.360691E-08  1.217654E-08
 3.311500E+02  1.021345E-02  1.928632E-06  7.283874E-11  9.716196E-11  1.084837E-10  1.313334E-10  1.509006E-02  7.938516E-06  1.308306E-08  1.022737E-02  1.510127E-05  6.773971E-08  6.034943E-09  6.164302E-05  3.174671E-09  1.218061E-08  1.388375E-09  1.112561E-03  4.898865E-08  2.831808E-09  2.385592E-09  8.911305E-06  1.211365E-05  3.312138E-08  1.729606E-08  2.234847E-08  1.162884E-08
 3.321500E+02  1.019287E-02  1.905497E-06  7.067332E-11  9.429495E-11  1.052878E-10  1.274919E-10  1.504008E-02  7.788898E-06  1.236454E-08  1.020647E-02  1.485581E-05  6.429735E-08  5.881979E-09  6.049663E-05  3.025847E-09  1.163558E-08  1.337677E-09  1.095488E-03  4.694417E-08  2.744029E-09  2.310285E-09  8.757710E-06  1.190488E-05  3.140380E-08  1.637469E-08  2.116424E-08  1.110882E-08
 3.331500E+02  1.017223E-02  1.882744E-06  6.858393E-11  9.152794E-11  1.022033E-10  1.237835E-10  1.499047E-02  7.643062E-06  1.168975E-08  1.018552E-02  1.461546E-05  6.104724E-08  5.733652E-09  5.937818E-05  2.884874E-09  1.111816E-08  1.289122E-09  1.078759E-03  4.499563E-08  2.659439E-09  2.237757E-09  8.607615E-06  1.170086E-05  2.978448E-08  1.550760E-08  2.004947E-08  1.061494E-08
 3.341500E+02  1.015154E-02  1.860367E-06  6.656754E-11  8.885702E-11  9.922571E-11  1.202029E-10  1.494124E-02  7.500892E-06  1.105576E-08  1.016452E-02  1.438009E-05  5.797776E-08  5.589805E-09  5.828686E-05  2.751296E-09  1.062681E-08  1.242610E-09  1.062366E-03  4.313809E-08  2.577908E-09  2.167892E-09  8.460924E-06  1.150148E-05  2.825730E-08  1.469131E-08  1.899971E-08  1.014575E-08
 3.351500E+02  1.013080E-02  1.838359E-06  6.462130E-11  8.627841E-11  9.635091E-11  1.167451E-10  1.489237E-02  7.362276E-06  1.045990E-08  1.014349E-02  1.414958E-05  5.507804E-08  5.450284E-09  5.722187E-05  2.624685E-09  1.016007E-08  1.198043E-09  1.046301E-03  4.136687E-08  2.499311E-09  2.100581E-09  8.317545E-06  1.130661E-05  2.681657E-08  1.392258E-08  1.801082E-08  9.699887E-09
 3.361500E+02  1.011001E-02  1.816712E-06  6.274245E-11  8.378853E-11  9.357489E-11  1.134055E-10  1.484387E-02  7.227105E-06  9.899666E-09  1.012241E-02  1.392382E-05  5.233793E-08  5.314944E-09  5.618247E-05  2.504641E-09  9.716583E-09  1.155332E-09  1.030556E-03  3.967756E-08  2.423530E-09  2.035720E-09  8.177389E-06  1.111612E-05  2.545698E-08  1.319839E-08  1.707897E-08  9.276085E-09
 3.371500E+02  1.008919E-02  1.795421E-06  6.092836E-11  8.138392E-11  9.089382E-11  1.101793E-10  1.479572E-02  7.095275E-06  9.372723E-09  1.010131E-02  1.370269E-05  4.974789E-08  5.183642E-09  5.516791E-05  2.390787E-09  9.295058E-09  1.114388E-09  1.015125E-03  3.806601E-08  2.350451E-09  1.973208E-09  8.040368E-06  1.092990E-05  2.417355E-08  1.251592E-08  1.620056E-08  8.873137E-09
 3.381500E+02  1.006833E-02  1.774477E-06  5.917651E-11  7.906131E-11  8.830403E-11  1.070624E-10  1.474793E-02  6.966685E-06  8.876914E-09  1.008018E-02  1.348609E-05  4.729903E-08  5.056243E-09  5.417750E-05  2.282772E-09  8.894293E-09  1.075130E-09  9.999995E-04  3.652827E-08  2.279967E-09  1.912950E-09  7.906399E-06  1.074782E-05  2.296164E-08  1.187257E-08  1.537225E-08  8.489915E-09
 3.391500E+02  1.004743E-02  1.753876E-06  5.748450E-11  7.681751E-11  8.580202E-11  1.040505E-10  1.470048E-02  6.841239E-06  8.410229E-09  1.005902E-02  1.327391E-05  4.498301E-08  4.932614E-09  5.321054E-05  2.180264E-09  8.513154E-09  1.037480E-09  9.851728E-04  3.506063E-08  2.211973E-09  1.854854E-09  7.775401E-06  1.056979E-05  2.181692E-08  1.126587E-08  1.459092E-08  8.125353E-09
 3.401500E+02  1.002651E-02  1.733610E-06  5.585000E-11  7.464953E-11  8.338441E-11  1.011395E-10  1.465338E-02  6.718841E-06  7.970799E-09  1.003784E-02  1.306605E-05  4.279200E-08  4.812631E-09  5.226636E-05  2.082954E-09  8.150575E-09  1.001364E-09  9.706381E-04  3.365957E-08  2.146371E-09  1.798833E-09  7.647294E-06  1.039570E-05  2.073534E-08  1.069356E-08  1.385366E-08  7.778451E-09
 3.411500E+02  1.000555E-02  1.713673E-06  5.427082E-11  7.255444E-11  8.104800E-11  9.832578E-11  1.460662E-02  6.599403E-06  7.556883E-09  1.001664E-02  1.286240E-05  4.071869E-08  4.696170E-09  5.134434E-05  1.990551E-09  7.805554E-09  9.667124E-10  9.563886E-04  3.232176E-08  2.083065E-09  1.744804E-09  7.522002E-06  1.022543E-05  1.971311E-08  1.015350E-08  1.315777E-08  7.448264E-09
 3.421500E+02  9.984577E-03  1.694060E-06  5.274484E-11  7.052949E-11  7.878969E-11  9.560553E-11  1.456020E-02  6.482836E-06  7.166863E-09  9.995421E-03  1.266286E-05  3.875622E-08  4.583115E-09  5.044384E-05  1.902781E-09  7.477147E-09  9.334578E-10  9.424179E-04  3.104406E-08  2.021965E-09  1.692688E-09  7.399451E-06  1.005889E-05  1.874667E-08  9.643721E-09  1.250070E-08  7.133905E-09
 3.431500E+02  9.963582E-03  1.674763E-06  5.127002E-11  6.857202E-11  7.660652E-11  9.297527E-11  1.451411E-02  6.369056E-06  6.799229E-09  9.974190E-03  1.246735E-05  3.689816E-08  4.473352E-09  4.956426E-05  1.819387E-09  7.164466E-09  9.015371E-10  9.287195E-04  2.982348E-08  1.962985E-09  1.642406E-09  7.279569E-06  9.895975E-06  1.783272E-08  9.162356E-09  1.188009E-08  6.834536E-09
 3.441500E+02  9.942569E-03  1.655777E-06  4.984443E-11  6.667947E-11  7.449567E-11  9.043161E-11  1.446835E-02  6.257982E-06  6.452576E-09  9.952949E-03  1.227576E-05  3.513848E-08  4.366773E-09  4.870502E-05  1.740129E-09  6.866676E-09  8.708900E-10  9.152872E-04  2.865721E-08  1.906041E-09  1.593888E-09  7.162285E-06  9.736599E-06  1.696814E-08  8.707681E-09  1.129373E-08  6.549368E-09
 3.451500E+02  9.921543E-03  1.637097E-06  4.846620E-11  6.484940E-11  7.245441E-11  8.797132E-11  1.442291E-02  6.149534E-06  6.125592E-09  9.931700E-03  1.208800E-05  3.347151E-08  4.263272E-09  4.786556E-05  1.664778E-09  6.582987E-09  8.414594E-10  9.021150E-04  2.754259E-08  1.851054E-09  1.547063E-09  7.047533E-06  9.580664E-06  1.615003E-08  8.278077E-09  1.073955E-08  6.277657E-09
 3.461500E+02  9.900505E-03  1.618716E-06  4.713354E-11  6.307947E-11  7.048015E-11  8.559129E-11  1.437779E-02  6.043638E-06  5.817058E-09  9.910447E-03  1.190398E-05  3.189195E-08  4.162749E-09  4.704533E-05  1.593123E-09  6.312659E-09  8.131910E-10  8.891970E-04  2.647710E-08  1.797948E-09  1.501865E-09  6.935246E-06  9.428082E-06  1.537567E-08  7.872035E-09  1.021562E-08  6.018702E-09
 3.471500E+02  9.879459E-03  1.600630E-06  4.584475E-11  6.136744E-11  6.857038E-11  8.328856E-11  1.433299E-02  5.940219E-06  5.525832E-09  9.889190E-03  1.172363E-05  3.039482E-08  4.065106E-09  4.624380E-05  1.524962E-09  6.054991E-09  7.860330E-10  8.765274E-04  2.545833E-08  1.746650E-09  1.458229E-09  6.825361E-06  9.278766E-06  1.464251E-08  7.488142E-09  9.720141E-09  5.771840E-09
 3.481500E+02  9.858407E-03  1.582832E-06  4.459819E-11  5.971116E-11  6.672271E-11  8.106027E-11  1.428850E-02  5.839207E-06  5.250851E-09  9.867934E-03  1.154684E-05  2.897544E-08  3.970248E-09  4.546045E-05  1.460107E-09  5.809324E-09  7.599362E-10  8.641006E-04  2.448403E-08  1.697091E-09  1.416095E-09  6.717815E-06  9.132632E-06  1.394815E-08  7.125077E-09  9.251415E-09  5.536448E-09
 3.491500E+02  9.837352E-03  1.565317E-06  4.339228E-11  5.810856E-11  6.493485E-11  7.890368E-11  1.424432E-02  5.740533E-06  4.991123E-09  9.846681E-03  1.137355E-05  2.762941E-08  3.878086E-09  4.469481E-05  1.398380E-09  5.575037E-09  7.348540E-10  8.519111E-04  2.355205E-08  1.649204E-09  1.375404E-09  6.612550E-06  8.989597E-06  1.329035E-08  6.781604E-09  8.807863E-09  5.311937E-09
 3.501500E+02  9.816297E-03  1.548080E-06  4.222551E-11  5.655767E-11  6.320459E-11  7.681616E-11  1.420044E-02  5.644130E-06  4.745720E-09  9.825432E-03  1.120366E-05  2.635262E-08  3.788532E-09  4.394637E-05  1.339614E-09  5.351543E-09  7.107418E-10  8.399536E-04  2.266036E-08  1.602925E-09  1.336100E-09  6.509506E-06  8.849583E-06  1.266701E-08  6.456566E-09  8.388006E-09  5.097748E-09
 3.511500E+02  9.795244E-03  1.531116E-06  4.109645E-11  5.505658E-11  6.152981E-11  7.479520E-11  1.415687E-02  5.549935E-06  4.513777E-09  9.804190E-03  1.103711E-05  2.514119E-08  3.701501E-09  4.321468E-05  1.283651E-09  5.138288E-09  6.875574E-10  8.282229E-04  2.180703E-08  1.558192E-09  1.298130E-09  6.408626E-06  8.712513E-06  1.207617E-08  6.148880E-09  7.990458E-09  4.893359E-09
 3.521500E+02  9.774194E-03  1.514419E-06  4.000370E-11  5.360347E-11  5.990850E-11  7.283838E-11  1.411360E-02  5.457885E-06  4.294484E-09  9.782957E-03  1.087381E-05  2.399147E-08  3.616912E-09  4.249929E-05  1.230344E-09  4.934750E-09  6.652603E-10  8.167139E-04  2.099024E-08  1.514948E-09  1.261443E-09  6.309857E-06  8.578310E-06  1.151596E-08  5.857532E-09  7.613920E-09  4.698271E-09
 3.531500E+02  9.753152E-03  1.497986E-06  3.894594E-11  5.219659E-11  5.833871E-11  7.094336E-11  1.407061E-02  5.367921E-06  4.087084E-09  9.761736E-03  1.071369E-05  2.290005E-08  3.534688E-09  4.179976E-05  1.179552E-09  4.740436E-09  6.438123E-10  8.054216E-04  2.020826E-08  1.473135E-09  1.225989E-09  6.213145E-06  8.446904E-06  1.098466E-08  5.581572E-09  7.257177E-09  4.512016E-09
 3.541500E+02  9.732118E-03  1.481810E-06  3.792188E-11  5.083427E-11  5.681857E-11  6.910794E-11  1.402792E-02  5.279985E-06  3.890870E-09  9.740528E-03  1.055667E-05  2.186369E-08  3.454751E-09  4.111566E-05  1.131144E-09  4.554880E-09  6.231768E-10  7.943412E-04  1.945943E-08  1.432701E-09  1.191721E-09  6.118437E-06  8.318224E-06  1.048064E-08  5.320111E-09  6.919087E-09  4.334152E-09
 3.551500E+02  9.711094E-03  1.465887E-06  3.693030E-11  4.951490E-11  5.534628E-11  6.732996E-11  1.398552E-02  5.194020E-06  3.705180E-09  9.719336E-03  1.040270E-05  2.087938E-08  3.377030E-09  4.044658E-05  1.084996E-09  4.377642E-09  6.033190E-10  7.834681E-04  1.874221E-08  1.393593E-09  1.158595E-09  6.025685E-06  8.192201E-06  1.000236E-08  5.072313E-09  6.598581E-09  4.164258E-09
 3.561500E+02  9.690084E-03  1.450213E-06  3.597003E-11  4.823692E-11  5.392013E-11  6.560737E-11  1.394340E-02  5.109972E-06  3.529394E-09  9.698161E-03  1.025169E-05  1.994426E-08  3.301454E-09  3.979214E-05  1.040990E-09  4.208306E-09  5.842057E-10  7.727975E-04  1.805512E-08  1.355762E-09  1.126567E-09  5.934838E-06  8.068768E-06  9.548384E-09  4.837396E-09  6.294657E-09  4.001940E-09
 3.571500E+02  9.669089E-03  1.434783E-06  3.503993E-11  4.699887E-11  5.253846E-11  6.393820E-11  1.390157E-02  5.027789E-06  3.362932E-09  9.677006E-03  1.010358E-05  1.905565E-08  3.227956E-09  3.915193E-05  9.990163E-10  4.046479E-09  5.658055E-10  7.623251E-04  1.739675E-08  1.319161E-09  1.095595E-09  5.845850E-06  7.947862E-06  9.117365E-09  4.614626E-09  6.006373E-09  3.846822E-09
 3.581500E+02  9.648110E-03  1.419592E-06  3.413893E-11  4.579930E-11  5.119969E-11  6.232056E-11  1.386001E-02  4.947420E-06  3.205252E-09  9.655871E-03  9.958309E-06  1.821103E-08  3.156468E-09  3.852559E-05  9.589704E-10  3.891789E-09  5.480881E-10  7.520465E-04  1.676577E-08  1.283744E-09  1.065641E-09  5.758674E-06  7.829419E-06  8.708031E-09  4.403314E-09  5.732847E-09  3.698550E-09
 3.591500E+02  9.627150E-03  1.404635E-06  3.326598E-11  4.463685E-11  4.990230E-11  6.075261E-11  1.381873E-02  4.868815E-06  3.055843E-09  9.634759E-03  9.815808E-06  1.740802E-08  3.086929E-09  3.791275E-05  9.207539E-10  3.743886E-09  5.310249E-10  7.419573E-04  1.616092E-08  1.249468E-09  1.036667E-09  5.673266E-06  7.713379E-06  8.319188E-09  4.202814E-09  5.473250E-09  3.556789E-09
 3.601500E+02  9.606211E-03  1.389910E-06  3.242008E-11  4.351021E-11  4.864481E-11  5.923262E-11  1.377771E-02  4.791928E-06  2.914230E-09  9.613671E-03  9.676015E-06  1.664439E-08  3.019278E-09  3.731306E-05  8.842739E-10  3.602437E-09  5.145885E-10  7.320535E-04  1.558099E-08  1.216290E-09  1.008635E-09  5.589582E-06  7.599683E-06  7.949712E-09  4.012519E-09  5.226802E-09  3.421220E-09
 3.611500E+02  9.585293E-03  1.375411E-06  3.160028E-11  4.241812E-11  4.742583E-11  5.775891E-11  1.373697E-02  4.716711E-06  2.779965E-09  9.592609E-03  9.538870E-06  1.591802E-08  2.953454E-09  3.672619E-05  8.494427E-10  3.467126E-09  4.987528E-10  7.223310E-04  1.502484E-08  1.184171E-09  9.815106E-10  5.507580E-06  7.488272E-06  7.598548E-09  3.831858E-09  4.992773E-09  3.291545E-09
 3.621500E+02  9.564400E-03  1.361134E-06  3.080565E-11  4.135935E-11  4.624401E-11  5.632985E-11  1.369649E-02  4.643120E-06  2.652630E-09  9.571575E-03  9.404313E-06  1.522694E-08  2.889403E-09  3.615179E-05  8.161773E-10  3.337657E-09  4.834929E-10  7.127857E-04  1.449140E-08  1.153071E-09  9.552609E-10  5.427220E-06  7.379092E-06  7.264701E-09  3.660297E-09  4.770475E-09  3.167478E-09
 3.631500E+02  9.543532E-03  1.347076E-06  3.003530E-11  4.033274E-11  4.509803E-11  5.494389E-11  1.365628E-02  4.571112E-06  2.531830E-09  9.550570E-03  9.272287E-06  1.456926E-08  2.827068E-09  3.558955E-05  7.843994E-10  3.213748E-09  4.687851E-10  7.034140E-04  1.397963E-08  1.122955E-09  9.298535E-10  5.348460E-06  7.272088E-06  6.947236E-09  3.497332E-09  4.559262E-09  3.048749E-09
 3.641500E+02  9.522690E-03  1.333231E-06  2.928839E-11  3.933718E-11  4.398666E-11  5.359955E-11  1.361633E-02  4.500645E-06  2.417198E-09  9.529595E-03  9.142736E-06  1.394322E-08  2.766396E-09  3.503915E-05  7.540350E-10  3.095131E-09  4.546067E-10  6.942119E-04  1.348855E-08  1.093787E-09  9.052575E-10  5.271263E-06  7.167207E-06  6.645270E-09  3.342490E-09  4.358527E-09  2.935104E-09
 3.651500E+02  9.501878E-03  1.319597E-06  2.856410E-11  3.837158E-11  4.290870E-11  5.229538E-11  1.357663E-02  4.431678E-06  2.308385E-09  9.508652E-03  9.015605E-06  1.334716E-08  2.707337E-09  3.450030E-05  7.250141E-10  2.981554E-09  4.409360E-10  6.851759E-04  1.301723E-08  1.065532E-09  8.814435E-10  5.195591E-06  7.064398E-06  6.357975E-09  3.195326E-09  4.167697E-09  2.826299E-09
 3.661500E+02  9.481095E-03  1.306170E-06  2.786164E-11  3.743491E-11  4.186299E-11  5.103001E-11  1.353718E-02  4.364172E-06  2.205068E-09  9.487742E-03  8.890839E-06  1.277950E-08  2.649841E-09  3.397270E-05  6.972704E-10  2.872777E-09  4.277525E-10  6.763023E-04  1.256478E-08  1.038157E-09  8.583829E-10  5.121407E-06  6.963611E-06  6.084569E-09  3.055421E-09  3.986237E-09  2.722106E-09
 3.671500E+02  9.460343E-03  1.292945E-06  2.718025E-11  3.652617E-11  4.084842E-11  4.980211E-11  1.349799E-02  4.298089E-06  2.106941E-09  9.466866E-03  8.768387E-06  1.223878E-08  2.593861E-09  3.345606E-05  6.707413E-10  2.768573E-09  4.150363E-10  6.675876E-04  1.213037E-08  1.011632E-09  8.360487E-10  5.048675E-06  6.864799E-06  5.824314E-09  2.922383E-09  3.813639E-09  2.622307E-09
 3.681500E+02  9.439624E-03  1.279919E-06  2.651921E-11  3.564441E-11  3.986393E-11  4.861040E-11  1.345905E-02  4.233392E-06  2.013717E-09  9.446026E-03  8.648198E-06  1.172358E-08  2.539349E-09  3.295012E-05  6.453676E-10  2.668727E-09  4.027687E-10  6.590284E-04  1.171320E-08  9.859267E-10  8.144147E-10  4.977361E-06  6.767912E-06  5.576518E-09  2.795839E-09  3.649427E-09  2.526696E-09
 3.691500E+02  9.418938E-03  1.267089E-06  2.587782E-11  3.478870E-11  3.890849E-11  4.745365E-11  1.342035E-02  4.170044E-06  1.925125E-09  9.425223E-03  8.530222E-06  1.123259E-08  2.486262E-09  3.245459E-05  6.210932E-10  2.573034E-09  3.909316E-10  6.506215E-04  1.131249E-08  9.610114E-10  7.934557E-10  4.907432E-06  6.672907E-06  5.340524E-09  2.675443E-09  3.493154E-09  2.435076E-09
 3.701500E+02  9.398288E-03  1.254450E-06  2.525540E-11  3.395816E-11  3.798111E-11  4.633068E-11  1.338190E-02  4.108012E-06  1.840912E-09  9.404458E-03  8.414411E-06  1.076457E-08  2.434556E-09  3.196922E-05  5.978648E-10  2.481302E-09  3.795078E-10  6.423634E-04  1.092753E-08  9.368585E-10  7.731477E-10  4.838854E-06  6.579738E-06  5.115716E-09  2.560864E-09  3.344396E-09  2.347263E-09
 3.711500E+02  9.377674E-03  1.242000E-06  2.465132E-11  3.315193E-11  3.708085E-11  4.524036E-11  1.334369E-02  4.047261E-06  1.760841E-09  9.383732E-03  8.300717E-06  1.031833E-08  2.384190E-09  3.149375E-05  5.756323E-10  2.393346E-09  3.684810E-10  6.342512E-04  1.055763E-08  9.134413E-10  7.534675E-10  4.771595E-06  6.488362E-06  4.901512E-09  2.451795E-09  3.202756E-09  2.263080E-09
 3.721500E+02  9.357098E-03  1.229735E-06  2.406495E-11  3.236919E-11  3.620679E-11  4.418159E-11  1.330571E-02  3.987758E-06  1.684685E-09  9.363047E-03  8.189094E-06  9.892764E-09  2.335124E-09  3.102795E-05  5.543480E-10  2.308992E-09  3.578354E-10  6.262816E-04  1.020214E-08  8.907341E-10  7.343930E-10  4.705626E-06  6.398737E-06  4.697361E-09  2.347942E-09  3.067858E-09  2.182359E-09
 3.731500E+02  9.336560E-03  1.217652E-06  2.349569E-11  3.160916E-11  3.535804E-11  4.315332E-11  1.326797E-02  3.929473E-06  1.612234E-09  9.342402E-03  8.079498E-06  9.486826E-09  2.287319E-09  3.057156E-05  5.339667E-10  2.228075E-09  3.475560E-10  6.184516E-04  9.860410E-09  8.687122E-10  7.159027E-10  4.640915E-06  6.310822E-06  4.502745E-09  2.249032E-09  2.939349E-09  2.104943E-09
 3.741500E+02  9.316061E-03  1.205747E-06  2.294296E-11  3.087108E-11  3.453377E-11  4.215452E-11  1.323047E-02  3.872374E-06  1.543290E-09  9.321800E-03  7.971884E-06  9.099522E-09  2.240737E-09  3.012437E-05  5.144457E-10  2.150437E-09  3.376285E-10  6.107584E-04  9.531864E-09  8.473519E-10  6.979762E-10  4.577433E-06  6.224577E-06  4.317175E-09  2.154805E-09  2.816895E-09  2.030679E-09
 3.751500E+02  9.295604E-03  1.194018E-06  2.240621E-11  3.015420E-11  3.373316E-11  4.118424E-11  1.319319E-02  3.816431E-06  1.477665E-09  9.301240E-03  7.866209E-06  8.729912E-09  2.195342E-09  2.968614E-05  4.957443E-10  2.075929E-09  3.280390E-10  6.031990E-04  9.215929E-09  8.266304E-10  6.805938E-10  4.515152E-06  6.139963E-06  4.140189E-09  2.065016E-09  2.700182E-09  1.959425E-09
 3.761500E+02  9.275187E-03  1.182461E-06  2.188491E-11  2.945784E-11  3.295543E-11  4.024151E-11  1.315615E-02  3.761616E-06  1.415182E-09  9.280725E-03  7.762433E-06  8.377111E-09  2.151098E-09  2.925665E-05  4.778242E-10  2.004410E-09  3.187746E-10  5.957706E-04  8.912064E-09  8.065256E-10  6.637364E-10  4.454044E-06  6.056943E-06  3.971348E-09  1.979437E-09  2.588913E-09  1.891044E-09
 3.771500E+02  9.254814E-03  1.171073E-06  2.137855E-11  2.878130E-11  3.219981E-11  3.932545E-11  1.311933E-02  3.707900E-06  1.355676E-09  9.260255E-03  7.660513E-06  8.040279E-09  2.107973E-09  2.883570E-05  4.606488E-10  1.935746E-09  3.098225E-10  5.884704E-04  8.619754E-09  7.870165E-10  6.473859E-10  4.394082E-06  5.975480E-06  3.810242E-09  1.897848E-09  2.482808E-09  1.825407E-09
 3.781500E+02  9.234483E-03  1.159851E-06  2.088662E-11  2.812395E-11  3.146558E-11  3.843517E-11  1.308273E-02  3.655256E-06  1.298990E-09  9.239830E-03  7.560411E-06  7.718623E-09  2.065932E-09  2.842307E-05  4.441835E-10  1.869807E-09  3.011708E-10  5.812959E-04  8.338507E-09  7.680829E-10  6.315249E-10  4.335239E-06  5.895538E-06  3.656479E-09  1.820045E-09  2.381603E-09  1.762391E-09
 3.791500E+02  9.214197E-03  1.148792E-06  2.040866E-11  2.748514E-11  3.075205E-11  3.756984E-11  1.304636E-02  3.603657E-06  1.244976E-09  9.219452E-03  7.462087E-06  7.411391E-09  2.024945E-09  2.801857E-05  4.283955E-10  1.806473E-09  2.928080E-10  5.742443E-04  8.067856E-09  7.497050E-10  6.161364E-10  4.277491E-06  5.817082E-06  3.509692E-09  1.745834E-09  2.285047E-09  1.701879E-09
 3.801500E+02  9.193956E-03  1.137893E-06  1.994420E-11  2.686427E-11  3.005853E-11  3.672865E-11  1.301020E-02  3.553078E-06  1.193496E-09  9.199121E-03  7.365504E-06  7.117874E-09  1.984981E-09  2.762199E-05  4.132537E-10  1.745627E-09  2.847230E-10  5.673132E-04  7.807354E-09  7.318643E-10  6.012042E-10  4.220812E-06  5.740079E-06  3.369532E-09  1.675032E-09  2.192905E-09  1.643760E-09
 3.811500E+02  9.173761E-03  1.127152E-06  1.949281E-11  2.626077E-11  2.938438E-11  3.591081E-11  1.297426E-02  3.503494E-06  1.144418E-09  9.178838E-03  7.270624E-06  6.837398E-09  1.946009E-09  2.723316E-05  3.987283E-10  1.687160E-09  2.769054E-10  5.605000E-04  7.556574E-09  7.145425E-10  5.867129E-10  4.165178E-06  5.664495E-06  3.235669E-09  1.607467E-09  2.104955E-09  1.587928E-09
 3.821500E+02  9.153613E-03  1.116565E-06  1.905405E-11  2.567406E-11  2.872896E-11  3.511558E-11  1.293854E-02  3.454881E-06  1.097617E-09  9.158604E-03  7.177412E-06  6.569327E-09  1.908001E-09  2.685188E-05  3.847914E-10  1.630968E-09  2.693449E-10  5.538023E-04  7.315110E-09  6.977223E-10  5.726474E-10  4.110565E-06  5.590299E-06  3.107792E-09  1.542974E-09  2.020985E-09  1.534281E-09
 3.831500E+02  9.133512E-03  1.106130E-06  1.862752E-11  2.510360E-11  2.809168E-11  3.434222E-11  1.290303E-02  3.407215E-06  1.052978E-09  9.138419E-03  7.085832E-06  6.313057E-09  1.870930E-09  2.647797E-05  3.714162E-10  1.576950E-09  2.620319E-10  5.472177E-04  7.082576E-09  6.813870E-10  5.589934E-10  4.056951E-06  5.517459E-06  2.985605E-09  1.481400E-09  1.940797E-09  1.482726E-09
 3.841500E+02  9.113459E-03  1.095845E-06  1.821282E-11  2.454888E-11  2.747196E-11  3.359005E-11  1.286773E-02  3.360472E-06  1.010390E-09  9.118285E-03  6.995851E-06  6.068018E-09  1.834768E-09  2.611127E-05  3.585773E-10  1.525012E-09  2.549572E-10  5.407439E-04  6.858599E-09  6.655204E-10  5.457369E-10  4.004312E-06  5.445944E-06  2.868829E-09  1.422598E-09  1.864202E-09  1.433169E-09
 3.851500E+02  9.093455E-03  1.085706E-06  1.780958E-11  2.400938E-11  2.686922E-11  3.285838E-11  1.283263E-02  3.314632E-06  9.697483E-10  9.098201E-03  6.907433E-06  5.833667E-09  1.799489E-09  2.575160E-05  3.462507E-10  1.475064E-09  2.481118E-10  5.343786E-04  6.642829E-09  6.501069E-10  5.328646E-10  3.952628E-06  5.375726E-06  2.757200E-09  1.366432E-09  1.791022E-09  1.385525E-09
 3.861500E+02  9.073501E-03  1.075711E-06  1.741742E-11  2.348463E-11  2.628293E-11  3.214657E-11  1.279775E-02  3.269672E-06  9.309548E-10  9.078168E-03  6.820548E-06  5.609492E-09  1.765069E-09  2.539879E-05  3.344134E-10  1.427020E-09  2.414873E-10  5.281197E-04  6.434926E-09  6.351318E-10  5.203637E-10  3.901877E-06  5.306775E-06  2.650468E-09  1.312770E-09  1.721090E-09  1.339711E-09
 3.871500E+02  9.053596E-03  1.065858E-06  1.703599E-11  2.297416E-11  2.571258E-11  3.145399E-11  1.276307E-02  3.225571E-06  8.939165E-10  9.058187E-03  6.735162E-06  5.395005E-09  1.731482E-09  2.505269E-05  3.230437E-10  1.380797E-09  2.350754E-10  5.219649E-04  6.234571E-09  6.205804E-10  5.082219E-10  3.852038E-06  5.239063E-06  2.548396E-09  1.261488E-09  1.654245E-09  1.295647E-09
 3.881500E+02  9.033742E-03  1.056144E-06  1.666495E-11  2.247750E-11  2.515764E-11  3.078003E-11  1.272859E-02  3.182310E-06  8.585453E-10  9.038258E-03  6.651245E-06  5.189747E-09  1.698706E-09  2.471313E-05  3.121208E-10  1.336319E-09  2.288684E-10  5.159122E-04  6.041454E-09  6.064390E-10  4.964271E-10  3.803091E-06  5.172563E-06  2.450759E-09  1.212471E-09  1.590336E-09  1.253259E-09
 3.891500E+02  9.013939E-03  1.046566E-06  1.630397E-11  2.199424E-11  2.461765E-11  3.012412E-11  1.269431E-02  3.139867E-06  8.247584E-10  9.018383E-03  6.568766E-06  4.993280E-09  1.666717E-09  2.437998E-05  3.016251E-10  1.293511E-09  2.228587E-10  5.099594E-04  5.855283E-09  5.926943E-10  4.849681E-10  3.755016E-06  5.107248E-06  2.357344E-09  1.165607E-09  1.529222E-09  1.212476E-09
 3.901500E+02  8.994188E-03  1.037123E-06  1.595274E-11  2.152394E-11  2.409213E-11  2.948569E-11  1.266023E-02  3.098224E-06  7.924769E-10  8.998560E-03  6.487696E-06  4.805188E-09  1.635493E-09  2.405307E-05  2.915377E-10  1.252302E-09  2.170391E-10  5.041047E-04  5.675776E-09  5.793333E-10  4.738336E-10  3.707795E-06  5.043092E-06  2.267950E-09  1.120792E-09  1.470767E-09  1.173229E-09
 3.911500E+02  8.974489E-03  1.027812E-06  1.561094E-11  2.106621E-11  2.358063E-11  2.886419E-11  1.262634E-02  3.057362E-06  7.616267E-10  8.978792E-03  6.408004E-06  4.625079E-09  1.605013E-09  2.373228E-05  2.818408E-10  1.212625E-09  2.114028E-10  4.983459E-04  5.502667E-09  5.663437E-10  4.630132E-10  3.661409E-06  4.980070E-06  2.182385E-09  1.077927E-09  1.414842E-09  1.135454E-09
 3.921500E+02  8.954843E-03  1.018631E-06  1.527829E-11  2.062065E-11  2.308272E-11  2.825911E-11  1.259265E-02  3.017264E-06  7.321374E-10  8.959077E-03  6.329664E-06  4.452579E-09  1.575256E-09  2.341744E-05  2.725175E-10  1.174416E-09  2.059431E-10  4.926812E-04  5.335698E-09  5.537134E-10  4.524965E-10  3.615840E-06  4.918158E-06  2.100469E-09  1.036917E-09  1.361326E-09  1.099088E-09
 3.931500E+02  8.935250E-03  1.009577E-06  1.495449E-11  2.018688E-11  2.259797E-11  2.766994E-11  1.255916E-02  2.977910E-06  7.039425E-10  8.939418E-03  6.252647E-06  4.287333E-09  1.546202E-09  2.310844E-05  2.635516E-10  1.137613E-09  2.006536E-10  4.871088E-04  5.174624E-09  5.414310E-10  4.422738E-10  3.571069E-06  4.857330E-06  2.022029E-09  9.976746E-10  1.310105E-09  1.064072E-09
 3.941500E+02  8.915710E-03  1.000648E-06  1.463928E-11  1.976455E-11  2.212598E-11  2.709619E-11  1.252585E-02  2.939284E-06  6.769789E-10  8.919813E-03  6.176927E-06  4.129004E-09  1.517831E-09  2.280513E-05  2.549277E-10  1.102158E-09  1.955283E-10  4.816266E-04  5.019213E-09  5.294854E-10  4.323354E-10  3.527080E-06  4.797564E-06  1.946902E-09  9.601145E-10  1.261069E-09  1.030350E-09
 3.951500E+02  8.896225E-03  9.918427E-07  1.433239E-11  1.935329E-11  2.166635E-11  2.653738E-11  1.249273E-02  2.901370E-06  6.511870E-10  8.900264E-03  6.102476E-06  3.977274E-09  1.490125E-09  2.250740E-05  2.466311E-10  1.067995E-09  1.905613E-10  4.762331E-04  4.869239E-09  5.178658E-10  4.226722E-10  3.483856E-06  4.738836E-06  1.874933E-09  9.241570E-10  1.214115E-09  9.978687E-10
 3.961500E+02  8.876794E-03  9.831584E-07  1.403355E-11  1.895278E-11  2.121871E-11  2.599307E-11  1.245980E-02  2.864150E-06  6.265104E-10  8.880771E-03  6.029269E-06  3.831839E-09  1.463065E-09  2.221510E-05  2.386479E-10  1.035071E-09  1.857470E-10  4.709264E-04  4.724488E-09  5.065620E-10  4.132755E-10  3.441380E-06  4.681125E-06  1.805975E-09  8.897265E-10  1.169146E-09  9.665762E-10
 3.971500E+02  8.857417E-03  9.745930E-07  1.374254E-11  1.856268E-11  2.078270E-11  2.546282E-11  1.242706E-02  2.827609E-06  6.028955E-10  8.861333E-03  5.957281E-06  3.692411E-09  1.436634E-09  2.192812E-05  2.309647E-10  1.003334E-09  1.810799E-10  4.657048E-04  4.584756E-09  4.955639E-10  4.041367E-10  3.399636E-06  4.624409E-06  1.739890E-09  8.567508E-10  1.126067E-09  9.364238E-10
 3.981500E+02  8.838096E-03  9.661447E-07  1.345909E-11  1.818267E-11  2.035796E-11  2.494619E-11  1.239450E-02  2.791732E-06  5.802916E-10  8.841953E-03  5.886488E-06  3.558714E-09  1.410814E-09  2.164635E-05  2.235688E-10  9.727379E-10  1.765549E-10  4.605667E-04  4.449847E-09  4.848619E-10  3.952475E-10  3.358610E-06  4.568666E-06  1.676544E-09  8.251620E-10  1.084791E-09  9.073648E-10
 3.991500E+02  8.818830E-03  9.578113E-07  1.318300E-11  1.781246E-11  1.994414E-11  2.444279E-11  1.236212E-02  2.756503E-06  5.586507E-10  8.822629E-03  5.816865E-06  3.430490E-09  1.385589E-09  2.136966E-05  2.164482E-10  9.432346E-10  1.721671E-10  4.555103E-04  4.319572E-09  4.744469E-10  3.866001E-10  3.318285E-06  4.513877E-06  1.615812E-09  7.948954E-10  1.045234E-09  8.793545E-10
