#         T/K     Cv/J*K^-1     Cp/J*K^-1
 2.731500E+02  5.549833E+01  5.550258E+01
 2.741500E+02  5.553601E+01  5.554027E+01
 2.751500E+02  5.557331E+01  5.557760E+01
 2.761500E+02  5.561030E+01  5.561462E+01
 2.771500E+02  5.564705E+01  5.565139E+01
 2.781500E+02  5.568361E+01  5.568797E+01
 2.791500E+02  5.572004E+01  5.572441E+01
 2.801500E+02  5.575639E+01  5.576078E+01
 2.811500E+02  5.579273E+01  5.579712E+01
 2.821500E+02  5.582909E+01  5.583348E+01
 2.831500E+02  5.586553E+01  5.586992E+01
 2.841500E+02  5.590208E+01  5.590647E+01
 2.851500E+02  5.593880E+01  5.594318E+01
 2.861500E+02  5.597571E+01  5.598008E+01
 2.871500E+02  5.601285E+01  5.601721E+01
 2.881500E+02  5.605025E+01  5.605459E+01
 2.891500E+02  5.608792E+01  5.609225E+01
 2.901500E+02  5.612591E+01  5.613022E+01
 2.911500E+02  5.616422E+01  5.616851E+01
 2.921500E+02  5.620287E+01  5.620714E+01
 2.931500E+02  5.624187E+01  5.624612E+01
 2.941500E+02  5.628124E+01  5.628547E+01
 2.951500E+02  5.632098E+01  5.632518E+01
 2.961500E+02  5.636111E+01  5.636528E+01
 2.971500E+02  5.640161E+01  5.640576E+01
 2.981500E+02  5.644250E+01  5.644662E+01
 2.991500E+02  5.648377E+01  5.648787E+01
 3.001500E+02  5.652541E+01  5.652949E+01
 3.011500E+02  5.656744E+01  5.657150E+01
 3.021500E+02  5.660984E+01  5.661387E+01
 3.031500E+02  5.665261E+01  5.665662E+01
 3.041500E+02  5.669573E+01  5.669972E+01
 3.051500E+02  5.673921E+01  5.674317E+01
 3.061500E+02  5.678303E+01  5.678697E+01
 3.071500E+02  5.682719E+01  5.683111E+01
 3.081500E+02  5.687166E+01  5.687557E+01
 3.091500E+02  5.691645E+01  5.692034E+01
 3.101500E+02  5.696155E+01  5.696542E+01
 3.111500E+02  5.700693E+01  5.701078E+01
 3.121500E+02  5.705259E+01  5.705643E+01
 3.131500E+02  5.709852E+01  5.710234E+01
 3.141500E+02  5.714470E+01  5.714851E+01
 3.151500E+02  5.719113E+01  5.719492E+01
 3.161500E+02  5.723778E+01  5.724157E+01
 3.171500E+02  5.728465E+01  1.325133E+03
 3.181500E+02  4.580726E+01  1.318344E+03
 3.191500E+02  4.586265E+01  5.523535E+01
 3.201500E+02  4.591821E+01  5.527509E+01
 3.211500E+02  4.597392E+01  5.531523E+01
 3.221500E+02  4.602978E+01  5.535577E+01
 3.231500E+02  4.608578E+01  5.539670E+01
 3.241500E+02  4.614193E+01  5.543800E+01
 3.251500E+02  4.619822E+01  5.547968E+01
 3.261500E+02  4.625463E+01  5.552172E+01
 3.271500E+02  4.631118E+01  5.556412E+01
 3.281500E+02  4.636785E+01  5.560687E+01
 3.291500E+02  4.642464E+01  5.564996E+01
 3.301500E+02  4.648154E+01  5.569339E+01
 3.311500E+02  4.653856E+01  5.573715E+01
 3.321500E+02  4.659569E+01  5.578122E+01
 3.331500E+02  4.665292E+01  5.582561E+01
 3.341500E+02  4.671024E+01  5.587031E+01
 3.351500E+02  4.676767E+01  5.591531E+01
 3.361500E+02  4.682519E+01  5.596060E+01
 3.371500E+02  4.688279E+01  5.600618E+01
 3.381500E+02  4.694049E+01  5.605203E+01
 3.391500E+02  4.699826E+01  5.609817E+01
 3.401500E+02  4.705611E+01  5.614457E+01
 3.411500E+02  4.711404E+01  5.619123E+01
 3.421500E+02  4.717204E+01  5.623814E+01
 3.431500E+02  4.723010E+01  5.628531E+01
 3.441500E+02  4.728824E+01  5.633272E+01
 3.451500E+02  4.734643E+01  5.638036E+01
 3.461500E+02  4.740468E+01  5.642824E+01
 3.471500E+02  4.746299E+01  5.647634E+01
 3.481500E+02  4.752135E+01  5.652465E+01
 3.491500E+02  4.757976E+01  5.657319E+01
 3.501500E+02  4.763822E+01  5.662193E+01
 3.511500E+02  4.769672E+01  5.667087E+01
 3.521500E+02  4.775526E+01  5.672001E+01
 3.531500E+02  4.781384E+01  5.676934E+01
 3.541500E+02  4.787246E+01  5.681886E+01
 3.551500E+02  4.793111E+01  5.686856E+01
 3.561500E+02  4.798979E+01  5.691844E+01
 3.571500E+02  4.804849E+01  5.696849E+01
 3.581500E+02  4.810723E+01  5.701870E+01
 3.591500E+02  4.816598E+01  5.706907E+01
 3.601500E+02  4.822476E+01  5.711961E+01
 3.611500E+02  4.828355E+01  5.717029E+01
 3.621500E+02  4.834236E+01  5.722112E+01
 3.631500E+02  4.840119E+01  5.727210E+01
 3.641500E+02  4.846002E+01  5.732321E+01
 3.651500E+02  4.851886E+01  5.737445E+01
 3.661500E+02  4.857771E+01  5.742583E+01
 3.671500E+02  4.863657E+01  5.747733E+01
 3.681500E+02  4.869543E+01  5.752895E+01
 3.691500E+02  4.875429E+01  5.758069E+01
 3.701500E+02  4.881314E+01  5.763255E+01
 3.711500E+02  4.887200E+01  5.768451E+01
 3.721500E+02  4.893085E+01  5.773658E+01
 3.731500E+02  4.898969E+01  5.778875E+01
 3.741500E+02  4.904852E+01  5.784101E+01
 3.751500E+02  4.910734E+01  5.789337E+01
 3.761500E+02  4.916615E+01  5.794582E+01
 3.771500E+02  4.922494E+01  5.799836E+01
 3.781500E+02  4.928372E+01  5.805098E+01
 3.791500E+02  4.934248E+01  5.810368E+01
 3.801500E+02  4.940122E+01  5.815646E+01
 3.811500E+02  4.945994E+01  5.820931E+01
 3.821500E+02  4.951864E+01  5.826223E+01
 3.831500E+02  4.957731E+01  5.831522E+01
 3.841500E+02  4.963596E+01  5.836827E+01
 3.851500E+02  4.969458E+01  5.842138E+01
 3.861500E+02  4.975317E+01  5.847455E+01
 3.871500E+02  4.981173E+01  5.852778E+01
 3.881500E+02  4.987026E+01  5.858105E+01
 3.891500E+02  4.992876E+01  5.863438E+01
 3.901500E+02  4.998722E+01  5.868775E+01
 3.911500E+02  5.004565E+01  5.874116E+01
 3.921500E+02  5.010404E+01  5.879462E+01
 3.931500E+02  5.016239E+01  5.884811E+01
 3.941500E+02  5.022070E+01  5.890164E+01
 3.951500E+02  5.027897E+01  5.895520E+01
 3.961500E+02  5.033720E+01  5.900879E+01
 3.971500E+02  5.039539E+01  5.906241E+01
 3.981500E+02  5.045353E+01  5.911606E+01
 3.991500E+02  5.051163E+01  5.917192E+01
