#         T/K        V/dm^3  V(excl)/dm^3    alpha/K^-1        status
 2.731500E+02  6.551431E-02  6.308462E-02  5.471095E-04                                 112
 2.741500E+02  6.555015E-02  6.308462E-02  5.506392E-04                                 112
 2.751500E+02  6.558650E-02  6.308462E-02  5.580164E-04                                 112
 2.761500E+02  6.562335E-02  6.308462E-02  5.654475E-04                                 112
 2.771500E+02  6.566071E-02  6.308462E-02  5.729409E-04                                 112
 2.781500E+02  6.569859E-02  6.308462E-02  5.804965E-04                                 112
 2.791500E+02  6.573699E-02  6.308462E-02  5.881132E-04                                 112
 2.801500E+02  6.577591E-02  6.308462E-02  5.957886E-04                                 112
 2.811500E+02  6.581536E-02  6.308462E-02  6.035196E-04                                 112
 2.821500E+02  6.585535E-02  6.308462E-02  6.113022E-04                                 112
 2.831500E+02  6.589588E-02  6.308462E-02  6.191311E-04                                 112
 2.841500E+02  6.593695E-02  6.308462E-02  6.270006E-04                                 112
 2.851500E+02  6.597856E-02  6.308462E-02  6.349039E-04                                 112
 2.861500E+02  6.602073E-02  6.308462E-02  6.428336E-04                                 112
 2.871500E+02  6.606344E-02  6.308462E-02  6.507814E-04                                 112
 2.881500E+02  6.610671E-02  6.308462E-02  6.587385E-04                                 112
 2.891500E+02  6.615054E-02  6.308462E-02  6.666952E-04                                 112
 2.901500E+02  6.619492E-02  6.308462E-02  6.746415E-04                                 112
 2.911500E+02  6.623985E-02  6.308462E-02  6.825667E-04                                 112
 2.921500E+02  6.628534E-02  6.308462E-02  6.904596E-04                                 112
 2.931500E+02  6.633139E-02  6.308462E-02  6.983086E-04                                 112
 2.941500E+02  6.637798E-02  6.308462E-02  7.061016E-04                                 112
 2.951500E+02  6.642513E-02  6.308462E-02  7.138263E-04                                 112
 2.961500E+02  6.647281E-02  6.308462E-02  7.214698E-04                                 112
 2.971500E+02  6.652104E-02  6.308462E-02  7.290194E-04                                 112
 2.981500E+02  6.656981E-02  6.308462E-02  7.364617E-04                                 112
 2.991500E+02  6.661910E-02  6.308462E-02  7.437835E-04                                 112
 3.001500E+02  6.666891E-02  6.308462E-02  7.509713E-04                                 112
 3.011500E+02  6.671923E-02  6.308462E-02  7.580118E-04                                 112
 3.021500E+02  6.677005E-02  6.308462E-02  7.648915E-04                                 112
 3.031500E+02  6.682137E-02  6.308462E-02  7.715970E-04                                 112
 3.041500E+02  6.687317E-02  6.308462E-02  7.781153E-04                                 112
 3.051500E+02  6.692544E-02  6.308462E-02  7.844334E-04                                 112
 3.061500E+02  6.697817E-02  6.308462E-02  7.905385E-04                                 112
 3.071500E+02  6.703134E-02  6.308462E-02  7.964184E-04                                 112
 3.081500E+02  6.708494E-02  6.308462E-02  8.020612E-04                                 112
 3.091500E+02  6.713895E-02  6.308462E-02  8.074554E-04                                 112
 3.101500E+02  6.719336E-02  6.308462E-02  8.125902E-04                                 112
 3.111500E+02  6.724815E-02  6.308462E-02  8.174554E-04                                 112
 3.121500E+02  6.730331E-02  6.308462E-02  8.220413E-04                                 112
 3.131500E+02  6.735881E-02  6.308462E-02  8.263390E-04                                 112
 3.141500E+02  6.741463E-02  6.308462E-02  8.303406E-04                                 112
 3.151500E+02  6.747076E-02  6.308462E-02  8.339877E-04                                 112
 3.161500E+02  6.752717E-02  6.308462E-02  8.373763E-04                                 112
 3.171500E+02  6.758385E-02  6.308462E-02  8.405007E-04                                 112
 3.181500E+02  6.764078E-02  6.308462E-02  8.432547E-04                                 112
 3.191500E+02  6.769793E-02  6.308462E-02  8.456858E-04                                 112
 3.201500E+02  6.775528E-02  6.308462E-02  8.477916E-04                                 112
 3.211500E+02  6.781281E-02  6.308462E-02  8.495709E-04                                 112
 3.221500E+02  6.787050E-02  6.308462E-02  8.510234E-04                                 112
 3.231500E+02  6.792833E-02  6.308462E-02  8.521502E-04                                 112
 3.241500E+02  6.798627E-02  6.308462E-02  8.529531E-04                                 112
 3.251500E+02  6.804431E-02  6.308462E-02  8.534354E-04                                 112
 3.261500E+02  6.810242E-02  6.308462E-02  8.536013E-04                                 112
 3.271500E+02  6.816057E-02  6.308462E-02  8.534561E-04                                 112
 3.281500E+02  6.821876E-02  6.308462E-02  8.530061E-04                                 112
 3.291500E+02  6.827696E-02  6.308462E-02  8.522588E-04                                 112
 3.301500E+02  6.833514E-02  6.308462E-02  8.512226E-04                                 112
 3.311500E+02  6.839329E-02  6.308462E-02  8.499069E-04                                 112
 3.321500E+02  6.845140E-02  6.308462E-02  8.483220E-04                                 112
 3.331500E+02  6.850943E-02  6.308462E-02  8.464790E-04                                 112
 3.341500E+02  6.856738E-02  6.308462E-02  8.443899E-04                                 112
 3.351500E+02  6.862523E-02  6.308462E-02  8.420673E-04                                 112
 3.361500E+02  6.868295E-02  6.308462E-02  8.395247E-04                                 112
 3.371500E+02  6.874055E-02  6.308462E-02  8.367760E-04                                 112
 3.381500E+02  6.879799E-02  6.308462E-02  8.338357E-04                                 112
 3.391500E+02  6.885528E-02  6.308462E-02  8.307186E-04                                 112
 3.401500E+02  6.891239E-02  6.308462E-02  8.274400E-04                                 112
 3.411500E+02  6.896932E-02  6.308462E-02  8.240155E-04                                 112
 3.421500E+02  6.902606E-02  6.308462E-02  8.204606E-04                                 112
 3.431500E+02  6.908259E-02  6.308462E-02  8.167912E-04                                 112
 3.441500E+02  6.913891E-02  6.308462E-02  8.130230E-04                                 112
 3.451500E+02  6.919501E-02  6.308462E-02  8.091716E-04                                 112
 3.461500E+02  6.925089E-02  6.308462E-02  2.032978E+02                                 112
 3.471500E+02  2.822630E+01  6.308462E-02  5.002743E-01                                 111
 3.481500E+02  2.831104E+01  6.308462E-02  2.992380E-03                                 111
 3.491500E+02  2.839574E+01  6.308462E-02  2.982103E-03                                 111
 3.501500E+02  2.848040E+01  6.308462E-02  2.971914E-03                                 111
 3.511500E+02  2.856502E+01  6.308462E-02  2.961811E-03                                 111
 3.521500E+02  2.864961E+01  6.308462E-02  2.951793E-03                                 111
 3.531500E+02  2.873416E+01  6.308462E-02  2.941859E-03                                 111
 3.541500E+02  2.881867E+01  6.308462E-02  2.932007E-03                                 111
 3.551500E+02  2.890315E+01  6.308462E-02  2.922237E-03                                 111
 3.561500E+02  2.898759E+01  6.308462E-02  2.912547E-03                                 111
 3.571500E+02  2.907200E+01  6.308462E-02  2.902936E-03                                 111
 3.581500E+02  2.915638E+01  6.308462E-02  2.893403E-03                                 111
 3.591500E+02  2.924073E+01  6.308462E-02  2.883947E-03                                 111
 3.601500E+02  2.932504E+01  6.308462E-02  2.874567E-03                                 111
 3.611500E+02  2.940932E+01  6.308462E-02  2.865261E-03                                 111
 3.621500E+02  2.949357E+01  6.308462E-02  2.856030E-03                                 111
 3.631500E+02  2.957779E+01  6.308462E-02  2.846870E-03                                 111
 3.641500E+02  2.966198E+01  6.308462E-02  2.837783E-03                                 111
 3.651500E+02  2.974614E+01  6.308462E-02  2.828766E-03                                 111
 3.661500E+02  2.983027E+01  6.308462E-02  2.819819E-03                                 111
 3.671500E+02  2.991437E+01  6.308462E-02  2.810941E-03                                 111
 3.681500E+02  2.999844E+01  6.308462E-02  2.802130E-03                                 111
 3.691500E+02  3.008249E+01  6.308462E-02  2.793387E-03                                 111
 3.701500E+02  3.016651E+01  6.308462E-02  2.784710E-03                                 111
 3.711500E+02  3.025050E+01  6.308462E-02  2.776097E-03                                 111
 3.721500E+02  3.033446E+01  6.308462E-02  2.767549E-03                                 111
 3.731500E+02  3.041840E+01  6.308462E-02  2.759065E-03                                 111
 3.741500E+02  3.050232E+01  6.308462E-02  2.750643E-03                                 111
 3.751500E+02  3.058621E+01  6.308462E-02  2.742283E-03                                 111
 3.761500E+02  3.067007E+01  6.308462E-02  2.733984E-03                                 111
 3.771500E+02  3.075391E+01  6.308462E-02  2.725745E-03                                 111
 3.781500E+02  3.083772E+01  6.308462E-02  2.717565E-03                                 111
 3.791500E+02  3.092152E+01  6.308462E-02  2.709444E-03                                 111
 3.801500E+02  3.100528E+01  6.308462E-02  2.701382E-03                                 111
 3.811500E+02  3.108903E+01  6.308462E-02  2.693376E-03                                 111
 3.821500E+02  3.117275E+01  6.308462E-02  2.685427E-03                                 111
 3.831500E+02  3.125645E+01  6.308462E-02  2.677533E-03                                 111
 3.841500E+02  3.134013E+01  6.308462E-02  2.669695E-03                                 111
 3.851500E+02  3.142379E+01  6.308462E-02  2.661911E-03                                 111
 3.861500E+02  3.150743E+01  6.308462E-02  2.654181E-03                                 111
 3.871500E+02  3.159104E+01  6.308462E-02  2.646504E-03                                 111
 3.881500E+02  3.167464E+01  6.308462E-02  2.638879E-03                                 111
 3.891500E+02  3.175821E+01  6.308462E-02  2.631306E-03                                 111
 3.901500E+02  3.184177E+01  6.308462E-02  2.623785E-03                                 111
 3.911500E+02  3.192531E+01  6.308462E-02  2.616313E-03                                 111
 3.921500E+02  3.200882E+01  6.308462E-02  2.608892E-03                                 111
 3.931500E+02  3.209232E+01  6.308462E-02  2.601520E-03                                 111
 3.941500E+02  3.217580E+01  6.308462E-02  2.594197E-03                                 111
 3.951500E+02  3.225926E+01  6.308462E-02  2.586922E-03                                 111
 3.961500E+02  3.234271E+01  6.308462E-02  2.579695E-03                                 111
 3.971500E+02  3.242613E+01  6.308462E-02  2.572515E-03                                 111
 3.981500E+02  3.250954E+01  6.308462E-02  2.565381E-03                                 111
 3.991500E+02  3.259293E+01  6.308462E-02  2.558553E-03                                 111
