#         T/K          A/kJ          G/kJ
  2.731500000000E+02  -1.336011690835E+00  -1.333871539560E+00
  2.741500000000E+02  -1.418188537653E+00  -1.416048051622E+00
  2.751500000000E+02  -1.500576964669E+00  -1.498436145165E+00
  2.761500000000E+02  -1.583175427850E+00  -1.581034276141E+00
  2.771500000000E+02  -1.665982407618E+00  -1.663840924949E+00
  2.781500000000E+02  -1.748996410666E+00  -1.746854598257E+00
  2.791500000000E+02  -1.832215971694E+00  -1.830073830734E+00
  2.801500000000E+02  -1.915639654800E+00  -1.913497186439E+00
  2.811500000000E+02  -1.999266054564E+00  -1.997123259914E+00
  2.821500000000E+02  -2.083093796902E+00  -2.080950677032E+00
  2.831500000000E+02  -2.167121539667E+00  -2.164978095598E+00
  2.841500000000E+02  -2.251347973031E+00  -2.249204205736E+00
  2.851500000000E+02  -2.335771819715E+00  -2.333627730118E+00
  2.861500000000E+02  -2.420391835013E+00  -2.418247423985E+00
  2.871500000000E+02  -2.505206806702E+00  -2.503062075061E+00
  2.881500000000E+02  -2.590215554819E+00  -2.588070503329E+00
  2.891500000000E+02  -2.675416931320E+00  -2.673271560691E+00
  2.901500000000E+02  -2.760809819701E+00  -2.758664130588E+00
  2.911500000000E+02  -2.846393134474E+00  -2.844247127476E+00
  2.921500000000E+02  -2.932165820638E+00  -2.930019496300E+00
  2.931500000000E+02  -3.018126853091E+00  -3.015980211902E+00
  2.941500000000E+02  -3.104275235974E+00  -3.102128278369E+00
  2.951500000000E+02  -3.190610002064E+00  -3.188462728422E+00
  2.961500000000E+02  -3.277130212054E+00  -3.274982622702E+00
  2.971500000000E+02  -3.363834953892E+00  -3.361687049103E+00
  2.981500000000E+02  -3.450723342097E+00  -3.448575122091E+00
  2.991500000000E+02  -3.537794517030E+00  -3.535645981976E+00
  3.001500000000E+02  -3.625047644290E+00  -3.622898794303E+00
  3.011500000000E+02  -3.712481913962E+00  -3.710332749108E+00
  3.021500000000E+02  -3.800096539997E+00  -3.797947060291E+00
  3.031500000000E+02  -3.887890759572E+00  -3.885740964981E+00
  3.041500000000E+02  -3.975863832367E+00  -3.973713722807E+00
  3.051500000000E+02  -4.064015040147E+00  -4.061864615488E+00
  3.061500000000E+02  -4.152343685976E+00  -4.150192946039E+00
  3.071500000000E+02  -4.240849093741E+00  -4.238698038301E+00
  3.081500000000E+02  -4.329530607678E+00  -4.327379236463E+00
  3.091500000000E+02  -4.418387591381E+00  -4.416235904074E+00
  3.101500000000E+02  -4.507419428206E+00  -4.505267424445E+00
  3.111500000000E+02  -4.596625519895E+00  -4.594473199273E+00
  3.121500000000E+02  -4.686005286540E+00  -4.683852648606E+00
  3.131500000000E+02  -4.775558166067E+00  -4.773405210327E+00
  3.141500000000E+02  -4.865283613843E+00  -4.863130339760E+00
  3.151500000000E+02  -4.955181102111E+00  -4.953027509104E+00
  3.161500000000E+02  -5.045250119942E+00  -5.043096207390E+00
  3.171500000000E+02  -5.135490172549E+00  -5.133335939786E+00
  3.181500000000E+02  -5.225900781098E+00  -5.223746227419E+00
  3.191500000000E+02  -5.316481482364E+00  -5.314326607022E+00
  3.201500000000E+02  -5.407231828447E+00  -5.405076630652E+00
  3.211500000000E+02  -5.498151386357E+00  -5.495995865281E+00
  3.221500000000E+02  -5.589239737998E+00  -5.587083892769E+00
  3.231500000000E+02  -5.680496479661E+00  -5.678340309368E+00
  3.241500000000E+02  -5.771921221908E+00  -5.769764725600E+00
  3.251500000000E+02  -5.863513589325E+00  -5.861356766009E+00
  3.261500000000E+02  -5.955273220346E+00  -5.953116068990E+00
  3.271500000000E+02  -6.047199766876E+00  -6.045042286406E+00
  3.281500000000E+02  -6.139292894466E+00  -6.137135083770E+00
  3.291500000000E+02  -6.231552281794E+00  -6.229394139717E+00
  3.301500000000E+02  -6.323977620668E+00  -6.321819146015E+00
  3.311500000000E+02  -6.416568615855E+00  -6.414409807391E+00
  3.321500000000E+02  -6.509324985044E+00  -6.507165841494E+00
  3.331500000000E+02  -6.602246458216E+00  -6.600086978262E+00
  3.341500000000E+02  -6.695332778520E+00  -6.693172960804E+00
  3.351500000000E+02  -6.788583701208E+00  -6.786423544329E+00
  3.361500000000E+02  -6.881998993987E+00  -6.879838496505E+00
  3.371500000000E+02  -6.975578436863E+00  -6.973417597295E+00
  3.381500000000E+02  -7.069321822056E+00  -7.067160638876E+00
  3.391500000000E+02  -7.163228953966E+00  -7.161067425607E+00
  3.401500000000E+02  -7.257299648930E+00  -7.255137773779E+00
  3.411500000000E+02  -7.351533735526E+00  -7.349371511931E+00
  3.421500000000E+02  -7.445931054179E+00  -7.443768480441E+00
  3.431500000000E+02  -7.540491457284E+00  -7.538328531662E+00
  3.441500000000E+02  -7.635214809148E+00  -7.633051529855E+00
  3.451500000000E+02  -7.730100986308E+00  -7.727937351512E+00
  3.461500000000E+02  -7.825149875803E+00  -7.822985883627E+00
  3.471500000000E+02  -7.920361378493E+00  -7.918197027015E+00
  3.481500000000E+02  -8.015735405855E+00  -8.013570693105E+00
  3.491500000000E+02  -8.111271881450E+00  -8.109106805412E+00
  3.501500000000E+02  -8.206970740704E+00  -8.204805299313E+00
  3.511500000000E+02  -8.302831930892E+00  -8.300666122036E+00
  3.521500000000E+02  -8.398855411652E+00  -8.396689233168E+00
  3.531500000000E+02  -8.495041152581E+00  -8.492874602259E+00
  3.541500000000E+02  -8.591389137956E+00  -8.589222213533E+00
  3.551500000000E+02  -8.687899362281E+00  -8.685732061445E+00
  3.561500000000E+02  -8.784571832360E+00  -8.782404152746E+00
  3.571500000000E+02  -8.881406567034E+00  -8.879238506226E+00
  3.581500000000E+02  -8.978403597193E+00  -8.976235152719E+00
  3.591500000000E+02  -9.075562965817E+00  -9.073394135154E+00
  3.601500000000E+02  -9.172884728168E+00  -9.170715508736E+00
  3.611500000000E+02  -9.270368951157E+00  -9.268199340322E+00
  3.621500000000E+02  -9.368015714731E+00  -9.365845709799E+00
  3.631500000000E+02  -9.465825110661E+00  -9.463654708884E+00
  3.641500000000E+02  -9.563797243189E+00  -9.561626441759E+00
  3.651500000000E+02  -9.661932229008E+00  -9.659761025057E+00
  3.661500000000E+02  -9.760230197322E+00  -9.758058587923E+00
  3.671500000000E+02  -9.858691289923E+00  -9.856519272087E+00
  3.681500000000E+02  -9.957315661342E+00  -9.955143232017E+00
  3.691500000000E+02  -1.005610347856E+01  -1.005393063463E+01
  3.701500000000E+02  -1.015505492180E+01  -1.015288166009E+01
  3.711500000000E+02  -1.025417018394E+01  -1.025199650120E+01
  3.721500000000E+02  -1.350892968738E+01  -1.044912181406E+01
  3.731500000000E+02  -1.372087650055E+01  -1.065250440506E+01
  3.741500000000E+02  -1.393292112665E+01  -1.085598811372E+01
  3.751500000000E+02  -1.414506331460E+01  -1.105957263493E+01
  3.761500000000E+02  -1.435730281514E+01  -1.126325766658E+01
  3.771500000000E+02  -1.456963938082E+01  -1.146704290948E+01
  3.781500000000E+02  -1.478207276595E+01  -1.167092806731E+01
  3.791500000000E+02  -1.499460272661E+01  -1.187491284655E+01
  3.801500000000E+02  -1.520722902062E+01  -1.207899695644E+01
  3.811500000000E+02  -1.541995140751E+01  -1.228318010895E+01
  3.821500000000E+02  -1.563276964852E+01  -1.248746201869E+01
  3.831500000000E+02  -1.584568350657E+01  -1.269184240289E+01
  3.841500000000E+02  -1.605869274624E+01  -1.289632098135E+01
  3.851500000000E+02  -1.627179713377E+01  -1.310089747637E+01
  3.861500000000E+02  -1.648499643700E+01  -1.330557161276E+01
  3.871500000000E+02  -1.669829042539E+01  -1.351034311775E+01
  3.881500000000E+02  -1.691167886997E+01  -1.371521172095E+01
  3.891500000000E+02  -1.712516154335E+01  -1.392017715435E+01
  3.901500000000E+02  -1.733873821969E+01  -1.412523915222E+01
  3.911500000000E+02  -1.755240867865E+01  -1.433039745483E+01
  3.921500000000E+02  -1.776617268925E+01  -1.453565179342E+01
  3.931500000000E+02  -1.798003003437E+01  -1.474100191287E+01
  3.941500000000E+02  -1.819398049417E+01  -1.494644755637E+01
  3.951500000000E+02  -1.840802385025E+01  -1.515198846920E+01
  3.961500000000E+02  -1.862215988566E+01  -1.535762439878E+01
  3.971500000000E+02  -1.883638838487E+01  -1.556335509457E+01
  3.981500000000E+02  -1.905070913374E+01  -1.576918030806E+01
  3.991500000000E+02  -1.926512191961E+01  -1.597509979286E+01
